782 42
693 42
693 652
696 867
694 695
766 630
623 630
812 630
623 459
693 459
458 813
693 678
696 798
458 459
868 42
696 869
870 42
696 871
872 42
693 873
458 630
623 42
766 42
693 759
766 678
696 759
693 874
875 630
876 630
458 42
877 42
693 878
877 879
623 880
693 881
882 883
884 678
778 678
458 678
885 678
884 459
877 886
887 886
887 42
693 785
877 785
623 888
889 630
890 891
890 892
739 893
890 624
877 624
766 624
894 624
664 895
896 895
576 630
884 785
890 42
884 897
884 898
884 42
884 899
877 899
900 630
877 630
877 666
901 678
884 902
903 678
890 899
903 630
890 678
884 630
900 678
904 678
884 607
884 584
905 678
782 785
906 652
693 234
884 874
766 662
707 533
623 533
707 630
766 725
664 725
726 759
693 45
696 42
693 24
693 75
696 678
696 75
907 42
693 660
696 804
696 908
693 909
693 910
693 911
912 678
696 913
576 615
693 914
915 42
916 660
693 917
623 660
877 918
916 919
721 42
693 918
623 920
753 918
916 754
877 678
921 678
753 678
877 754
877 922
923 678
877 924
877 459
925 42
693 926
927 914
693 928
877 929
925 930
931 930
877 932
693 929
771 854
623 854
693 886
931 886
933 678
884 934
935 630
623 678
877 936
931 678
877 908
877 230
931 230
576 937
938 939
890 826
884 940
778 234
778 759
766 234
890 234
778 630
884 922
941 942
925 942
884 943
944 42
884 945
884 806
807 922
884 926
884 946
947 926
948 42
340 42
949 678
884 932
693 932
766 950
951 42
907 678
933 943
948 678
949 932
884 952
890 953
954 953
933 953
884 955
884 956
884 957
958 959
890 959
958 630
925 678
960 42
884 24
576 678
884 961
904 42
576 42
962 920
963 630
884 937
693 584
923 42
884 964
904 937
938 678
