604 516
458 516
367 516
530 516
458 459
330 29
605 606
458 607
540 608
458 93
330 607
609 527
458 610
611 459
612 607
609 613
406 614
369 615
616 607
330 617
406 607
618 619
618 5
330 619
620 607
620 514
621 5
330 622
621 607
601 607
623 607
623 624
625 607
406 2
626 542
330 516
332 627
406 516
458 628
629 630
330 459
458 5
330 598
629 6
474 6
474 630
623 628
330 631
623 632
633 459
458 634
633 482
543 482
332 482
576 598
369 607
330 587
635 598
406 75
406 636
637 602
543 638
637 598
639 640
623 641
340 642
635 642
635 166
639 607
474 607
350 598
643 598
458 644
645 607
637 607
635 607
474 646
647 598
595 607
601 648
649 607
485 650
651 607
458 652
458 653
616 654
655 653
601 656
657 658
659 5
330 660
350 661
657 656
623 662
663 285
406 662
367 624
664 2
350 2
367 660
657 630
623 656
665 666
667 668
667 607
669 670
671 607
367 93
609 234
671 598
330 656
623 598
350 656
367 668
659 660
