616 607
672 653
458 607
673 653
674 653
673 607
673 44
675 676
677 678
679 676
679 624
664 680
673 680
601 680
679 680
679 459
458 678
609 676
609 607
681 682
458 682
675 682
625 682
625 279
675 683
671 683
679 607
684 685
679 686
679 29
679 687
688 678
679 689
625 607
601 607
690 678
679 691
664 638
692 607
692 630
693 691
694 695
696 686
697 42
698 42
693 678
667 607
672 660
623 656
699 607
699 666
667 700
673 2
367 700
330 75
609 701
330 666
367 2
702 2
367 703
702 607
704 607
704 705
706 533
707 708
623 708
709 607
367 5
330 703
710 711
629 607
674 607
710 607
601 624
664 712
679 713
679 75
665 607
673 714
675 714
667 660
659 607
679 715
716 717
679 717
716 678
679 705
704 678
679 615
679 703
702 93
609 703
350 711
716 607
679 718
719 717
330 720
664 615
721 607
722 717
609 717
663 323
679 323
629 323
723 323
350 678
679 724
679 725
726 678
726 725
679 727
728 727
728 678
729 607
679 730
731 732
733 732
733 607
679 734
735 736
679 736
737 736
737 678
679 714
679 678
737 607
721 678
350 615
707 738
739 678
679 740
679 660
659 678
673 741
664 632
679 638
742 607
743 607
601 744
745 689
739 717
679 746
693 747
729 727
748 736
737 749
474 607
750 632
751 752
601 752
753 93
609 754
753 755
753 756
757 755
664 758
693 755
751 759
609 42
693 760
761 717
693 762
763 764
765 759
766 767
765 93
609 767
719 768
769 770
766 770
771 760
765 767
772 770
769 773
693 774
