1260 476
664 601
766 1261
1261 1262
968 1263
890 458
1264 623
890 1265
890 1266
1266 623
1267 576
1058 1268
890 1269
968 476
1270 623
1269 458
1264 458
1264 1269
1266 1261
1266 1269
890 1181
890 1271
1269 623
890 1095
1095 1269
968 1272
890 1273
1264 1201
1264 459
1253 459
1264 1252
890 1252
1253 939
1174 1213
1212 1177
1253 1201
1256 1252
1153 630
968 1252
1253 1252
1253 630
1274 1201
890 1275
890 630
1276 630
890 939
968 630
1277 1267
1058 1267
1277 998
998 623
890 576
968 623
890 1080
1080 968
1199 623
1095 623
890 1247
1278 1252
1267 1252
1267 1279
1278 1201
1256 1280
983 1252
1153 1210
1267 1281
1095 1280
890 1086
1264 630
890 459
890 234
1107 459
1282 942
1107 1283
1282 1283
1282 1207
1206 1207
1197 1207
1284 1201
1256 1285
968 459
1278 1279
968 1279
1253 1279
1278 1280
1095 1252
1253 1097
1095 1286
1253 1287
890 624
664 542
739 1285
766 939
890 1279
890 1280
766 1280
1260 939
968 174
890 1288
340 1072
1289 1072
1290 1072
968 1072
890 1072
1290 630
1271 630
890 1115
1113 1288
968 1288
1270 630
778 630
1270 1288
1256 630
890 1201
1267 1280
1267 1097
1290 939
1264 1115
890 1283
890 1291
890 1159
1165 630
1269 1292
968 1293
890 1294
890 575
1295 575
1296 630
1264 1293
1263 174
1254 1297
1269 630
1087 459
1298 459
1256 459
1264 939
968 1299
1256 1299
1253 1300
890 1238
1107 1301
890 1302
1267 1303
890 1303
1304 1152
1153 939
664 630
890 1305
1095 630
1253 1086
1087 1306
890 1307
1253 1210
1211 1210
1211 630
890 1210
1253 1308
1261 1308
890 1308
1264 1308
1261 630
1267 630
1309 939
890 1310
1215 942
1107 1214
890 1311
1087 630
1156 630
1183 630
1312 630
890 1097
890 1313
1277 174
1260 174
1312 1159
1165 1314
890 1297
1269 1297
890 1315
1256 1316
890 1317
1318 630
1087 1319
1264 1319
890 1319
1298 1319
1256 1319
1277 1252
