766 5
330 5
696 5
766 678
694 695
330 759
458 607
766 775
609 607
696 776
777 775
623 678
696 630
623 607
696 686
693 759
766 759
696 607
696 44
766 234
778 759
779 607
623 42
696 42
693 678
766 42
693 780
693 781
693 652
782 652
696 678
766 783
696 783
696 784
696 759
576 678
693 630
693 29
696 785
786 787
788 787
696 787
788 678
693 686
778 678
458 678
693 789
458 630
623 790
696 790
693 42
693 790
766 686
696 791
623 686
458 42
792 793
794 793
795 24
792 630
796 42
795 42
797 630
623 35
693 35
794 630
794 42
782 785
693 798
792 42
799 42
623 798
696 798
693 785
693 800
801 802
693 802
803 802
801 42
721 804
693 805
693 806
807 808
693 809
810 234
629 234
693 811
812 42
693 813
458 813
814 815
693 816
807 607
807 817
693 818
663 6
474 819
623 730
665 42
693 666
693 820
693 821
524 624
693 712
693 819
623 630
766 630
696 822
696 666
823 824
623 825
696 826
693 827
828 829
693 829
828 42
696 829
693 24
696 159
693 830
831 678
696 832
693 776
696 833
693 834
664 835
693 836
696 837
696 838
797 838
839 838
839 42
693 838
696 840
828 776
696 841
766 835
693 2
696 842
693 837
843 844
693 844
843 678
696 845
696 2
766 846
696 846
693 847
693 848
849 42
693 817
766 850
851 846
852 836
852 678
693 846
853 678
778 42
766 854
766 804
696 804
693 855
722 855
766 826
856 42
696 857
858 678
693 854
696 854
623 854
859 42
858 860
861 806
807 862
623 863
696 863
696 864
696 24
696 234
729 842
865 678
664 725
693 866
696 866
766 93
609 759
