1058 623
890 1321
1321 623
890 1322
1087 1323
1095 1324
778 1325
1098 458
890 1087
1264 458
1253 1087
890 1253
1256 1253
890 458
1087 458
1264 1087
890 1326
890 1327
1253 623
1267 1087
1266 623
890 623
1087 623
1264 623
766 623
1183 623
1098 1256
1087 1256
1256 1268
778 623
1328 1256
1329 1256
1087 1330
1253 458
890 1095
1095 1087
1264 1253
1266 458
1253 968
890 1331
1261 1331
1266 1332
1095 1332
1254 576
1253 1331
890 1333
1260 1331
1215 1334
1113 1334
890 1334
1215 1087
1087 1334
721 1087
890 1268
1253 1268
778 1268
1087 1268
890 576
1256 1331
1087 1331
