278 6377 13078 14753 22158 27979 
888 2922 2923 3349 9648 12296 26582 26667 
58 4823 5318 7221 19733 
334 623 1109 5980 12353 14148 27817 
886 4774 8773 11408 24299 26220 26750 
68 1990 2149 6338 25861 
3076 4385 9173 9487 10644 25817 
2576 6458 11921 14255 
718 4929 4965 5252 9173 16197 
305 306 8024 13986 
1357 8524 13473 13561 23146 
315 10358 19149 21545 
2237 5804 7768 13527 24268 
1440 1662 2040 4582 5071 6720 27112 
6595 9115 10239 23866 24317 26289 
2699 4486 4937 5747 19191 
1490 8009 8987 9467 24292 
4341 4986 7979 11105 24472 
1529 4251 5826 19761 24802 
1838 2433 3395 9115 11958 11972 15126 22110 24317 26289 
968 969 3219 7334 7337 
521 1839 5695 12730 16111 
36 85 3634 5779 24954 
8287 15095 19415 21548 
642 8805 9944 18059 
731 1684 1685 2705 3472 5226 5309 5349 5458 8234 9905 10521 22218 24278 
4119 7993 13388 13658 16798 23812 
2202 5246 5779 8779 
1489 1707 1767 4983 25944 
4483 6594 7241 16127 20317 
9306 9616 18301 20723 21342 25050 
1838 1911 5400 8213 11958 11972 11973 13779 24317 
2270 2298 2302 3884 11553 
875 5224 8009 17478 24292 
1787 1788 3409 4311 6664 12844 19006 
2622 5340 23835 24382 27742 
20 823 2589 2715 6753 10201 17105 
6753 10854 11966 18788 
91 1681 1952 2338 2643 23843 
3114 3331 3637 3964 9129 10986 13988 
756 2184 3197 6531 9162 
10100 10147 13301 24364 
1479 2890 3365 6196 14299 24365 24451 
1218 1838 4536 9921 22324 
911 1363 1754 2637 7325 14789 16456 18172 27789 
173 376 588 5102 9750 10533 24299 
1776 4905 5907 6474 6489 7013 8660 10721 18380 20551 24975 27187 
551 872 1017 1018 1225 16500 
3192 4298 6798 9422 26146 
1705 4037 6471 8093 15476 18376 
349 1648 2796 7130 13035 
17399 17400 23179 23425 24453 26003 
999 4823 5517 11046 11816 19733 
125 525 1777 4105 27433 
6060 7173 8084 10412 12879 
3778 6165 8213 16528 24317 24585 26289 
11210 11940 12937 14012 16140 
85 1425 4297 9877 18166 
9015 14441 16171 17190 26688 
3624 4135 4136 12475 24484 
21 328 734 1017 1480 1803 2246 3175 4412 4990 5459 6147 11760 14107 16500 20163 25515 25944 27692 
4825 5577 9178 10361 14111 14606 27388 
426 1194 1279 7135 13429 21002 
3614 5126 5517 7004 11046 11816 
157 218 2054 8877 9990 20532 
6053 6594 7241 7396 20317 
4609 6102 10751 10854 
1903 4699 6174 10907 24296 24982 
255 994 2041 3571 8301 10065 
4112 4298 4715 6220 6993 11924 12475 13773 15832 17884 23492 24484 25445 27060 
1279 1746 3162 5865 8409 9912 12854 18024 24487 
5622 8500 21836 24410 
1145 1549 1550 1871 4104 
13623 14199 16633 21718 22866 
2132 3873 4861 7013 20551 27600 
1424 1581 1730 4537 21894 24050 
6102 10854 11966 18900 
268 861 981 2963 3888 25402 
4592 9772 14594 17276 
588 649 8758 14472 24299 26220 
1384 1479 3560 4919 13894 15529 
536 2785 4389 4818 4835 18997 
168 406 781 782 1057 2859 3114 4085 7108 7693 7775 8876 13384 16176 18582 21317 21831 24166 24280 24472 25725 25883 26161 
5 1279 4095 6571 26936 
1111 1215 1216 4558 5064 6356 
2882 3490 6215 6659 7268 
4215 6704 9913 11153 12854 14544 20986 
476 3176 12488 20756 24292 
4260 12695 12861 13522 19169 
1206 5237 6861 9903 10857 
1210 1845 1846 2025 5241 14752 26582 
2338 5133 15010 19021 24884 
1172 1173 11500 15681 
1060 3255 7175 7190 13767 
264 265 3314 25062 25188 
420 6528 10368 12587 
2368 2628 4127 4533 
345 755 2146 7577 25007 25620 
5045 7881 8392 11918 12700 
16825 23845 24020 24439 
1194 3200 8409 10128 10754 10757 
2338 4725 4787 5268 7206 9166 
3824 8435 12622 19389 
6856 9126 9221 9901 10801 21729 25043 26911 
1809 3205 3917 8884 
416 1440 1661 1796 2184 3197 
2304 3135 4573 5038 23760 
1 5993 6924 8168 22921 
3084 3786 4615 6178 7086 8053 
2595 2707 6582 13510 13658 23812 
435 1028 1029 5456 8953 15955 
279 853 988 1124 5249 21954 
1582 1691 21806 24379 24462 
1652 1876 1877 3414 4303 6014 24473 
4527 5526 6008 6146 9580 
718 2721 7428 12864 23274 
4 1072 2534 2772 6571 6704 9562 
2456 3193 4971 24484 26146 
2136 4415 13191 15015 
1127 1876 1877 5064 17682 
4085 4431 4696 7853 13707 24280 
5994 8168 16048 22921 23650 25655 
2169 4604 5728 9380 22875 25615 
3414 5526 9216 17682 19634 24473 
566 1405 1669 1672 8353 
1491 2918 12822 19651 26430 
1155 5630 8757 19939 23760 25955 
3611 4072 4986 5003 24472 27933 
1443 2146 8754 18582 25620 25883 
18304 19733 22222 22619 25734 
1054 1490 3355 3490 9906 
345 453 1444 2138 25620 
1652 1876 2952 3414 4303 9216 24473 
2022 2178 2346 2471 4010 8350 
876 1927 2513 3666 3675 8829 9240 9241 9887 9960 10268 12227 20168 21332 25153 
913 1177 1452 1703 2191 24473 
2626 5517 8063 11535 19733 22222 
1501 2233 5526 9173 10444 25817 
395 400 2022 2279 27112 
2881 4033 4777 7930 8135 24496 
6856 6857 9627 9901 24211 
8168 8514 13632 22921 
1256 1463 5194 6026 7579 
376 588 5190 6610 12674 24299 
699 9764 14758 18997 26599 
8191 10805 11024 13688 
819 1495 2077 3443 9377 
832 4472 19448 22499 
959 8084 10412 10436 23923 
368 822 2823 3120 26125 
819 1297 3443 4288 9377 11282 
1751 2427 2945 4430 4432 6315 
1106 3676 8355 10854 11966 
1517 4431 11282 16940 24280 25882 
3641 8227 15959 16519 17425 19271 
7878 8012 9868 11000 22506 
491 869 9057 10163 12296 23006 26582 
3488 3762 4789 7261 10668 
21986 23002 24222 25288 25474 
229 230 4419 6258 
1177 1425 1452 1703 5551 11559 
2332 3331 3637 4615 9283 
919 1177 3522 8884 16212 27563 
279 615 1560 3818 4901 
1313 3004 3786 4048 6178 
1745 1814 7221 8777 9332 
782 1652 1876 4303 17682 24473 
1309 2132 13167 20551 24975 27067 
2282 4043 9770 13619 13982 
649 1048 6290 26220 
869 8770 12296 19055 23527 
819 864 1297 3611 8900 13794 20499 24280 24472 25725 
168 781 864 2754 4487 5728 10747 11105 13630 13794 21317 24472 24674 25725 25883 
925 3319 3513 7661 8498 
478 1372 5841 6718 7199 7279 7642 7738 7910 8108 8384 8464 9996 13050 13687 14147 14570 17997 19933 25179 25999 27117 27143 27452 
2194 6698 8937 9873 
195 782 2619 14297 24472 
20 4265 4710 4795 6501 17105 24292 
1144 5646 11717 18233 24458 
5 3162 4711 6571 8653 
56 453 3380 5025 6063 25620 
11041 13474 13561 15281 20834 21909 25762 
2209 4397 4537 16162 21894 
1534 2383 8058 8777 15827 18112 
432 1316 2432 3184 3185 3685 3686 3761 3762 3763 3809 3865 4027 4143 4789 5777 7370 7412 7461 8231 8971 9710 10708 10929 12176 12528 13111 14305 15717 15720 18892 19352 19992 20006 20192 21103 24858 24862 24897 25135 26288 27043 27130 
3419 6197 11300 15010 19021 
551 1018 1225 1707 3056 4054 5289 5467 25944 
426 6704 7894 13429 14544 17113 24375 
278 439 3846 5658 13078 27979 
10408 23668 24494 24578 
1448 5691 11940 12365 18483 20407 
315 1291 1447 6212 
9567 9901 20341 21729 24211 
328 551 872 1018 1225 10822 14347 
1443 2146 7693 8263 10707 24472 25620 
1101 4956 6594 6927 11441 
3577 4483 5559 6594 10565 
1491 2918 3653 8688 
819 2138 3114 4964 11811 16176 23184 24472 25725 
279 529 988 3647 7330 24610 26792 
537 7428 9864 12880 21481 
2074 3262 14595 14934 15906 
326 5563 13388 13658 13818 
2406 7804 9295 24134 24989 
2235 3723 4275 6263 12522 13244 
919 1177 1425 1809 8884 
138 5687 13718 16457 18711 
6744 9929 11154 16973 24351 
822 4555 7818 8485 24381 
268 4037 7745 8093 22026 23821 
4282 6632 7947 8747 11355 
6136 6611 14389 23902 25550 
922 3833 6445 7173 13447 
1409 1774 10162 13057 
927 1252 2880 5891 
2250 2305 14883 25080 26483 
1490 4428 9003 19434 24292 25856 
793 3577 6594 7241 17713 
811 2187 5497 6338 21434 25881 26412 27563 
50 4349 6949 7854 12854 13334 23623 
969 8406 12899 13329 18711 
2024 4990 7525 13072 20163 
346 416 1440 1662 6642 
2205 2500 3156 6235 11186 25954 
154 166 1062 8823 8830 
747 1677 14108 21157 23623 
2332 3084 4751 8097 9283 16525 
213 1662 1765 4582 6724 23192 
8242 12865 17358 19271 24581 
741 919 1876 4303 10831 24473 
3766 4445 6809 15830 21297 
3084 4751 5438 8097 16525 17763 
11105 18844 21317 23845 
1685 2316 5143 9228 14953 
847 2403 2826 3515 5915 
13384 17738 22975 24674 25883 
218 872 3148 13530 13711 25440 
2929 4985 12214 20756 25308 
1799 1800 1937 19980 20169 
5468 9941 10646 11309 17664 24611 
1361 6584 6585 13360 17829 
2778 4527 9580 19707 
237 238 3078 6115 10828 
2279 2338 6977 17092 26135 
7775 17738 24127 24674 25883 
132 4119 7993 16798 19707 23812 27023 
1652 1876 6625 7217 17682 
734 963 1940 2141 3743 
1075 1793 6041 18386 23978 
3995 7172 17738 18396 24674 
1338 4147 6076 10539 20733 
991 992 1502 3122 4152 
300 4823 6170 9383 24611 
876 1078 4912 15713 15739 23320 
5276 13474 15000 15281 25762 
417 1208 1209 1875 2199 
3578 5248 20964 21122 24649 
1056 8632 10678 14111 25881 27563 
80 1541 2724 6808 8992 
1011 1479 3365 3560 7947 24451 
1523 1529 7008 7716 9240 21277 25153 25952 
1087 1678 3135 5788 26312 26372 
246 5579 7934 18697 23418 
1529 6491 6504 9694 22658 
812 5388 6178 8635 10050 
1036 1714 5620 6290 17923 24687 
698 2472 4364 4835 14758 18997 
2603 4000 4188 6068 7840 
96 4244 5884 6784 24899 
2205 8983 9380 24255 26597 27550 
1632 3597 5273 10919 13658 
6348 9537 10636 17814 23507 
294 6261 9174 14623 20186 
3982 5087 5842 5961 20970 
1891 3234 5246 5251 8779 
4823 5318 6170 26735 
875 1817 4648 5224 11185 17478 
14 1658 3690 3914 12990 22417 
2506 2655 2684 10457 19058 
844 2139 8189 9790 
1407 1586 3322 5573 12674 24710 
3003 8080 9173 9580 10644 19246 26504 
6744 19302 23541 23782 24351 
486 2552 2576 8388 22083 
439 3647 6945 15999 26792 
1930 4853 7789 10143 22500 
85 3061 5090 5532 7042 7749 
292 1367 3647 6945 21231 
2087 3275 7805 10332 16903 
715 1041 5042 5954 12674 24710 
3560 6632 7947 8747 18733 
734 2141 3743 12603 20386 
869 1309 1920 7513 10037 12296 
2373 6313 7189 18687 22666 
439 3436 3647 24610 26420 
1177 1452 1703 1938 7217 24473 
1604 2762 8409 10128 10754 
2079 2463 2478 13011 16790 20962 
2910 2911 8233 22633 25104 
3898 13332 18140 23002 25001 
76 701 3808 10413 18393 23418 
3719 4964 6307 10298 25725 
120 1290 1624 7467 11447 23406 24776 
1067 1145 6948 10785 
1761 3864 3957 5801 18787 
1923 1932 10413 12582 14370 24745 
865 882 9051 11068 27287 
1648 2125 5497 6338 27184 
13874 15258 15677 17499 24606 
1617 1618 4853 10143 
1190 1655 8020 15229 19460 
1407 1408 1586 3295 12674 24710 
873 1390 6088 12252 22512 26954 
400 1366 1440 2040 
644 1648 4342 7928 8935 21999 
813 3714 8325 9257 
1628 2966 2987 8771 
4685 4897 8665 20108 27449 
570 2053 3671 14881 15042 25158 
2071 7804 8406 13329 24134 
120 1625 3107 3649 24776 
680 3860 19153 21807 24686 
923 1326 2006 2840 17923 24687 
771 5712 6470 19869 25817 
4316 11924 20563 24419 25445 
1606 2586 6714 23442 
1920 6347 9308 12296 15455 16259 20353 20387 26667 27013 
101 547 2904 6046 8063 13237 24050 
1364 2036 5191 10292 13715 23292 27853 
2203 4964 18582 24127 25883 
1079 1567 3245 4394 4913 8353 9240 9382 10224 10268 10274 11914 15839 21332 25153 27805 
3001 3980 4252 7173 10412 
2730 4644 4874 11113 19389 
476 1111 3026 7194 14451 
3728 6248 9178 10361 12067 14111 
8340 9813 17352 22238 25172 
1807 3742 10551 10854 17105 18788 
5167 8644 9070 15539 24643 
1662 1681 3145 5071 11249 
4314 8242 16048 19271 26797 
1176 1671 3604 3808 6978 23418 
812 3146 4615 6178 11803 15306 
2737 5517 7004 7087 17987 21398 
1409 2993 6105 10349 
2929 3490 4985 25308 27795 
1854 2178 2184 2394 2471 3197 
1297 4431 11105 21831 24280 
2386 10401 19577 25605 25850 27159 
5316 5625 8168 9751 11321 22252 
2791 7105 8418 24923 25148 25906 
400 1765 4582 6724 27112 
153 154 245 4053 9890 15809 
14422 16878 22499 22552 27813 
1313 2633 3084 4615 4751 5438 7086 
1176 3561 3604 3808 5445 23418 
56 346 1466 1699 3380 21059 
161 211 2244 2305 4206 4591 6361 6551 7600 7650 12541 14182 15586 19578 19896 23968 25308 
12728 12857 12946 17744 23367 25662 26489 
574 1479 2018 18163 19861 26925 26968 
4500 5185 5840 7459 9833 
4663 7773 7856 20571 23868 
1203 2431 4483 5803 21429 
6022 6115 7047 7425 22271 
100 2502 13078 22158 27979 
628 12220 12355 24837 24839 25851 
138 2127 6042 9237 12855 
1324 10147 15840 24364 25212 
3453 9616 20701 25050 
812 2516 3740 6178 11803 
1384 4789 14107 15529 16500 
3453 14318 18175 23681 26464 
2890 8241 8473 9940 
476 1094 4594 5388 20733 
876 1078 2057 3362 15498 16524 20892 25153 
642 731 5144 9944 24278 
76 1176 1671 1923 10413 24745 
2979 6304 9218 14224 24304 24941 
9297 14393 21430 25493 
65 588 924 15881 17810 24299 24687 
516 1633 2875 10722 14235 16071 
7425 7666 10666 13170 
216 418 5044 12457 14721 22153 
3118 4663 7856 15816 23253 
278 439 2807 9491 13078 13800 
376 1900 9741 10199 14235 15529 20453 23814 
1390 6088 6552 8929 12252 22512 
6857 16630 22050 24211 27246 
9284 11059 18294 24887 
4649 6854 6953 24618 24900 
2506 2655 2656 3810 9735 
2591 6208 24892 24907 27065 
3224 3225 4665 5175 11485 
2748 4696 5025 6963 23231 
1220 1560 2548 6650 15177 
959 6451 8438 15100 23047 
6885 10448 21162 24921 
11710 12327 20266 24167 24922 
713 4186 6212 7831 9491 11056 
1702 3482 3834 26250 27226 
603 947 9332 13078 16302 22158 
6736 7905 11584 12493 23838 
638 1453 2223 7220 8506 8760 9176 
446 4193 4300 7060 8312 9692 11130 24057 
3676 4710 10751 10854 
33 35 421 9366 25477 
4386 9886 11192 12111 19628 
1521 7450 10155 13283 26257 
1337 12523 12839 18987 
1031 1337 3769 7716 12553 12839 
5235 6234 7682 8518 10428 26244 
166 1830 12628 13790 15191 
1253 1872 4304 5289 8247 8543 
432 3763 9692 10346 14948 22592 
114 595 596 782 1950 3704 4599 8155 9986 10604 15151 15515 16688 16742 19033 19167 19762 22700 24736 
1534 5289 8058 10769 11029 
2713 4394 9241 18251 21332 23838 
4241 4560 6106 16022 24981 
942 6053 20317 24649 
607 1977 7022 23130 24645 
4716 4756 5130 24038 24985 26600 
157 202 279 551 3845 9332 26578 
8903 11160 22541 22917 
349 551 1018 1225 1429 15211 
16953 19972 20855 23002 25001 
4743 8752 10267 12039 26662 
10148 10155 12293 13283 20776 
1275 3890 11132 23364 25464 
603 740 741 811 4062 14681 26412 27563 
1101 6041 6594 6893 8980 
4430 5028 16257 21734 25928 
3442 3729 15418 24631 
1054 3355 3427 3679 13496 27795 
516 1634 5578 10020 10716 14235 16390 
12312 12777 16673 17278 25135 
5516 9821 16750 24520 
11160 12806 22776 24748 
55 2844 11300 19021 24884 
11062 14071 20522 23022 27071 
8227 8228 12101 16770 19271 20829 
7608 22037 22516 24662 24974 
864 2898 24127 24166 25883 
4099 10295 11029 11759 16441 
1154 5881 6670 9364 10270 21024 
278 947 6169 9332 13078 16302 22311 
2802 3033 7013 10174 11084 23100 24804 24975 
909 2146 4085 8778 19291 25620 
1398 4789 5289 8129 10630 11029 
165 1005 1006 1062 25861 
1443 2146 4696 18582 24280 25620 
321 1952 2338 2643 4433 23843 
4798 8204 15951 25064 27387 
3039 7490 12959 19452 20771 
6829 10496 18380 22223 23100 23846 24975 
13384 18582 21141 24127 
4265 10551 11919 14984 17105 
2184 9527 10168 13687 25525 
2250 2305 3129 13328 25080 
1550 3147 4104 4834 10193 
4909 13402 14422 18279 24662 27428 
842 853 1439 2783 4157 5525 25719 
959 2883 6449 10436 23047 
326 4818 4835 7623 13388 18997 
346 1205 2918 4644 11884 26307 
1489 5054 6547 14107 25944 
1128 1816 3260 3377 
2095 2178 2184 9120 12500 
2081 2899 10943 25060 25061 25184 
873 874 1386 5313 13074 16266 22512 
65 588 3063 6026 17937 24299 24687 
168 864 3024 5554 8900 21700 
1128 1816 1817 4146 6215 15301 
3377 8225 12174 16922 24292 
426 5865 11202 13429 19048 
2963 4255 5598 25402 
9241 9727 13482 23838 25153 
345 453 3183 3282 8189 
257 5993 6159 9563 
156 12493 13482 23838 25153 
12216 16891 17183 23978 25012 
959 6060 7173 8438 23047 
3657 4508 25548 27371 
1421 6043 9518 19171 25050 
335 7363 14795 25132 
6567 8365 22371 24662 24974 
31 1502 2654 3819 6890 
5044 6595 10693 22153 24317 
6574 12700 14641 17128 22741 
453 3380 7616 8017 13711 20225 
50 4349 7854 12854 20585 21157 22391 
161 7322 10458 17657 19578 23968 25308 26483 
1140 1274 1275 2518 4883 
850 14758 15844 16629 26965 
420 848 1874 6528 25929 
349 551 1018 1225 2191 3917 
4120 4307 9062 14061 15222 
2047 5646 9190 12462 25152 
156 1614 1927 7181 21640 25153 
4897 5907 16922 27187 
514 1903 2373 7189 10907 13435 24982 
300 10395 11816 12098 16417 17142 24611 
1238 2713 3120 3749 18251 21332 
3651 3709 16666 21180 25931 
346 424 5179 7616 13785 
823 1629 4885 10983 11218 
195 453 782 864 1938 21373 22810 
2122 6103 8640 9468 17478 
6973 11016 14047 14589 25155 
24345 24346 24553 25174 
4354 8835 15869 24009 25070 
247 3892 4206 14575 21024 23968 
1607 13243 25158 25777 
1189 1190 1632 1655 5947 14011 17676 
203 1927 6068 11207 21640 25153 
3084 3147 4429 4834 10193 
620 1446 3026 4920 21640 25153 
1035 22002 22162 23007 23021 23366 
336 971 12240 16837 17298 24631 
432 2559 3153 7242 9692 22592 
287 426 13429 16969 19048 
6523 10745 23721 25062 25188 
4006 7447 13556 21223 22324 
90 1532 2536 2952 4590 
566 1699 4195 6134 13459 
31 32 544 988 7624 8909 
10903 16922 18380 27187 
574 2462 2475 5146 8320 9690 
145 1944 4176 4374 17092 
909 1313 4615 6178 15306 
24 655 1947 7025 26529 
387 6320 8640 12618 17478 
105 255 575 597 3571 16807 
1118 2305 5038 6912 13328 23760 
3925 11966 18788 18900 
6040 6795 8625 15761 19006 
3873 5021 6936 23100 23846 24975 
1017 6355 9131 9132 14107 24870 
296 297 906 3204 3949 
278 913 947 5532 13078 25861 
196 1439 2188 11432 26088 
3850 8537 8804 12150 13919 17926 24975 27186 
700 1337 1654 5345 18987 
2106 2545 5487 15415 15841 25219 
1351 8392 11630 12700 25548 
1964 21285 23020 24212 25427 
2103 5385 6547 6661 21563 
1785 4075 5438 7505 8325 
692 2266 2267 2810 6204 9044 12165 
981 3888 4173 5207 
1275 9712 11132 15010 25464 
654 2223 2249 2381 7854 
1804 3671 3672 26667 
1370 1736 11718 17670 
545 2300 5491 7019 10653 
278 644 2187 5532 7067 13078 21999 
268 861 981 2686 5154 7243 
119 2480 5798 11054 12578 19149 
2940 4302 6596 24034 
4159 4996 5028 8763 11558 
2481 3046 4400 4401 6953 8594 22058 26142 26637 27490 27759 
2169 2205 6103 12214 17627 25615 
20 4265 6753 7649 10586 17105 
679 3778 8128 9383 18673 22153 24317 26289 
2904 4397 6046 9048 21894 24050 
3096 3577 4485 6594 
607 847 3319 5828 7661 23130 
496 7703 12880 21481 22921 24275 
4241 5057 7719 18125 
451 592 2611 11029 11759 
294 11940 14012 14623 20186 
5004 5020 7144 11727 22007 
1592 4477 5080 8813 10566 24755 
76 1923 5643 10413 24745 27064 
325 6639 7258 17478 
11261 13668 13762 14126 14717 15298 
616 1222 6144 8741 11771 20456 26792 
847 959 3753 4836 10436 23047 
544 1344 6911 20392 24610 
3686 3805 7243 7656 19352 
1174 8312 9692 12777 16946 25135 
132 4119 4539 13510 16798 25285 
647 852 8312 9692 19352 
25 4285 11596 23435 25158 
3138 7098 11009 13274 20089 24981 
1208 7368 18791 25248 
444 1337 7705 7716 26020 
1632 2595 2707 5273 23812 
4095 6571 6704 10757 24375 
493 494 575 1513 4160 4161 
9297 19467 21430 25013 25268 
129 2647 3119 12541 25308 
2145 4665 7139 11485 21984 
1190 1346 2785 18997 19460 
1218 1911 9924 11973 21311 
2833 4892 6019 20756 25308 
300 11331 13810 16417 24611 
318 400 3588 5455 9166 10345 
318 10345 10353 14111 25642 
1891 3234 4148 6457 9505 
815 8789 10167 10383 23283 
418 8452 13852 24365 
986 4226 7686 8567 11527 
1337 1678 1700 8584 15690 26372 
96 2767 2768 13658 
559 11127 12861 15153 25615 
2297 2723 5449 17638 22815 
4174 4548 12989 14585 25341 
869 2922 9308 12296 25343 26732 
647 4300 7415 8312 18790 
2754 2859 4695 15780 24674 
572 1522 1809 3522 6758 
694 2197 17186 20549 21845 
2408 3177 4873 5890 15491 24946 
12169 25352 25353 26857 
3625 7551 9747 10104 13403 14997 25200 
810 1513 1652 1876 10820 10831 
1116 2147 2148 13510 18997 
264 1503 7507 10454 11833 
342 2595 5398 6582 14271 23812 26599 
4467 10113 11306 11905 14446 19093 22413 
2282 4043 9883 18616 19241 24887 
15584 16882 20380 22044 25350 
24 655 8336 10192 26529 
545 692 7019 7262 7935 10653 
346 2317 4644 5890 11322 12756 
12 3029 8408 12465 19229 
1169 2235 7666 10666 13329 
21 114 3175 5685 6416 
1632 2595 5947 13510 14011 18997 
893 4893 5255 6870 
3548 5648 7554 17298 26827 
172 6006 9925 13605 24884 25934 
13580 21624 22107 22884 25416 
327 1253 1439 4304 7520 8247 
138 968 2235 7334 
669 5630 13796 16895 25955 26250 
446 3685 4300 7060 8231 
3873 8804 10721 15073 24975 
432 2559 3751 6503 25394 
3127 14912 15626 19982 20307 
4392 4539 13510 13658 17631 
850 1115 13510 16629 26965 
516 1021 1511 10716 12644 14235 
822 2650 11814 15304 25477 
3778 4313 9921 10596 24585 26289 
346 1466 2901 3378 5885 8390 
3719 8263 9135 24472 25725 
3084 4128 4751 6190 7742 8546 
607 2657 3001 7661 14056 
551 1018 1153 1225 4073 6601 10740 
8409 8653 10128 10754 26936 
2204 3177 4591 15491 25308 
58 3491 3844 4823 5493 7087 
1115 2214 14758 23812 
5832 9580 10644 12624 14509 
1621 1622 4056 8088 8696 22288 
1864 12519 13537 22139 25569 25589 
5044 5580 6595 10596 22153 24585 
2019 21392 23086 23487 
7357 7358 14047 14588 25155 
20 4265 6753 10854 17105 18046 
2302 2593 4443 5192 8287 11300 24884 
8902 9580 9626 19520 27039 
1115 2214 5303 13510 18997 
6015 6681 7887 17478 
2652 6813 7887 17078 
928 1871 4681 6867 9283 
1354 5990 9221 24211 26911 
385 1233 4598 22142 
2298 2302 2593 4787 7206 13742 
20 4265 5178 5736 15428 17105 
734 2622 8590 26843 27742 
1003 2601 19653 25478 
3020 3847 5135 6343 25625 
3162 3200 4095 4711 6571 6704 8408 11153 
2595 4835 8020 18997 26599 
876 1614 2833 6024 20892 25153 25952 
5156 5244 5248 11265 21249 
4945 6551 7322 21024 25308 
1449 2835 17884 26146 27060 
700 1337 1654 2346 26372 
8590 10148 13522 15827 26257 
274 2197 2828 3519 21845 
19468 20841 21430 25493 25775 
639 1248 8709 9948 25422 
1364 7815 8204 10292 13715 25478 
144 1440 2653 4374 16067 
3101 4737 7551 11114 
52 1337 13169 18032 18987 26372 
1776 4460 11602 16695 27335 
4553 4946 6089 22098 
3961 3962 14147 21078 25179 25508 
77 1203 2300 22045 23631 
1831 7689 14801 16903 21853 
308 1259 3331 9283 10910 12499 15195 
300 547 8063 16417 24611 27073 
873 4831 4832 11440 22512 
699 1115 6157 14758 
432 7060 7263 9692 10346 22592 
75 101 529 6344 9332 
2764 2919 3841 16343 25683 
2921 10318 19048 21157 25524 
11354 13908 15109 16299 26127 
190 4063 5716 8965 12490 
2517 3629 4920 13118 25477 
970 2071 3305 6892 7804 10415 13329 
6234 6997 12965 13298 
20 253 1213 1214 4265 17105 
736 1286 5057 7098 13274 20522 
4931 8560 14006 14389 20556 25550 25958 
2273 5107 15167 15803 24178 25306 
5139 6562 11204 15385 25025 
12205 19835 25106 26527 
274 694 2478 3519 21845 22690 
268 4037 8093 11429 17306 18376 
19972 20109 23002 24222 24341 
2328 4052 17063 17235 
76 241 242 1923 10413 10665 24745 
8012 11000 15241 18449 
300 5341 6170 17664 24611 
3603 3642 3938 11822 17192 24317 
3680 11093 11472 11621 
151 152 3084 4751 5438 18435 
4418 6159 6925 21481 24238 
15010 17423 19021 25464 
441 10109 16022 20522 23022 
4289 12118 15211 16491 24332 
2332 3004 4681 9283 
2122 6320 11172 14542 17478 
1761 5057 5640 11239 23835 
1430 1431 3285 11980 18593 
1982 2747 3742 9610 19896 25308 
7854 10372 14640 19225 21157 23623 25524 25804 
6050 9805 18954 24319 25550 
3155 5638 6014 6205 9348 14859 
438 1157 3092 7308 11862 15502 
2373 3404 7189 21840 25324 
2785 4831 8662 13231 19460 
424 862 918 10475 24739 25083 27663 
5559 9480 16127 17713 
4043 11135 18616 24064 24887 
419 987 2202 2265 7457 9790 
952 3887 7650 8765 25308 
3582 13243 23593 25158 
1971 5289 5780 8129 8687 
368 2882 3177 7068 26125 
573 3778 4313 10239 24585 26289 
2426 2648 3817 4106 4107 7566 
2146 5642 7693 9473 18582 25620 
559 1042 14297 25615 25954 
892 936 7095 7111 9915 10217 
1614 1898 3675 4912 23320 25153 
3788 4555 6708 7818 8969 18748 
6347 11421 15909 26667 27465 
8936 16317 23887 27806 
4798 4903 15875 16063 25478 27387 
9170 9580 10288 20989 24046 25529 27039 
452 2146 9473 13707 18582 25620 
1490 1629 2086 4428 15491 15751 
1027 1061 1220 1424 1581 1730 22257 
1658 10562 12990 22045 27251 
8168 9302 21891 24274 25655 
1641 2146 4085 7673 25620 
1308 3899 4036 5720 7338 11761 
318 7296 10366 14111 18428 25642 
367 7897 18062 19555 23454 
1115 9705 13510 14911 
5289 6185 7462 11685 13300 27493 
3076 3299 10288 20989 25529 
2232 7296 10406 18428 25642 
1798 2781 5221 8803 9404 
2559 9537 14998 23507 
3850 5662 8537 11203 24975 
2426 2648 2919 3817 25683 
4057 21896 22464 25548 27371 
2461 7211 25548 27371 
1776 2004 3851 13167 24975 
7962 10006 14304 14739 24548 25695 
278 1568 6394 7980 10858 13078 
58 1012 5318 10476 16043 16417 20750 
6857 9221 9564 24211 
3251 4509 9573 24338 25411 
1183 6045 7773 7792 10569 
288 944 954 13425 13941 
138 2523 15396 18711 22462 
3959 3960 10993 15237 
1359 5559 9480 19599 21341 
580 2833 6019 7626 25308 
76 241 242 494 2266 10413 
1107 3954 6522 11431 
2788 5251 5779 8779 13401 
24660 25125 25312 25724 
171 6335 14038 14734 22288 
4006 9921 10596 22324 
7111 14900 15245 24965 25918 
15630 21537 22542 24369 25696 
2031 2639 5221 8739 8803 
440 1479 1761 5057 13894 19861 
8561 22834 25548 27371 
559 6900 12213 12214 25954 26629 
552 626 5517 11931 21398 
7548 14392 22044 23020 23909 25350 
1556 4425 4847 8151 23381 
564 4527 8327 9580 25488 27667 
4273 7242 8312 18790 
2290 2291 15720 24897 25576 
213 1662 1952 2643 8309 23192 
2993 3859 7843 7844 17374 
2041 2475 2476 6876 10065 12115 
154 166 245 1830 4612 
15 1817 1961 3301 6215 
4316 9027 23462 24419 24999 
810 3003 9173 10831 22078 
821 1254 4310 6612 16293 
6265 10337 10579 13826 25478 
5511 6113 9681 22416 
3287 6014 6861 8344 9903 10857 
143 1102 3829 6890 11022 
2177 2559 2563 14406 16679 
15164 16599 24892 24907 
2205 12214 24255 24420 
1489 1707 7520 14107 24870 25515 
7269 8518 9496 12191 23027 25342 
551 1018 1225 2525 4054 4304 13155 22962 25944 
560 5377 13618 18163 19149 
1704 2505 6103 17478 21088 27000 
385 2905 5966 7460 26792 
10640 10930 15748 19153 20485 24686 
1200 1701 7703 12880 21481 
864 894 3114 7057 10298 25725 
1012 5062 16417 24611 
5465 5538 8080 9173 20616 25817 26504 
70 440 5798 10151 19149 
216 3677 11285 12457 15529 
20 4265 5972 7946 17105 20756 21024 
1998 3560 10206 11539 18018 24739 27663 
268 1791 4251 4943 6103 6471 8093 
4508 7407 10620 21896 27371 
655 13112 18893 25837 
10318 18555 19048 21157 25849 
801 2386 19123 25605 25850 27159 27179 
361 1242 5674 10267 24742 26662 
735 2052 2525 4304 25515 25944 
6822 22741 25548 27371 
20 4265 5972 11305 17015 17105 21024 
32 1815 1838 4155 8172 22324 24317 
959 3980 7173 10436 11837 23923 
1307 2749 5524 9580 9626 25817 
819 2898 7979 10298 11105 25725 
2305 7737 12541 13327 13328 
308 608 1259 7061 7136 
2049 5289 6355 23555 25944 
551 1018 1225 4054 9342 11029 25944 
172 1161 1497 2799 19434 
466 4228 6890 8858 9116 15177 
195 782 3380 4341 24472 
279 854 3413 3581 6988 8587 11979 12811 13343 25875 25969 26792 
1145 3674 4104 8505 25157 
846 1901 2692 4398 22462 
842 853 5459 6085 6762 25861 
300 4138 9332 10395 15827 17841 24611 
3683 8541 13298 22548 
300 5658 15827 17664 17841 24611 
2831 3839 8537 11983 24975 
2148 4232 8612 9479 18997 
5153 9864 12880 20113 21481 
3873 4861 10903 18380 20551 
1439 3418 8588 11560 25560 
1875 6089 14672 22098 25885 
292 5062 17664 21231 24611 
147 947 3571 9941 13078 13800 
417 996 1185 8097 11761 
207 551 1018 1225 4304 14810 
427 597 1440 2136 16807 22126 
382 1106 1629 3353 3422 12584 
3101 7551 9124 9747 14768 
5059 5950 15983 23460 25922 
823 1629 2589 2833 3742 25308 
1084 2146 7577 7673 25620 
20 2651 4265 17105 18893 20756 
1184 4293 18169 24484 
6583 23435 25158 25777 
3414 3864 5801 7225 24473 
855 2040 2241 8309 27112 
255 551 821 1018 3571 4137 10065 
348 1695 3280 4362 17104 25929 
65 588 8698 24299 24687 26220 
320 10021 12157 13062 22972 
224 4611 15010 24884 25934 
300 3861 9688 13283 15315 23370 24611 
1351 4247 11029 16242 16690 25548 
336 2208 2339 11952 12871 24631 26827 27028 
346 349 1466 1569 4062 13695 
864 3797 6900 8983 9380 
2381 2382 3831 15244 18063 
2221 3717 4517 7621 14403 15670 23715 
10437 15882 21650 25957 25958 
442 552 26603 27021 
1489 1707 8058 11029 25944 
110 2018 12578 18163 19149 
1901 2235 3757 4275 6263 22505 
152 1785 3386 4075 5438 
203 405 1078 3517 4280 4913 21332 
3901 7936 8680 13861 19048 25804 
2313 4260 12246 18881 19169 
63 171 3583 11927 25934 
5815 10205 10533 14438 18615 19125 23531 
6823 8784 10791 12674 14235 25631 
4012 6019 14407 15586 18748 
69 1027 1834 3772 5459 25861 
1220 1560 2479 2548 9977 10377 
2382 6357 18063 23852 25554 
10778 11428 11777 17418 18386 18653 
1381 5724 7704 23254 24296 
4713 7569 7640 14532 25782 
52 444 700 1337 1654 26020 
960 2061 11967 21793 22630 
396 1677 7854 18239 23416 25804 
456 1424 1581 7098 25561 25861 
154 4359 4360 7890 16490 
7010 11797 12948 22183 25735 
1891 2202 3234 5246 13165 
1882 4005 5841 8384 26018 
2279 2288 2315 4681 7184 
1871 1875 2288 2332 4681 
7 391 1406 2421 9592 12530 
20 160 4265 17105 18786 21947 
3638 9991 15741 15747 
349 644 1648 6338 21999 
157 529 3938 9332 24611 27438 
5424 6015 7581 7887 
1598 19861 25792 26163 26765 
2446 4998 5007 5150 
2595 2707 3157 3393 12463 15772 
425 999 3834 6794 7714 25955 
1364 4798 10292 17880 25478 
524 779 793 870 25166 
420 3065 3280 14678 15872 25477 
1111 1491 2917 3653 8510 
172 2799 19174 19434 19646 
791 8437 9830 11388 26149 
1911 2846 4034 4035 4927 
3405 3532 10177 14635 25881 
618 4452 4453 20893 22398 
139 2235 3779 4398 13296 22462 
154 204 1830 7890 8823 8830 
516 1633 2875 3966 13365 14235 
713 1091 4031 7131 12678 26173 
2208 2339 3729 7331 12871 24631 26827 
3081 3625 10104 14997 15216 25200 
2184 4443 6197 6531 11300 
1022 5867 18573 22794 26116 26201 
1021 2908 3546 4951 5726 6116 
2602 6265 8204 25478 
85 760 5715 6762 25861 
1636 5646 11717 17724 18881 
132 4119 14713 16798 20036 25337 26079 
8018 8221 12143 25963 26079 
2710 2711 16978 21575 26151 
278 1568 6169 8613 13078 27979 
14321 22506 22665 25012 25402 
56 345 4696 5025 8189 
424 862 1876 3957 5340 10475 24382 
669 1547 3482 3646 20194 27226 
2251 9169 17624 25822 25823 
424 862 2623 9216 10475 24473 24479 
3992 7470 10610 17723 23424 
2868 2869 3187 7446 
938 1787 4760 10162 19006 
75 1479 2018 4465 4918 7273 16312 
1000 2208 2339 12240 12871 24631 26827 
3626 10087 13926 19621 
424 862 5042 5249 6592 10475 
549 918 4006 11268 16201 26245 
6211 7808 21435 21977 25842 25844 
2826 5437 5915 11895 16756 
612 3084 3422 3786 4128 4328 
6910 7336 20110 25684 
6893 10073 14672 15828 24791 
2559 4642 10473 14998 24652 
3084 3146 3287 4615 4751 6014 7086 
2112 2783 5981 15780 25719 
145 1365 1796 4374 25198 
3526 8226 10005 12769 25842 25844 
657 1364 10292 13176 25478 
3184 7461 9824 9908 26175 
336 1000 1176 19059 19389 27028 
209 3806 5542 9938 10475 
3033 3873 5022 11084 20551 24804 24975 
1807 3587 3954 6861 10857 
10629 10718 12297 15318 26294 
537 12880 13632 21481 22921 24275 
129 2305 2647 3119 5906 26483 
6100 7019 7262 10583 16378 
2184 5455 17176 17194 26135 
1394 2881 3136 4033 9082 9483 24496 
528 2338 8404 16870 24804 
402 437 799 4967 5359 11022 
20 151 1145 3084 4265 17105 
238 489 1901 4398 7804 9952 
407 1083 3459 10466 26307 
180 8504 8773 12696 26220 
26315 26316 26317 27115 27735 
4823 9941 11816 18610 22636 26735 
4529 6583 22667 25158 
76 701 1923 3043 10413 12083 24745 
20 4040 4265 5153 7417 17105 
8408 8409 10128 10754 24370 
2506 2684 6713 7203 7573 7941 
567 1415 1707 5054 12568 
1183 6045 10216 11761 14436 27426 
3797 8983 9380 20823 25615 27310 
1489 4983 15717 19906 25515 25944 
230 4648 4999 5435 6258 
580 4265 7626 13490 17105 
237 4941 6115 10402 20790 
560 679 5058 6943 7546 12438 25955 26250 
20 4265 5972 6324 15868 17105 21024 25070 
462 589 6565 8515 9656 12093 15550 
1604 7573 9013 10128 10248 
368 1099 2747 2824 26125 
3632 5273 13392 23812 
246 5579 6596 9963 14791 24745 
2736 3184 3915 7243 9824 27043 
5538 9169 19869 20616 25817 
1145 2106 2545 10785 25219 
325 3275 3741 6076 7805 
828 4095 6571 6704 17113 21779 
300 3938 8063 13810 24611 
1648 1698 4055 6999 7917 
4397 10148 20776 26257 
4141 4142 7526 9071 23185 25016 25098 
7049 10463 25158 25777 
2060 6437 13772 14912 
601 12841 13839 15547 17113 
6704 7894 12841 17113 26936 
4989 8242 11490 15691 19271 
19506 21036 26383 27531 
2521 5221 6460 20944 
1952 2338 2643 7602 8309 12260 
396 7854 8065 11532 19225 23416 
2367 5242 7781 8544 9850 12204 
20 4265 5972 6551 13022 15428 17105 21024 
16 579 2929 19422 22601 23333 
2446 5006 5007 11100 
1678 2983 18174 23656 26372 26912 
151 3084 4751 5064 5384 24309 
9473 15478 16230 18582 24127 24674 
4789 7261 8924 22874 26288 
3155 11186 11267 21045 26597 
1810 6604 21650 23902 25217 25550 
2693 3017 6523 10745 12980 
572 1652 1876 1877 2125 27563 
2087 3275 4837 6076 7805 
23 2993 11603 14343 17374 
1963 10874 11427 14709 
5981 13384 15780 21141 27716 
4688 5646 7778 18881 19466 
602 1931 4073 10471 11887 25861 
605 1086 1550 10628 26372 
6820 6976 25459 25754 
477 8287 9311 19415 
20 1145 4104 4265 5972 17105 21024 
1406 2421 3575 4911 16592 23439 24657 
2018 2179 8540 12109 24948 
114 3175 4599 8596 19798 
3213 5872 6326 15067 
1853 13317 17874 21019 
3490 4609 15491 18786 
821 2961 3627 9859 16499 
1407 1586 3039 9216 10820 12674 
9380 23936 24255 24420 25615 
1497 3147 3330 8297 10193 25929 
698 699 2472 8221 14758 
4003 4720 5558 6035 17463 26151 
4777 7930 13512 19654 24496 
325 1817 6205 17478 23506 
132 168 3427 4119 4172 16798 
345 2871 4072 8189 12408 
13644 17190 21504 26688 
1409 2993 3710 5293 18594 
972 7412 8231 10604 10817 25665 
3787 7643 11053 16478 21497 
1387 4738 8990 11072 11440 14652 22512 
1344 2294 4361 14637 26843 
37 1254 6612 11760 13876 
3526 10005 10218 11838 25842 25844 27409 
1772 10528 17081 26275 26464 27703 
14362 25595 26876 27350 
1386 2774 6088 6552 16266 
2036 10292 11469 16152 23292 27853 
407 1083 4052 5531 8191 
210 2250 2305 4804 5906 26483 
559 2204 11267 12982 25615 25954 
2305 5906 8160 23968 26483 
385 4705 6935 9972 12959 
25 2075 4285 22831 25158 
789 4993 8543 11630 12700 
5561 6258 10551 21823 24082 
8336 11429 15476 26529 
10084 14089 17348 23549 26464 
4477 5334 12241 16452 21917 24755 
10101 13627 20380 23020 23909 25989 
101 6390 8587 8594 26968 27534 
278 4061 4261 14133 15999 26792 
1877 3084 3287 4751 5064 6014 
1589 2478 4654 8122 20073 
666 1889 4868 9668 18448 
1445 3084 3147 8304 10193 25929 
1968 3822 6265 10579 13826 
1147 1836 5780 8687 
3602 3778 11958 24585 26289 
2337 5570 5827 8295 8967 27530 
1364 6265 8204 10292 19013 
6220 17884 20656 26146 
959 5412 5915 8501 10436 23923 
2132 3840 13166 13167 
5538 9168 9170 9395 10379 25817 25822 
713 3100 3808 4297 10672 23418 
213 1440 1727 4957 21127 23192 
931 1613 4353 17393 26600 
144 2040 2653 4374 4582 
2414 18168 23650 24274 25655 
1870 3280 8297 10628 11641 25929 
278 439 3647 5880 13078 27979 
2713 4912 8417 12493 18251 21332 
1662 1952 2643 3871 4582 15015 
7131 7341 12678 13035 26557 
4299 6224 7862 20075 21984 23796 
8012 14601 18449 22506 
3844 4823 7087 16417 24611 
274 5439 20907 23932 25628 
6704 7894 8738 10330 24258 
152 928 1871 5438 6867 
105 255 1958 3255 3571 20615 
26586 26665 26753 26781 
832 1753 2300 12915 22045 
609 7008 10662 22517 
387 10256 20466 20544 26418 
869 1552 12296 20213 23006 26582 
869 12296 20213 26667 27333 
2152 2153 3006 7562 
559 12214 14297 25615 26629 
3745 4411 5532 7980 16628 
678 3505 6708 7818 8908 18748 
1776 2004 2132 3840 11084 24975 
282 1952 2338 3871 3890 26135 
4685 6117 6177 6653 7199 20108 
893 5007 5255 12970 13848 
2763 6265 10299 25478 27387 
734 4302 13575 19806 26872 
3854 5627 9837 13803 18107 
607 959 3593 10436 12805 23047 
1026 2331 5559 11991 13404 
2573 5396 11486 26662 26706 
1203 4483 5559 5803 12996 
387 1529 2765 8640 21277 
4946 4947 5741 7254 17107 
1337 2289 3769 7184 15532 27971 
1106 1833 4795 22853 
3899 10907 12377 14474 24296 
973 3155 6102 11186 25615 
954 3416 8024 8651 11252 
5767 7821 13494 19422 23333 
2132 3839 5858 12743 13167 
22 2854 5649 12240 16837 24631 26680 
8242 9171 18650 19271 20829 
1230 1491 8688 19651 20076 
326 1276 2148 11292 13388 
4225 6711 12439 12735 
154 963 4360 7890 12190 
1479 3268 3365 3825 6454 9223 18520 24451 25805 
6265 8204 10719 27387 
4261 7330 14133 24610 27001 
2392 2393 3507 7236 26662 27730 
85 2024 4990 7412 12372 13867 
3442 15071 23022 24863 26771 
999 4823 9203 22549 26735 
3757 6263 7337 7804 10017 11457 
255 2041 3571 6929 10065 13331 
449 7977 9874 10396 
69 384 1834 11887 25561 25861 
278 3561 3846 13078 13800 27979 
278 1344 6911 10935 26792 
888 1552 2025 4608 11421 26582 
1421 6043 11577 26127 26271 
1903 3403 4698 10907 16252 24982 
3498 26829 26846 26903 
3635 5524 5526 6125 6146 13571 25817 
21356 22415 26855 26980 
2132 6490 8804 13167 15593 
278 988 4658 5249 6144 26792 
3427 5746 6118 8325 18786 
816 15095 17276 21548 
437 645 3094 6452 
4355 13326 14326 14517 16081 26758 
1547 3064 3471 19939 23760 
625 1098 6650 10935 15372 
2018 6727 8673 9619 18084 
213 1727 17092 21127 23192 26135 
157 3603 3938 11250 11822 24317 27438 
278 603 6169 7418 13078 
615 3511 14133 27719 
2553 3536 19485 21009 
34 3026 4920 14451 25477 
718 1247 4644 7428 14503 
842 853 6085 6762 6965 7607 26901 27143 
5293 10718 11121 19250 26294 
4823 6170 11816 13810 16417 
4055 6113 6999 22416 
7968 8066 18787 26814 
1154 2250 14884 25080 26483 
275 2409 14703 19425 26746 
6578 11797 14130 15363 15962 
6007 9790 9900 11431 15427 
847 3318 3319 3513 4836 
289 7328 8742 10088 15998 
551 872 1018 1225 1803 1975 25515 
2996 3309 3324 17437 23097 24895 
609 3787 7008 7753 10985 
2333 11777 11855 17418 
293 2306 6051 7881 25550 
1615 1622 8696 11737 26637 
3757 7337 8406 10017 12899 
7025 8336 8548 26529 
551 821 1017 1018 1225 14107 24870 
4817 5841 6965 10555 16714 26901 27143 
872 4956 5646 6927 7613 14170 
56 76 447 3488 4298 
1386 1390 4831 6088 26954 
9705 15844 16629 27023 
1440 1590 2040 2136 
3128 3131 11404 21709 22517 
3148 4812 5026 12304 15188 
1911 1931 2846 3491 15497 20375 24317 
4119 12576 16798 26599 27023 
4314 8242 15691 17425 19271 
1274 2184 5455 10168 
373 713 4289 11056 26963 
1629 2086 2929 11517 20756 25308 
4451 6029 11205 14717 26940 
2993 8324 10349 18594 
2835 3625 13403 26161 27060 
2065 2479 3436 9977 10377 
2835 3423 9494 13581 24484 27060 
157 947 9332 9941 13078 16302 
60 300 9332 11162 24611 
1534 7367 8058 13072 14810 
1858 2026 8518 12191 26673 
3453 23549 26464 27703 
1465 3441 15827 16049 17637 17664 24631 
1547 3482 4214 6715 16895 27226 
551 865 882 1018 5054 11760 
1479 4599 6171 8155 10517 13894 
1901 2986 4398 7804 8477 22462 
5134 7374 7768 14608 24268 
564 565 1501 9580 10138 13814 27667 
2854 5649 12321 24631 27028 
1364 1828 10292 15875 16184 17880 27387 
542 543 555 3308 8833 18181 
817 5064 5384 6522 
4685 4978 13716 20108 20158 
339 4845 11026 25158 25777 
255 454 1018 1707 3056 3571 5467 8237 22962 
1040 1407 1586 6822 8044 12674 25631 
3511 6446 6988 7330 27719 
2811 3319 3513 7573 14357 
6215 6659 7816 12537 19657 
1745 2626 2737 5126 9332 
31 32 666 2137 2700 
2408 3177 3490 5890 6659 24946 
1727 2230 6343 23488 27112 
601 2812 14864 27122 27153 
5064 5384 6178 6356 11803 
2135 14655 19287 24660 25125 25482 
718 4815 7428 12864 19271 20829 22891 
913 4296 5532 9014 27403 
520 599 7019 17341 
955 1365 8288 26135 
2877 3887 8765 12541 25308 
20 823 2589 2715 5736 14984 17105 
8707 8863 14922 25332 
869 5942 12296 18619 20213 27013 
644 914 1487 6758 21999 
3961 4685 6177 6653 20108 21536 
2591 6207 6208 10287 27065 
218 300 2016 11068 24611 
13034 25278 25731 27214 
7694 10109 14658 16022 26210 
2132 3850 6490 8537 22028 24975 
4241 7719 16022 27222 
544 1012 3154 7699 8909 
1194 1279 2812 3200 6770 11393 
4111 7213 9692 12176 19352 
2178 2471 5779 9044 23687 
4986 6337 10707 14244 24472 
2532 5728 10298 16176 17134 24112 25725 
1252 2898 3719 4431 13012 24280 25725 
3244 7672 9403 9404 
1161 3325 4717 5825 17703 
1222 6446 6988 9878 19084 26792 
320 4758 5556 9544 10020 15577 
10388 11389 11444 16167 
278 988 2212 3083 15999 26792 
655 3392 4828 4875 5360 7897 16757 
2002 7242 7243 9692 12677 
883 1673 4567 5056 5942 
195 782 1012 2619 10476 16043 
160 3742 4710 10854 
58 2737 3844 5658 7087 17987 27287 
51 9912 11829 20510 24487 
5879 6170 10395 11816 12098 17142 27287 
913 2312 7466 11887 13756 25861 
2688 11062 14071 18383 27222 
132 2538 4119 5484 7993 16798 23812 
649 1541 2724 8992 27336 
149 191 2949 14599 26412 27563 
3471 8632 16873 24476 26412 
3441 9048 13522 15827 18112 27178 
1196 1438 2165 2512 10907 11522 
25 777 2006 2075 2840 
75 292 1824 12477 21231 27178 
5556 5578 9449 9544 10020 15577 
821 1254 1718 1872 8543 
579 2833 6066 11517 12541 22601 25308 
809 8065 18145 18514 25849 
4092 4808 16358 21125 22959 
424 862 918 5340 10475 24382 25083 25955 
3427 3490 3679 4449 23333 
145 1944 1952 2040 2643 4374 
2338 2346 2844 8350 24884 25934 
2112 3996 4075 9239 20271 
10746 12191 16977 18418 
1194 3200 7893 8409 10754 24487 
6567 8365 11466 22371 27428 
425 1547 3482 3834 27226 
6489 6936 15073 18406 27435 
1839 4278 5695 9618 27440 
5252 9507 9580 16197 18872 27039 
566 1669 8517 15187 26940 
4909 8553 14422 22499 23091 27428 
628 9656 12220 16351 24837 
3674 6266 9140 10881 23320 
10372 11829 14640 20986 24487 
823 3742 10551 14984 21823 
76 241 242 10413 12582 16162 
5821 5875 23283 24869 25722 
1010 3084 4751 6111 8053 
4835 10736 14082 14758 18997 
3839 5021 6936 18406 27468 
1309 4276 6489 6936 27468 
4628 14862 15551 15977 17695 24235 
4586 10692 23005 26580 27489 
1216 6102 7946 10494 20756 21478 
2204 8699 11186 11267 13032 25615 
1547 1702 3482 4322 27226 
8063 10395 11068 11720 12098 27287 
823 2589 3924 10854 14984 18788 
855 1440 2040 6064 
3716 5630 19949 26250 27376 
3043 8335 9963 12083 14791 24745 
1161 1529 3325 4717 9439 25952 
1556 4425 5156 5587 21249 
2822 3415 4905 16922 27187 
3678 5128 6755 6936 10936 
20 4265 5972 11307 12547 17105 21024 
6412 6414 6780 12639 13410 
7577 8754 10707 20826 25620 
1043 5883 8699 26888 
551 1018 1225 4073 6546 10715 15315 
2703 2994 4844 10349 13116 
7608 13764 22037 27428 
771 2749 9580 10379 25817 
2502 5289 8129 11685 12551 27493 
44 11995 14047 19103 25155 25680 
345 755 3282 12408 14046 24647 
700 5345 9801 11927 25934 
909 1094 5388 6178 15306 20930 
731 1934 2706 4368 15904 
2235 7310 8255 10666 14936 18551 22970 
263 8357 19603 22772 26746 
3192 4112 17884 17977 26146 
2202 6376 7427 8779 13165 
969 5686 7811 13718 18711 
372 8863 14721 18942 25332 
4086 6218 6220 20656 27321 
506 9287 18692 27505 27642 
491 884 1921 12421 20209 27394 
959 2883 8289 10436 12497 
4488 5116 23406 27614 
969 5686 11688 14217 16147 
11482 11637 13694 13696 
645 3094 11498 21519 
1012 4138 4988 10395 22426 27287 
1673 2232 4567 10879 22751 
1479 2480 6171 7784 8155 26968 
425 972 4225 10604 19956 
7878 9868 11000 13241 18449 
6446 6988 7330 14133 18685 
7008 10662 22838 25952 
1479 3736 13894 22058 26142 26968 
2802 7238 21816 27552 
13716 14219 24266 24525 27452 
9019 15237 18724 22974 
2503 2504 10268 11945 27805 
4508 9983 22741 27371 
203 1614 3374 3885 3927 16862 21332 22381 25153 
2688 8305 14233 27222 
884 10421 20353 26667 27394 
847 959 2928 8438 14817 23047 
1772 4637 10084 26464 27703 
511 1580 2648 3817 27726 
959 10436 13697 23047 27555 
1772 11569 14318 17082 27703 
1536 21899 22540 27813 
4329 4406 4514 8323 14415 
75 9332 27178 27742 
1617 1618 5221 8739 
603 3876 13714 16873 26412 
51 9317 18024 20986 24487 
601 1677 10318 21157 24487 
974 10298 11764 24166 25725 
3198 9942 13035 14111 26557 
3435 9496 12191 16977 
4314 5602 26796 26797 27799 
8138 8242 11490 17358 19271 
968 1901 4398 10145 22462 
446 560 4225 6943 9137 10604 
5315 7261 8783 9823 10604 17592 24736 
173 433 1512 5102 6948 
707 19733 22222 26411 
4265 4795 6753 17105 18788 
2065 3436 3511 26420 27719 
1601 1602 2529 26805 
328 2049 2527 5289 25944 27149 
769 7320 8858 16409 27723 
3927 13482 23838 25153 27805 
547 551 734 865 882 1018 
3427 4456 6725 19422 23333 
148 1177 1452 1703 4137 4907 27563 
232 3030 5526 5712 6470 25179 25817 
1913 9233 13902 20946 24296 
3954 5381 12841 18788 24033 
1056 3917 6926 8884 25881 27563 
2475 2476 2741 5297 5693 
466 2940 4227 4228 7304 8858 
1356 2698 2699 5747 12016 
3890 17423 19021 23364 
5694 10218 11617 15286 18718 
246 3043 5579 12083 18697 24745 
2713 3885 11945 12587 19032 21332 
4052 8191 10657 10805 16926 
300 5880 6195 8319 14810 20282 23835 
4702 9130 10035 13891 19206 22153 26972 
876 2713 5395 7984 18251 21332 
4049 5842 5961 8885 8886 
558 3066 3288 4225 10604 
741 810 1818 7408 10831 27663 
256 317 9864 11732 21426 
432 2736 3915 7243 10830 19168 27043 
730 884 1251 1921 12421 27394 
3603 3938 5044 22153 22426 24317 
2188 4006 11432 13851 26245 
1554 8270 9817 17244 
3205 3876 8884 16873 26412 
845 2235 9406 12522 26677 
1745 8777 9332 20282 23835 27742 
8884 16212 21434 27563 27585 
1144 7628 10765 11443 25446 
2721 11490 15691 23151 23274 
246 1813 2535 6107 8339 8492 11495 24745 
3355 6066 9398 27543 27795 
3854 4916 5627 9837 27523 
12092 20964 21122 27387 27941 
161 2833 6019 15358 25308 
829 2826 3859 4844 13116 
418 440 3997 9488 13852 
9985 10949 23121 
1535 2982 6429 
7141 17625 26662 
1571 9712 18915 
8192 9028 12682 
5314 14077 15836 
1613 5357 13784 
2365 5940 5941 
13819 18720 24630 
4102 14095 23165 
23191 23950 24263 
576 11069 12812 
2685 4013 15491 
2419 2420 10081 
801 4554 10652 
185 4243 5452 
448 11006 20249 
1417 4557 5311 
3284 17807 25595 
571 9599 10256 
12856 13694 20727 
2425 15911 25157 
325 7012 19765 
1224 3823 11029 
7931 21427 24895 
2417 18601 24047 
10849 19659 19799 
586 14684 17932 
6536 7216 17173 
2407 23557 23558 
6282 15253 22427 
11271 17038 22783 
1305 6573 21342 
1132 13723 24496 
11324 12735 16292 
215 4078 23514 
1217 2539 2890 
9151 20212 27781 
2363 20412 24421 
5695 9243 11510 
6069 22320 24308 
6112 7661 12635 
163 5804 24399 
12594 13939 14290 
9617 9791 19510 
16865 21542 24471 
868 22986 24237 
4522 6878 20994 
364 11365 26772 
6623 10821 22735 
87 2445 25986 
4531 10059 13457 
358 8911 8912 
71 72 74 
6712 14196 19428 
3789 6398 13418 
1585 5079 23419 
1527 1763 2068 
11034 11505 16237 
3509 19278 21180 
6729 14800 24235 
9294 21316 24500 
8469 12745 18814 
6664 8214 14183 
790 5393 13783 
2411 12189 24506 
3259 8838 17228 
2098 2099 10165 
7966 24518 26692 
468 5610 7900 
3456 10914 20821 
1603 5590 8856 
21356 24522 24523 
2738 3707 6191 
194 11765 23687 
1763 2245 5141 
2115 3694 20186 
3549 9394 9509 
3160 4935 6551 
10446 10447 11687 
3969 14891 23106 
9252 16682 24542 
3478 3479 8776 
16288 20869 25196 
488 489 9098 
3755 5165 5863 
17349 23467 25541 
6535 12708 14916 
2484 23207 26079 
539 1199 4655 
8788 13345 13918 
8047 8984 9734 
18308 24568 24575 
8215 11660 21960 
6838 7226 8071 
569 2466 20899 
1709 1866 1889 
113 324 1477 
4043 4283 7589 
7806 18009 22758 
2964 4378 10065 
5819 24595 27532 
887 5829 19005 
613 1988 21179 
2769 5165 24463 
2044 11168 12538 
8582 10909 25900 
2800 4501 7109 
5305 10193 15905 
2423 4016 9296 
281 14028 26169 
1556 11839 11848 
1849 1850 3775 
788 22677 24739 
21770 21933 24442 
1533 13967 24587 
6086 7045 20854 
2014 11978 13421 
16965 20137 27347 
2055 19248 24922 
3039 6882 15374 
23221 24502 27491 
4739 11136 26954 
178 6061 27498 
1362 5555 14174 
3115 5455 12669 
7533 10780 19012 
3336 6093 14673 
3446 20948 22530 
15140 24620 24757 
2914 6037 9735 
422 2206 2207 
2133 13293 27327 
5219 8842 13583 
3277 11591 20647 
6507 14099 18320 
206 15652 25455 
2093 2094 26471 
6649 10831 18068 
786 11990 21332 
4476 5084 24287 
17337 22116 24685 
226 7912 8851 
1401 6404 11261 
851 12242 12313 
23302 24691 27636 
2494 3220 21237 
1009 4334 20483 
3748 8370 13428 
11506 13624 24711 
3096 6931 7812 
1880 3335 6157 
2032 2887 6537 
7085 9678 9852 
8585 12368 26266 
2717 6664 24601 
10724 11444 21930 
10254 18740 23978 
3093 6259 9926 
7663 24760 25981 
9319 17969 18933 
3498 3499 7055 
3712 20695 23314 
11830 13606 20994 
154 7867 24782 
7149 18002 26413 
5319 7544 24786 
2323 5717 22198 
452 3616 4190 
2230 6455 23072 
4306 12845 18607 
925 10418 14796 
5734 8553 21928 
16153 21773 24816 
22982 23908 26433 
4311 6104 6200 
1437 6879 15272 
16860 24823 25100 
4801 5567 24460 
726 727 1647 
3404 6277 13686 
5182 5183 14503 
6555 14266 23676 
885 4984 20163 
10059 17918 22023 
1644 2447 8803 
3894 6958 15122 
5331 8188 26364 
3481 20814 25387 
3942 8093 11247 
9128 12539 22935 
200 14940 23049 
2301 2554 2849 
7152 9656 23539 
6832 11635 17038 
939 940 24885 
3013 5004 15172 
5076 8132 9546 
5426 15501 17190 
1613 6038 13162 
1264 2226 4071 
197 18242 26334 
5547 22727 23349 
24956 24957 26374 
5453 8567 8996 
6624 7095 9829 
16704 24970 26401 
8366 13738 23458 
2671 24909 25733 
3075 5646 6556 
9866 10212 26066 
108 5055 22487 
2665 7791 22540 
3645 9118 17764 
8901 22723 24977 
1602 13049 16716 
1163 6441 6544 
2346 21657 24641 
12525 18633 24919 
11316 11725 16903 
716 4993 12374 
575 3246 22470 
312 3715 5142 
17920 25021 27007 
678 2216 15311 
2359 2687 13373 
11661 13493 16440 
4687 16782 17593 
8935 16243 24201 
23602 25059 25107 
6710 11390 26578 
3869 7500 12368 
5114 7144 13352 
6031 15886 17589 
15994 18750 20255 
2997 9925 22993 
2728 8953 15212 
2115 10686 22317 
1848 21971 25093 
1243 16019 26662 
5766 19268 20664 
1168 6273 13293 
7045 23943 25108 
2126 5597 13876 
20019 21363 22573 
4454 19993 19998 
2888 3139 13254 
7850 7851 26478 
2524 4515 22741 
2023 5613 25164 
1852 13317 22138 
877 1875 2820 
128 17372 19084 
17746 22918 24818 
2421 13498 14858 
13980 18627 26601 
1600 4758 17135 
13732 21485 26692 
1523 7932 16730 
6095 8063 22623 
5776 6939 17588 
10952 15666 27704 
578 5195 9264 
5152 9002 19434 
1513 2083 4662 
997 1027 23034 
1566 6591 9691 
1181 13839 13971 
8136 19145 23245 
6505 12029 24883 
5330 19532 23471 
5496 6602 25408 
4954 17415 19197 
221 523 1759 
4853 10933 25230 
9008 23121 23649 
1484 1485 5546 
11145 18353 25253 
1144 8815 14764 
3475 11522 15941 
4029 10433 24299 
341 4463 11634 
11397 13545 26031 
26 7859 11018 
1618 6289 16109 
627 1706 5659 
3028 3384 22478 
1137 16829 27767 
2140 4250 7098 
742 2934 25319 
2344 12207 25284 
1024 14092 21699 
500 501 6680 
3999 5699 10785 
6058 11654 25153 
1649 9641 25888 
467 468 25316 
4197 5278 6704 
2737 10647 21248 
3486 4073 17096 
13480 18155 23453 
2222 12578 25362 
1812 5515 6021 
1997 2445 7112 
951 10194 17230 
871 8199 27251 
8535 17044 24185 
5862 9266 17873 
3341 3654 10383 
5446 9118 9968 
130 2442 20868 
8636 9183 9481 
16795 25413 25447 
3480 8503 12655 
5669 7748 25154 
934 981 1823 
11313 13994 24266 
9173 9374 10713 
2847 2889 7089 
7414 25463 27026 
23255 25465 25466 
19048 22777 25468 
462 7451 25473 
2029 13423 25025 
12676 19891 19967 
359 2703 10735 
1530 16355 26774 
7058 11445 22625 
16789 19660 24992 
11341 11998 12687 
1193 1194 25509 
2998 11636 17704 
1829 9713 25478 
11833 23413 24483 
4072 13023 16393 
17190 19484 23709 
2324 2623 7046 
22380 25491 26660 
2020 4088 25547 
30 2261 4492 
17525 20323 20727 
4562 13769 17529 
401 14243 25559 
2990 4176 7535 
15208 15617 25078 
7565 11291 15199 
5050 12967 22321 
437 2642 7637 
2195 3681 3682 
4269 25590 25591 
12569 25593 25594 
1146 9951 16292 
3221 3696 21934 
14800 19091 21786 
7159 21476 24970 
1672 5016 21331 
2430 25561 25668 
111 6661 21370 
6030 8573 17737 
2595 12136 25602 
2681 3105 8747 
1018 11023 14336 
6855 7264 23957 
17517 22565 24119 
2816 17723 25694 
6409 25702 25955 
8972 23011 25712 
19538 25720 26341 
12736 17222 20317 
4210 24826 25894 
5993 25356 25726 
9003 14418 20160 
2158 2161 4224 
646 25743 26447 
2075 10286 16779 
2070 21586 22107 
6906 8687 17830 
1411 4823 9040 
3616 6372 25760 
8004 13983 22866 
4620 15644 26151 
9197 12037 12288 
5189 6954 17190 
7041 9276 10134 
2234 2235 4066 
1130 1131 25196 
4949 7731 25200 
14579 14580 14668 
219 1219 11391 
909 910 6198 
16104 17925 25829 
5236 6029 21948 
438 2907 13363 
17111 18186 26726 
3286 24385 25815 
393 2685 14078 
4781 4782 26831 
1659 1660 22073 
17561 24755 25618 
6849 9858 16491 
9107 22238 24917 
1136 8889 10823 
273 1354 25864 
10641 17105 23780 
6819 6969 18517 
7755 10748 13423 
8944 18780 20409 
4432 5427 14793 
14473 23809 25791 
9922 12592 25981 
607 7232 10577 
1983 9941 16166 
17206 21671 25459 
13091 18151 25780 
512 5184 14136 
299 6902 26557 
710 1926 18512 
15923 21757 22512 
1421 7827 10265 
11450 14513 25975 
5046 9357 25540 
3049 3050 11903 
4425 12484 26017 
8182 10140 10141 
5975 6748 13358 
23722 24643 25674 
285 1301 24804 
2962 6415 12700 
2829 7208 21115 
698 3425 26075 
2729 5982 16472 
3305 11217 11795 
1047 8688 19338 
4041 19517 26100 
3126 19351 21131 
2533 4964 6059 
6087 6088 18086 
2105 3300 3337 
1561 7689 15902 
9602 18256 27255 
5904 11195 18551 
7190 8618 20937 
2651 3202 12250 
7753 9293 14104 
25728 26197 27278 
3992 10112 15051 
13239 13945 17228 
1511 9759 13616 
2552 3074 3077 
835 1697 12296 
3372 9344 14801 
4304 5394 19011 
5316 20312 26023 
17211 20439 25025 
15010 23730 25307 
9909 22915 24266 
429 4545 22751 
16845 18432 25981 
4509 18289 18465 
1958 20871 26000 
3285 22442 24979 
15747 19985 25239 
10477 17615 17829 
1899 5945 12578 
607 4852 6950 
9521 15187 26241 
18 5890 21801 
3510 15412 25804 
6812 7741 12401 
847 1916 2878 
257 12005 13146 
3212 3213 10836 
390 6569 9875 
13302 19368 25050 
4014 7092 25402 
3863 18272 21481 
1989 15503 19048 
2306 3531 12924 
1294 5901 26728 
8583 9332 11424 
88 4453 26452 
3168 5784 16222 
4052 8906 23608 
5999 10876 22512 
4665 7344 9413 
8282 8680 21980 
320 4098 6153 
11678 15365 25179 
288 3950 3951 
2387 8696 11161 
26494 26526 26527 
14137 21667 22573 
1513 26558 26564 
95 3254 8773 
2754 3750 15174 
800 8122 17424 
267 4681 20328 
4746 26320 27511 
3350 4657 5864 
4750 5119 10207 
162 16842 26591 
6535 9969 24960 
3875 11812 27394 
26623 26624 27717 
417 6323 8036 
8673 9774 13149 
20104 20612 26662 
5693 14443 16856 
340 6093 25138 
189 7873 8221 
5237 5998 9485 
1376 14523 16061 
3935 7417 26672 
19236 19685 26691 
8487 22100 27136 
8537 12799 24628 
5213 6890 8358 
15442 26683 26690 
1254 24901 26729 
8548 19594 19784 
2311 6093 10649 
5102 6230 21942 
655 13426 13929 
1414 3039 23762 
9300 18036 25955 
26784 26785 26834 
26425 26793 26800 
1911 5401 7346 
4341 6044 14105 
15030 16258 24755 
591 6625 26611 
26839 26840 26841 
1354 25935 26689 
4811 19271 22659 
2310 17274 27069 
15280 19563 22758 
1084 11283 25298 
698 5541 25966 
220 1600 9624 
12794 14946 26909 
5888 23256 26922 
5288 6892 13542 
734 1500 11222 
23789 25433 26332 
1734 7237 8093 
9545 10878 14531 
462 8562 25884 
1537 2421 3576 
548 1990 26975 
16351 26355 26476 
398 22547 26985 
3571 6538 14829 
2421 7777 19888 
14817 21014 26908 
2274 27010 27827 
280 7111 21973 
10765 18081 25349 
27055 27056 27323 
4026 4177 15010 
2494 4878 22743 
13891 22754 22939 
4179 25050 27025 
4050 4051 14758 
2572 3112 23303 
10821 10885 13505 
12030 14733 27642 
3826 20227 27745 
890 22717 27144 
6877 13297 15704 
479 8283 8384 
438 3008 4009 
2124 6685 13375 
16107 18219 21036 
26543 27208 27221 
159 1431 18510 
14383 15402 22174 
4124 12823 21024 
228 3384 6889 
2520 10046 11940 
3830 9407 24869 
17699 27265 27266 
440 5282 5707 
13525 20058 22116 
2497 4509 4764 
4735 19208 25125 
6970 9808 11456 
13078 18216 21154 
3650 20791 27101 
27304 27305 27500 
23834 26683 27306 
1992 2272 24112 
14490 15047 16292 
678 4491 6083 
5132 27316 27482 
157 1851 6597 
10724 12985 27369 
5131 7812 26684 
6701 19193 27415 
233 771 26822 
4241 6803 13055 
9141 18458 20946 
1544 2699 13570 
5117 15670 16512 
16262 27459 27691 
1419 5139 19392 
9569 15510 16913 
3464 4928 12042 
1318 7320 15849 
2181 20250 27340 
85 8348 22886 
1043 4870 8212 
3740 11020 14346 
20200 27479 27613 
8788 9581 17683 
11310 21123 24826 
12800 13568 27510 
3998 19305 25615 
13161 27537 27682 
294 8106 10146 
2154 23047 27560 
3601 18039 19149 
16147 19312 26295 
221 5475 10660 
6973 14994 27574 
11625 19449 24471 
7164 11503 17874 
4551 16504 23086 
950 17390 17670 
2003 9452 16903 
1602 10153 27331 
5426 6959 26191 
953 2231 6412 
4382 20971 24745 
1940 10190 21060 
737 4162 12674 
1715 10566 27670 
2972 23282 24895 
7054 7685 7990 
988 5509 6249 
2367 17383 18920 
230 10462 11671 
706 1018 12968 
10084 14941 25766 
2774 13680 23677 
6835 11088 26662 
2318 5799 10065 
252 9843 16903 
577 3385 17682 
16933 16963 19351 
4975 16405 27692 
3949 8178 8772 
4935 21691 27016 
5723 8518 23944 
3969 6901 7734 
