2558 3050 11903 11941 
2652 6118 6948 11551 19405 
813 1104 3587 3714 8325 18046 
138 139 968 969 2235 7804 
523 4159 5028 5271 8763 
1259 2738 3350 3449 
6102 9865 13812 19847 
23 426 1775 11879 21793 
2474 5138 6720 15178 
586 3778 14684 17932 18636 
147 439 3647 3701 5880 9941 
3712 6544 15645 19590 20695 21196 
1789 3176 3177 4456 4985 
81 476 1628 4721 19405 19993 
1820 2368 19476 19867 
551 552 2525 13072 19777 20170 
3287 4788 6014 6118 11551 
211 939 940 8969 19578 20728 
258 494 701 2535 7934 
2019 2034 7038 21392 
1417 2628 4557 19476 19867 
2462 5693 5959 7295 14791 16477 
34 848 2517 3065 7237 14451 
983 1550 1871 3084 4429 18701 
616 2065 4691 5588 20392 
1489 1983 2680 5340 9941 19389 
132 2865 4835 12245 16798 20036 20531 
7802 10643 14346 20037 21221 
2145 3225 4665 8910 11485 17004 18268 21984 
147 529 603 3647 5062 9941 
1705 4828 4875 5392 19555 
1789 3427 3679 4172 4985 
1010 2516 4615 8325 19993 
476 4218 4594 8987 17078 19998 
15979 18069 19582 19620 20316 
314 569 9238 18288 19149 21545 
2303 6877 7310 8179 18551 
852 4974 8231 10830 12176 14347 20006 
1169 1705 2235 2406 9357 
2305 2420 11015 19020 20299 21851 
2304 2305 3337 4804 14883 17657 
4919 5057 8540 19758 
3586 3924 6102 13490 22073 
2317 2370 4874 15723 19389 23854 
1847 1848 2940 6595 7304 
1812 19979 20063 20064 
608 609 3144 7238 7626 7640 7772 8378 16258 21179 22517 
2546 4603 11904 15729 19065 
2162 2953 11087 15621 16308 18242 
226 357 1591 3347 11797 
1404 1527 2184 2554 4433 5135 5585 12505 14745 
1595 1894 3042 12896 17171 
692 1517 2266 2267 6204 16217 
439 526 3647 5249 6945 
1440 1661 8718 21127 23192 
150 606 8738 10629 13461 
414 864 4431 6147 11105 19054 22975 
2332 7742 9283 12581 
33 35 792 1027 21988 
349 1061 1240 1581 3874 
2586 6714 17171 20131 20164 22920 
876 1079 1446 1567 1672 1898 1927 2513 3245 3374 3885 4913 6725 7181 8417 9728 9960 10268 10274 15839 20168 20892 21331 21332 23838 
873 1386 4831 6088 11109 18086 18155 22512 23453 
161 211 7247 8160 11517 19578 
7004 7221 8063 11046 16123 
2311 2620 7173 11168 13137 
16 4935 5767 7148 11136 20728 
819 1297 2077 3443 16393 
7398 7399 14827 20210 
10636 13041 19352 20211 
302 1010 1259 3350 3374 6361 
166 245 1830 13790 
3311 19860 20007 20142 20570 
1161 2949 3787 3879 4251 4717 5826 5965 6069 7643 10662 10985 21088 21277 21290 21472 21497 22388 22838 
379 2158 5378 9611 11461 
237 238 3078 3305 11491 
1354 6856 9221 9564 9901 10801 20234 20341 21729 
4049 11727 19207 20096 22007 
221 1600 3747 9624 9670 
1259 3022 4979 16801 19651 
4500 4501 5185 19654 21235 
2177 2286 2856 6854 9151 
2729 5590 16472 20624 
772 773 2091 6437 20486 
1228 2494 5414 6000 20186 
6207 11095 12178 14116 
869 8215 9648 14075 16259 19055 20213 
1816 1817 6103 14066 15302 21266 
2540 6672 11727 19207 20096 
278 735 7450 8766 9702 12380 
865 981 6739 8063 9702 
551 872 9702 12380 13072 16943 
1480 4304 6355 9702 20163 20201 
2368 4533 4557 14436 19476 
148 547 1703 3733 5388 9702 
845 1919 10014 12522 22462 
419 845 1919 8406 10883 
845 1839 1919 5695 16111 
385 702 752 4598 11223 
1220 2137 2642 3356 4242 
871 1536 3584 4909 8365 11466 16878 20313 20349 22037 22516 22540 22552 
13249 20308 20334 21582 
6567 7608 8365 18279 20313 22037 22499 
5246 5779 6376 8645 17329 21100 
5019 5114 8349 13352 22007 
2389 3283 7817 11484 17135 
3318 3319 3513 12538 
1173 3325 8093 8993 11769 
968 969 7334 7337 
84 1587 2901 10601 11918 12115 12674 20073 
3932 4398 5485 9952 22462 
319 566 1628 4128 9029 21947 
1401 2106 3135 5038 6912 
359 2058 3539 8222 19070 21793 
168 2352 2906 3114 13630 13707 20499 21317 22975 
84 1899 2475 2741 20073 
3671 9648 10074 14349 20387 
4066 5909 9042 21017 
117 12725 19294 20664 20670 
1804 1805 3671 3672 9648 
1540 1860 4435 8992 10371 
462 2625 3317 3821 10512 11831 
6347 9308 12421 13441 18822 20213 
792 1027 2949 4567 5480 22026 
2944 4133 9425 15872 17773 
427 1365 1440 1944 
4085 6143 7869 10707 18582 21151 
987 1172 1173 10985 22838 
476 812 1628 3330 6111 
888 1210 2922 3349 20213 
536 733 1120 1899 6259 10065 12703 
622 1453 1919 3305 19248 
2298 2302 3884 3890 8906 
10446 10447 11687 14712 
3325 6103 9467 9468 19235 
211 952 2747 4206 9435 19578 
345 1297 4085 6307 7577 
2689 9648 10675 11421 19055 20387 
3886 3887 8024 9807 19405 
274 807 4894 5689 8520 14235 14547 
1152 1814 2797 2798 13035 
1709 2177 2563 11285 19236 
328 401 852 10830 14670 19758 
2177 2563 2856 9608 19236 
1173 1704 3325 19235 
109 2112 3617 5981 15780 
70 569 1291 5589 8587 20428 21545 
560 2480 4918 8155 9137 19774 19861 
230 4419 4999 6258 
5695 8591 9243 11509 11510 
1447 7548 9615 18463 20380 23909 
703 3686 9128 16856 20394 
279 528 988 5588 20392 
845 1919 6892 8431 9176 10883 
3876 9491 9674 20609 22158 
1137 2829 2830 7207 16726 
731 2316 4244 6700 9228 
282 2302 2338 4787 5268 
70 293 1437 8733 17802 
4679 4949 7713 20499 23962 
432 2432 3184 3763 20006 21103 
427 1365 2230 6579 12505 
4091 4092 4808 21126 22959 
132 4835 5947 8020 12005 16798 
285 1776 2802 8537 8660 20551 
978 1362 1799 1800 1910 1937 11458 13309 14174 20169 
1363 1364 14789 16456 
17400 19642 22714 23179 23425 
2132 6829 8804 10496 20551 22929 23100 
10719 18138 19013 19014 21213 
4077 8662 11406 13501 20425 
1968 3563 10299 19653 23292 
4305 5149 6719 7950 20486 
226 357 2614 2632 6793 
6829 10496 11084 20551 21816 22929 23100 
1119 3000 4340 8841 17514 
2655 2656 11497 12483 20514 22596 
1194 1279 8409 10757 13429 
456 3442 3562 8734 14071 14233 20522 
374 713 3061 3364 16491 19116 
56 345 346 3380 4325 5025 9391 
6267 12443 15607 19476 20663 20840 
1378 3005 3006 12676 19891 
967 3757 5904 9952 10883 
12016 12725 20400 20620 20664 20670 
2310 7499 7500 8221 
285 409 4905 19712 20551 
1289 2939 7345 12030 17111 
476 812 3490 4328 4710 6102 19578 
3898 11259 18905 21493 23002 
810 3529 5577 6248 14111 14681 
163 380 993 2275 3954 7534 
728 1755 5033 5034 5042 8858 
1849 1850 3775 7754 
300 615 2737 3861 5658 7087 
1425 1809 3530 8887 10820 20770 
1402 4935 6670 7816 20728 
161 211 3120 4591 14884 19578 
439 3647 13078 20489 
713 2807 6212 7440 9332 9491 
1017 1489 1707 2284 4304 6147 9342 
872 1707 2284 4143 4412 6147 9342 
1005 1767 4304 4431 6147 15717 
91 1121 7355 10389 12505 
4451 4958 10454 22735 
564 3038 6125 18020 19246 
571 7458 9204 21947 22073 
402 3093 5464 7355 10389 
5658 7087 8063 11046 12583 20750 
367 658 14891 20768 
1923 2016 5062 11309 11720 20750 
20556 20791 21650 22276 22820 
5304 6742 7190 9816 20795 21061 21827 22404 23722 
865 1923 8063 11309 12583 20750 
3670 9037 18129 20287 20666 
5682 6825 6831 6832 11635 
1193 1362 4377 9338 13309 
2545 3391 4195 5453 5964 
1104 1816 2966 2987 20733 
1517 2193 2810 6204 16217 
5682 6825 6832 12594 13939 14290 
138 968 6042 21367 
204 613 2477 2603 4191 5333 6334 
5689 6280 11200 14703 18617 22772 
5044 6739 7450 11713 19617 21289 
7187 11713 14461 14753 21289 
264 4958 6523 10745 22735 
3828 4077 8990 19055 20425 22428 
3330 3537 4133 4738 6647 11188 
4989 5582 5994 20829 20856 21297 
60 4138 4823 5062 20750 
822 823 2747 23680 
4314 11490 17358 20829 
1440 1590 1662 2334 5071 
619 5142 5464 10390 
4091 4808 4809 10599 
6497 9433 12717 15607 17320 19476 20840 
1365 1366 1440 23192 
655 1806 3466 6639 11673 
529 853 1489 2548 3413 5588 20392 
232 233 8902 10644 10713 17514 22409 
1833 5153 9697 11966 18788 22853 
128 1558 2018 5798 8155 8587 19774 19861 
425 669 1889 3153 11324 
821 1351 4247 10804 14084 22741 
5980 10232 12245 12719 20928 
401 702 1351 4247 12603 16500 
2332 3330 3422 4779 4858 8053 8381 
560 5630 9137 19309 19949 21817 
983 2332 3084 3732 4858 8381 10050 
7042 7098 9431 14111 20565 
349 1240 6338 7130 
702 1351 3039 4247 4598 
811 1809 3100 4063 4812 20770 
195 385 2082 4165 5341 12888 
1449 4715 7658 9422 13773 17884 20656 
232 233 3076 4811 19869 
3364 5577 12678 14111 19116 20352 22311 
2724 7019 7935 9148 20600 
18905 19972 20855 21986 
1852 1853 5242 7164 7594 21007 
5864 8408 13429 15412 21014 
3162 5865 6704 13334 18024 21014 
1852 4878 9368 15279 15280 21007 21019 21227 21237 22852 
663 4433 6531 8792 10168 
1560 1603 2312 3686 6650 
2234 4066 4386 4387 4629 9886 21966 
5316 7386 11490 12864 20829 
876 1672 2503 4211 4394 8943 10224 
4048 4904 7339 18723 19993 
3751 4278 4282 7001 18733 
122 6735 7968 8066 8601 19771 22164 
1443 6143 10707 14244 20826 
437 644 799 1652 5359 
4349 4860 9317 13429 20986 
221 1351 1600 3384 5707 9670 
1677 6704 8653 13334 14640 21014 
3549 3690 6429 6535 8199 19208 
1244 3578 4483 4485 6594 9480 19599 20317 
968 2234 2235 4066 7076 
4397 6344 7525 9040 15827 
9710 11583 18630 19992 21103 
1672 2503 3675 4912 4913 6024 9240 9887 19032 21332 23838 
800 801 4554 10652 22122 
1281 1746 8457 18760 21399 
2270 3201 9454 10786 11553 
1672 2833 9240 9727 11945 
603 5062 5880 9941 20750 
374 1447 2579 5586 6212 7831 11056 
4921 5167 6153 11960 16749 
57 5464 6376 11583 21100 
4907 7237 8426 21179 
57 1133 5464 13165 21100 
711 1215 1216 2589 4558 
68 190 1971 1990 2149 24182 
741 852 3805 4929 5015 14347 
5784 9616 9882 14366 20701 21218 21342 
1128 1309 1776 4147 8537 23131 
11328 17500 21007 21237 23882 
476 1313 1497 1703 13375 19993 
287 1279 6704 13334 13429 21014 
14225 14941 21243 21247 21574 22629 
5548 7004 10365 18588 21248 
1276 3081 4737 14997 18916 20499 
1324 2675 9882 10084 14366 18175 21218 21342 
2313 4956 6779 9189 18881 
1173 3325 3700 21088 22838 
319 566 6134 12587 15415 
367 8682 9294 21280 21316 
612 4176 7535 17092 
1242 1243 7293 16019 19382 21286 
1219 4006 7083 10693 15194 20912 22324 
427 503 504 22163 
2395 3509 19278 20065 21180 
1405 1672 7905 9727 10274 12493 
9752 12316 21304 21420 21731 
1491 2753 7954 8456 9954 
1458 3779 3932 9176 11254 19063 
476 1807 1884 3742 4710 5813 
432 442 1670 1824 21231 
4085 5642 7693 8876 18582 21317 21831 22975 
2937 4411 13358 21254 
2122 5263 6103 8893 12368 
1489 2737 5126 7004 9941 14370 
425 560 1174 3153 4214 7261 
1421 2979 19778 21342 22354 24004 
1324 2675 9882 11624 14366 21218 21243 21342 
211 678 3955 14018 19578 20020 
18811 21374 22180 22649 
985 5694 17964 19531 19889 20269 21376 
5880 6478 10161 10476 11331 20750 
756 2184 3197 3715 8761 12505 
695 14346 20649 20865 21221 
1256 1463 3063 7579 15452 
6101 6606 12150 18882 20883 
987 1036 1173 1704 6320 8009 
3631 4163 7122 10791 22478 
75 128 1436 1558 8155 19774 19861 
96 1632 4244 6989 20408 
2749 3635 4811 5465 10713 
172 1313 1703 3537 5388 16656 
4 11 3285 8457 21399 
1056 1698 2623 5374 6113 
642 731 2705 3472 5226 5349 
279 603 615 5062 5880 17936 
4887 5468 6589 6692 19733 21398 22222 
171 172 1516 5789 
2754 7775 11105 18396 21317 22975 
75 616 1670 4691 21231 
5880 6739 9332 10161 15718 
1660 1703 3330 5388 13988 21947 
1274 1275 2325 4883 5661 
3040 5880 13522 15718 24050 
2675 21243 21342 21528 21574 22511 
552 4887 6692 19733 21398 22656 
6438 9088 10783 18242 19972 
49 296 297 906 6289 
400 2040 4026 17543 23192 
2235 6892 8477 9176 19898 
5333 5890 8435 15187 22198 
529 1489 1814 5588 10987 20392 
300 5658 6739 7087 9332 23893 
279 988 1670 6739 19706 21231 
10198 18288 20428 21545 
437 733 4165 5180 6259 13787 
6660 6820 6976 20866 21671 
4603 6874 8480 17833 21522 
7284 11864 14970 21695 
90 671 2301 2492 10168 
1889 2961 3627 4868 10175 
551 2502 3743 5597 13072 
2369 4615 6118 8771 19993 
42 1907 7768 13527 19044 21738 
20893 21750 22214 23774 
4508 6612 20228 20556 21650 22820 
2369 3146 6118 6948 8771 19405 
735 1254 2502 7465 9702 14347 
1309 3851 10721 21745 21853 
936 1928 7095 7111 9915 
317 15895 21297 23554 23650 
15511 19686 19768 21770 
3969 7734 10127 20494 
6211 9693 18581 19044 21738 
23 359 1775 2993 3539 19070 21793 
847 5443 10412 19220 23938 
2067 4251 6103 6810 9468 
467 468 5166 21776 
284 2001 3916 5948 5949 
9452 10551 11585 14142 21823 
302 883 1259 1641 4137 7836 8800 21179 
151 152 5438 14388 16513 
43 2919 3841 3842 14365 
712 1172 2255 3325 6103 22026 
6251 7989 12040 19310 21806 
552 626 1480 2526 21398 
101 2670 5062 14753 22165 
785 4154 5463 5479 10065 
1206 1207 3732 10050 18384 
195 5318 5341 7087 22549 
340 426 10629 10735 21793 
4952 11458 12308 14174 
9507 9723 9859 10713 13521 18872 20222 
756 2184 4433 6531 8792 
671 1527 2022 4433 5142 
296 963 3949 4290 6323 
9178 9431 12881 14111 20121 
6 474 969 2001 2791 
16942 18848 21884 22308 
1705 7158 10127 19784 20768 
1606 1893 2614 3042 17171 
1193 1264 1362 11458 21505 
369 3331 5606 7458 21947 22073 
2246 8541 17044 18727 22001 
3419 4051 5008 6515 17336 22002 
300 529 7087 9332 21398 
569 11768 21545 22034 23348 
132 1190 4364 6157 14758 16798 
712 1172 1173 1704 2255 11500 22026 
1156 7041 10134 22209 
901 2322 9281 9282 20281 
155 476 1628 5813 7458 21947 22073 
10669 18177 22037 22516 
10619 15896 15897 20365 
1128 1817 2997 4955 12210 14859 
224 225 756 963 4290 
866 867 3817 8600 22096 23763 
172 5789 7491 14008 14514 21657 
1005 2255 2949 5480 7607 22026 
156 876 1672 6353 7905 19032 
967 3757 6892 8431 10883 12899 
3840 3851 11203 12743 21745 
3139 8807 16527 18471 21807 
2475 6153 22125 22126 22441 
427 1440 4582 23192 
615 2737 3861 8174 10647 
2657 3001 3515 7022 9139 12635 
1325 2626 4006 4155 4536 22153 
399 400 644 1652 7637 11022 
638 639 2491 6917 8709 9948 14785 
379 3502 4219 9549 
1036 1704 2255 6320 6382 8009 22026 
432 1856 5646 6556 16832 
160 1807 3742 4609 6501 22133 
529 1814 1941 4887 5468 21398 22222 
172 1516 4624 7754 
841 8517 11205 13762 21952 
23 359 3539 3859 8501 19070 21793 
1036 1244 2331 3563 4657 4847 11991 19599 
1351 1600 2229 2447 3677 4247 5707 
1078 1405 1672 2503 4211 6736 
757 9887 9960 11990 21331 
2016 2737 6233 11309 
132 2214 3597 16798 21953 
3491 4006 7083 20912 22324 22426 
1947 2304 5522 10670 15476 
219 1745 3845 3965 22324 
473 6877 8179 11457 12159 
219 1148 1745 7329 11331 22324 
218 2796 4006 4536 5493 22324 
4965 8979 10155 11382 12293 
1606 1893 2614 15617 17969 
4887 5468 5517 21398 22222 22320 22652 
7031 9499 13465 14480 22238 
4112 8094 12475 13374 17113 
2308 2309 3205 7083 10471 22324 
394 416 1365 1796 2241 6343 9162 
2675 12734 19171 19778 21342 22354 
1351 3039 4247 4724 22142 
157 4006 16049 20532 20912 22324 
311 2896 3450 9239 21876 
172 1516 14809 16083 
14629 21705 21706 21811 
865 1923 9332 11309 22165 
615 2737 5062 5341 11309 11816 15206 
2997 6187 10893 14859 22002 
1978 5504 9318 12824 16463 
4909 6567 7608 10669 11466 22499 22516 22540 
1624 1625 3649 5391 
6567 8553 22037 22436 22516 
13417 14321 22506 23300 23978 
157 219 1745 5493 9990 20532 22324 
883 1641 4873 7836 8800 21179 22517 
7061 7136 7238 7753 16481 22517 24288 
10254 15853 22506 23300 23754 23978 
1026 7504 7547 8231 10708 10830 
700 1654 1832 6455 12780 
4909 8553 15753 22435 22436 22516 
1703 3522 3733 4378 17682 
139 7425 9952 10145 13296 
120 1624 1625 7467 23406 
735 872 2141 4983 9492 9702 
3218 3219 6025 10145 12235 
2494 4878 5414 11328 21237 
3110 3442 16082 16280 20522 
6154 11474 19972 20855 22145 
1705 2331 4847 19555 19599 
176 393 1979 3250 3347 14660 
1839 5695 5696 12730 15182 
139 2235 9357 10145 12036 
537 3766 4445 15830 23650 
1148 3938 4277 5493 7083 9990 22324 
1997 2092 2445 10538 
3885 4913 5016 11565 21464 
313 607 3319 12538 21532 23047 
2246 4304 6355 7567 22001 
4887 5468 5880 11331 21398 22222 
606 2311 3001 6449 9139 
384 3043 8439 14418 22164 
1224 1254 4304 6355 6547 7465 
793 4847 5491 7396 10565 
3370 3876 7341 20352 22158 
2773 3165 3982 4466 15465 
85 591 1730 3614 8392 8673 12978 
9663 15648 18630 19352 19992 
2164 2794 17923 22693 
9626 10379 10644 10713 17514 
190 191 1703 3522 5388 13711 
823 1807 3742 11966 16426 
3580 7565 15199 15667 15688 
4887 5517 6170 21398 22320 22619 
2065 2548 3413 10155 20392 
851 10332 12242 13491 15232 
1107 1807 3954 4710 6057 
1309 1776 6474 18882 21391 
9442 18868 19597 22775 
1219 5658 5880 7695 10161 20750 
1807 4164 4710 6753 10494 
13402 13764 22037 22499 22516 
865 4887 11680 21398 22619 
425 5537 9137 17779 21817 
792 1027 1569 22026 22070 22751 
401 702 1351 2458 4021 6926 
122 6782 7968 8066 18787 19771 22164 
3153 4225 11324 16292 18104 
210 1561 5196 9865 10270 
2061 3859 8501 9139 11967 
1779 1903 3923 6313 7303 20946 
2546 7522 11379 15729 22866 
4710 5153 5972 10494 11966 
6845 8025 11615 13561 22378 
299 6344 9491 13849 22158 
3186 6771 20259 22885 
735 1707 2284 2525 4054 9702 
146 2686 7285 11382 12978 14111 
87 2445 2446 5007 9051 
128 2446 5006 11100 19774 
447 4260 5640 6344 20282 
735 2502 2525 9702 12380 19777 20170 
1173 1870 4944 11053 19761 21472 22838 
2916 6278 7010 11941 
1063 22639 22916 22917 
84 1587 8301 12115 12674 20073 21541 
496 4445 8514 11149 15830 22921 
232 233 3635 4811 22880 
1852 13316 15426 22792 22852 
285 409 1301 1952 2004 22838 
2348 7556 13078 14753 20386 
603 1522 5062 5585 6344 18837 
439 3645 3701 13078 14753 24050 
872 4412 6355 6547 11760 
948 1338 3260 11993 12823 
5153 8167 8514 9864 22921 
742 2934 6001 16359 
4 5 828 6458 10063 
4 11 12 1072 7340 18398 
2567 8628 8903 9729 11159 22776 
417 458 1308 4251 11761 22838 
5377 8799 10908 23018 
3898 18972 20109 21493 
2652 5958 6427 17276 
2652 2821 7887 17078 
6713 8501 10099 10639 21955 
1807 3954 9697 11966 22853 
2652 4595 4648 6015 11664 17078 
2770 6321 6702 6960 7085 
623 1128 1817 2924 3301 
3397 4098 6225 9102 9399 22901 
313 607 2154 3681 23047 
343 7240 11427 21207 21504 
15559 15560 15561 22270 
33 1078 1403 1672 3885 7905 
6171 8921 10823 16742 22706 
2235 6877 9357 12036 22970 
551 552 2526 13072 22962 
1237 2650 2944 9425 15872 18607 
1041 2838 3689 6428 
986 5453 5820 8567 21117 
2338 4579 7459 15010 23364 
2821 6015 6639 7887 11242 
2162 2953 8503 9685 24299 
2502 2905 6344 9254 13849 16267 
3128 3129 3144 9849 22517 
425 703 6413 9178 9490 16856 
108 4315 14095 14244 23165 
529 1941 5986 11535 21398 
1905 2584 6162 18740 23247 
3017 4781 4782 19012 
3086 14095 19566 23165 23676 
1022 3764 4922 10716 20005 21377 
2512 2916 14592 22183 23003 
865 1923 7329 11309 13556 
4710 5224 6102 10641 12584 
114 8921 10817 10823 19762 
1876 1877 3604 13495 17682 
1465 2736 2750 5054 15827 
232 233 1501 2233 4811 
5007 5039 13848 14400 
1900 7089 14828 22110 22153 
536 1587 1764 10065 12674 21623 24099 
1776 7079 8660 13167 14035 
1365 2301 5135 8761 12505 
1326 1715 8813 10566 
4052 7206 9224 13688 23446 
4488 4775 5116 10548 23406 
7278 9499 13465 14188 22238 
1404 3180 3197 3715 6899 12505 
218 1325 3778 4536 22153 
603 5062 5318 5341 5880 
16447 22047 23470 23502 
841 3396 8748 11205 15296 
3097 5664 7457 11579 15427 
421 10681 17764 18607 23648 
3370 6849 7341 9097 13035 
132 1007 4050 9705 15844 16798 18997 
374 1429 3364 7418 10879 12678 19116 20352 
211 3120 4591 6049 19578 23333 
5880 9332 15224 16162 24050 
211 580 9435 18788 19578 22853 
7693 18396 21317 23845 24020 24127 
1182 2859 8876 13794 21831 24280 
6877 8179 8255 10666 
146 5492 7285 11382 12293 
3211 3435 5948 5949 9376 
5156 5248 21249 23381 
1244 4483 4932 6429 8199 
59 300 547 1012 7087 22549 
427 3145 13191 23192 23196 
972 3865 4300 7412 12510 12511 20006 
1856 4688 5646 18881 23463 
34 150 848 2999 5960 10629 
34 848 3733 5960 8485 14451 
3023 5412 9139 12444 
19155 19156 19955 23580 
23170 23541 23589 23590 24021 
537 2436 4644 6159 9563 20196 
3982 5005 5265 8011 22007 
457 3852 7694 8305 20522 
14 2299 2947 3130 8199 
1606 3042 12896 14928 23442 
10661 17280 19048 20585 23623 
1111 8480 10983 14451 21970 
8683 9108 23121 23649 
34 348 848 4362 5960 14451 17822 23573 
1 3767 15895 21297 23650 24056 
3405 3745 14635 22966 
1568 2619 7341 13035 20352 
325 1817 6215 6980 15302 
552 1941 4930 15910 21398 22751 
319 566 3330 3537 6647 12587 
3144 4873 7136 7237 22517 
129 4892 6551 11307 13328 
2002 3865 7461 8312 12865 
987 2533 2652 2821 4829 
2593 4177 4893 6452 9926 
3686 3865 4300 12511 14305 20006 
3419 3664 4051 5237 23007 
4115 9377 10894 11507 20499 
3260 5767 5769 11136 12537 
3996 4979 4980 11966 16801 
1242 1243 10185 20905 
1417 2628 5311 19476 22087 
1192 4732 6460 16775 22783 
712 1703 3330 5388 8381 13375 16442 
1527 2334 2338 2471 8546 
4810 7135 13839 18024 19048 
4643 4919 5798 8540 8587 19861 
1309 1920 3349 18984 20213 
478 5841 8283 13687 14147 
2057 4844 7844 10735 24300 
5519 5520 8341 13323 23447 
2162 2953 7748 21950 22022 
3303 10826 19365 19747 22918 23620 
551 1018 2525 9702 12380 13072 
3325 4288 16478 19235 
287 601 10372 19048 20510 20986 
476 1628 1629 4218 7505 19998 
4215 12489 15412 17123 22620 
394 416 1365 2040 23192 
16973 20981 23782 24021 
427 855 9808 23192 23196 
2750 5640 8058 15827 23835 
1779 1903 3404 6226 9141 20946 
3245 6736 9241 10274 11654 
1568 2187 2619 9097 20352 
1173 1529 1530 4944 7643 22838 
34 426 848 5960 10629 13385 
1703 4771 5388 6178 8304 16656 
1828 8204 9714 10337 15875 19653 
2235 7804 7855 12036 18711 
110 374 560 2017 3364 19116 
3647 5640 7065 9332 9674 23835 
442 547 872 4143 4990 6147 9702 
1465 2750 15418 17205 17637 
3066 3288 4214 4225 
454 865 4887 5468 21398 22222 22656 
420 2112 7171 20499 23962 
346 453 2294 2370 4874 4979 19389 23854 
960 2279 2883 7287 23923 
2475 5145 5146 5459 22126 
1414 7549 9694 11671 
1075 13250 22506 23300 23978 
387 4115 7745 9377 19235 
4385 4929 5015 10379 10713 18307 
44 941 11848 14589 
1893 2614 2816 6599 15218 
21891 23554 23650 24056 
195 1522 5062 5341 5517 18837 
1670 2548 3413 3846 7330 8741 20392 
3996 4979 12499 16801 24033 
1780 2841 2934 16359 
508 4622 5687 9952 10883 
34 848 5960 7268 17104 18918 
5110 8049 8503 11504 24010 
970 2235 4941 5687 16147 
619 671 1439 5142 19043 
425 3482 3834 5058 9137 
3948 4013 15042 23593 23954 
447 2622 4537 5640 10069 23835 24050 
735 1480 1767 1803 9702 15717 20163 
347 1079 1898 6068 9887 
150 606 2311 2620 3980 
428 1832 12780 15690 16235 
657 1716 1829 13176 18138 
551 13072 15717 20579 22962 
4853 6905 8018 10933 12308 
985 4890 15950 17964 20269 
529 3083 3876 5547 13078 
1425 1935 2187 3530 4367 20770 
252 3327 7458 10551 21947 22073 
1005 1529 7745 16478 
2794 14928 20164 22920 23442 
2622 9040 15827 16162 21894 24050 
6867 7332 9452 14142 21456 
476 909 1497 1628 1703 2333 6178 
132 1007 4050 5947 13269 16798 18997 
2821 4262 6015 11664 24292 
3897 11052 18905 21986 23002 
168 7979 13630 14297 24280 
864 5659 5728 7693 22975 24280 
3369 6896 8503 12696 24299 
2622 4260 6344 12861 24050 
217 447 4260 6779 7616 
2859 7979 10747 13794 14297 24280 
3268 8298 20591 
10053 11154 19954 
7342 19644 20158 
3653 5072 6006 
14656 14680 16171 
16597 19911 22764 
10360 18480 19329 
539 1199 3928 
991 992 7708 
2176 15809 19977 
597 694 15577 
407 996 5531 
2324 4261 22026 
63 2346 2595 
15031 18726 19987 
273 3188 23351 
649 6160 19772 
5906 6206 7013 
6040 6235 8857 
2550 2553 16671 
8537 9344 16087 
520 521 12730 
13846 18120 20494 
1468 1500 11559 
833 834 6709 
4065 5443 14798 
5437 5915 8084 
1201 3815 22296 
15149 15702 16263 
17125 19570 22847 
760 1983 8935 
1112 2444 7194 
4313 5400 22153 
6911 18685 20071 
544 7367 8307 
8276 11451 19095 
10109 14071 20087 
7219 11936 20094 
927 1252 2880 
1102 2114 2890 
1464 2718 6816 
206 6717 17118 
2270 3032 20106 
1617 1618 17283 
1913 16595 18458 
8719 19671 20344 
624 2494 3540 
154 245 7867 
14662 20148 20149 
5237 8344 9903 
11280 16905 23299 
3478 3479 8776 
145 8191 17695 
438 5281 14218 
1162 18893 21947 
6572 9324 10181 
1504 2287 18350 
5860 12070 19433 
1845 1846 2923 
5424 7581 10166 
8264 19493 20204 
2263 2264 17811 
12562 20212 22717 
7507 14490 20215 
2996 6217 8664 
13725 18274 18275 
2128 2300 4472 
2362 2363 20412 
430 1105 8018 
1633 2875 17426 
5636 14412 20111 
3626 13926 19621 
20244 20245 20248 
4798 10292 15951 
3385 5041 17040 
25 1242 1712 
5947 7623 19623 
8212 13419 14842 
95 649 2006 
12437 12599 12948 
12533 13214 21735 
4690 8487 20296 
1519 1754 20305 
501 3202 19998 
3500 3501 18499 
1561 5717 17184 
817 2506 12312 
7730 10338 10339 
3688 7177 9902 
229 16368 16439 
9546 17766 17939 
4930 6746 13372 
6149 6961 11833 
8404 12881 16870 
186 187 4499 
5344 11024 23446 
3788 6659 20728 
2368 12552 20342 
3026 10888 17763 
3680 8826 23506 
1022 12320 18995 
3669 7253 8630 
5274 5275 10751 
19857 19858 19862 
2869 16196 20438 
6261 14487 14530 
1186 4243 7007 
43 2412 4996 
1441 11450 20457 
21 1811 5289 
477 8287 17539 
488 489 9098 
17171 20202 20491 
143 844 8434 
4560 14658 20522 
5837 11596 19329 
846 15289 22970 
3709 8964 23844 
15690 19122 19451 
12134 12391 20269 
7780 11445 19371 
5182 5183 23650 
1229 7789 10143 
3085 17023 20581 
1212 1317 3723 
9166 9396 10345 
6162 17077 20582 
586 4167 7407 
7602 17144 23192 
253 397 398 
729 2967 20618 
764 2296 8262 
3650 20556 20640 
4777 8135 8837 
8432 8668 22418 
8174 9942 17332 
2213 4658 5249 
7540 7541 20680 
7420 11663 20681 
2199 13391 20689 
1459 1460 20693 
2406 20197 20698 
848 3740 3786 
803 815 10167 
29 2948 4450 
4009 4080 20073 
2757 15512 15767 
2223 2249 2359 
2714 18597 21510 
2910 2911 19278 
6591 12263 15906 
16884 19642 20749 
2580 4165 20682 
15354 20760 21144 
16551 16775 20783 
4269 13873 20789 
6337 14266 23165 
8594 13767 19861 
14393 20834 20841 
1244 6322 9181 
1307 13102 22548 
512 3336 5184 
1467 5544 21839 
2183 2915 3624 
12522 17839 20882 
714 4227 5945 
2899 7209 20895 
7983 9809 20922 
2924 18660 20890 
2728 8953 13257 
31 382 10390 
14362 20759 24214 
4871 5829 19005 
992 2166 4189 
18940 19349 21884 
8139 13503 14566 
1563 11899 13690 
7707 7708 13533 
286 1791 9331 
6359 9417 15065 
2265 2871 8771 
2136 4415 23192 
620 631 2509 
9991 15741 15747 
3453 17082 20997 
10463 20960 21979 
3160 20595 21024 
10688 11305 15232 
10418 17659 21025 
12674 16659 19994 
6838 7226 8071 
3963 6597 20998 
949 1109 5980 
200 15145 18558 
2338 2952 3115 
17896 21059 21060 
455 5195 10377 
440 1157 1351 
1169 1170 5622 
6755 13635 14035 
16663 21116 23626 
424 19111 19939 
8438 10577 12879 
10673 19017 21133 
6100 7262 10583 
2373 6099 22392 
3620 9918 21148 
8691 14895 21156 
5047 13388 21953 
3876 8746 20817 
207 1532 1952 
516 4838 6921 
1889 6858 7517 
5249 12490 21154 
223 226 8851 
1189 4389 8805 
565 4811 5524 
5609 19329 20948 
21262 21263 22194 
3135 4954 16311 
4073 9383 22324 
7839 12394 21275 
144 2653 6579 
1053 2816 10522 
9913 12854 19048 
7715 13302 16196 
3409 6664 19006 
8369 8370 12556 
324 2913 3817 
12674 14029 20641 
10106 11923 15395 
2917 2918 3653 
105 1408 14235 
13614 19627 21427 
12801 20997 21104 
18088 18209 20425 
2367 7797 12204 
4329 4405 4406 
10305 17720 17721 
537 8168 21481 
19913 19914 21489 
17927 21265 21512 
2290 2291 23519 
7468 21508 21530 
8620 8621 21537 
650 1343 8481 
631 3962 20108 
173 10533 21571 
2895 4210 21593 
741 11807 14484 
5767 6066 9398 
16639 19191 23124 
3806 15203 24016 
2604 5423 21333 
3193 6236 7199 
954 8024 11252 
1196 4005 4937 
3695 6093 22488 
19044 21662 21663 
7931 12156 21427 
3131 7320 15849 
1252 3933 21700 
1127 4763 8990 
6040 6795 7212 
11658 20946 21423 
4539 7610 7611 
16809 17318 23975 
14243 20985 21802 
1535 2982 22552 
5533 11761 21747 
6451 13447 19048 
2006 9004 14472 
672 1380 4694 
4043 9909 24266 
2603 11055 13989 
6399 15362 21761 
3750 11374 16044 
6391 9102 21778 
1836 1969 17044 
3504 6054 15725 
5578 9462 21800 
9658 20541 21409 
5565 12547 16266 
500 501 6680 
2205 2785 16798 
15 1816 4146 
8672 12194 18418 
9426 17513 21855 
4617 6380 11277 
5136 5381 5514 
4432 5372 23900 
1191 1666 10286 
5352 16492 22484 
8 12635 14796 
8081 8495 21799 
6315 6808 10371 
7024 12541 21024 
4120 6685 18786 
2088 10332 11316 
2426 2427 3748 
2144 4665 17415 
3232 20619 20620 
6969 9694 21989 
11685 22003 22875 
682 2202 2300 
3887 13933 21972 
3609 3610 10479 
1866 2082 21538 
2976 17151 17500 
1709 9446 20904 
1039 6822 12674 
743 21776 21997 
1995 3833 23923 
8237 12923 17830 
5187 19584 22083 
6929 10065 13331 
185 3887 10322 
1800 12687 21718 
1145 4104 14575 
1144 8815 15561 
22106 22128 22410 
21933 22130 22131 
1958 14547 21172 
2868 2869 3187 
12794 13696 18446 
443 2346 8584 
3282 17015 21500 
8187 20281 22147 
5153 14381 18577 
3355 15902 20728 
13515 13917 20033 
741 8632 21434 
3704 8783 22706 
275 10239 22010 
1672 7008 13482 
1685 5144 22218 
2244 20551 22223 
973 1042 6900 
7244 18036 19769 
395 2317 2394 
7035 11927 18987 
3106 4058 15362 
9750 20269 22315 
22334 22335 22717 
7727 22346 22361 
3037 3304 18964 
10457 22383 22391 
8441 22403 23886 
1475 1476 2853 
4296 5615 22416 
976 2317 3824 
6203 10016 22440 
5255 10646 22342 
2001 8582 18897 
3955 4849 15450 
3627 4099 11630 
9617 9791 19510 
3949 5599 5893 
20 2518 6550 
9821 20286 22676 
655 2380 13783 
5336 15526 17932 
1077 6173 13928 
154 4360 15790 
6061 22541 23223 
4642 13907 19861 
860 7092 9595 
206 818 8651 
1377 10061 13374 
9356 12634 15501 
441 9285 14071 
20208 21030 22637 
7827 22663 22901 
16606 18789 22667 
4911 9592 23439 
375 1936 7375 
5021 20551 22679 
22687 22688 22795 
3035 16486 23281 
10708 17813 22116 
781 4964 8876 
6092 22725 23070 
6794 10708 12528 
532 14344 22742 
1259 8061 8375 
1867 22734 22745 
2816 11801 22455 
1286 2741 22677 
3684 3762 3865 
10553 10976 22780 
2674 11138 18526 
9096 19294 22758 
17612 20173 21054 
10625 12822 18592 
3761 15720 21103 
294 10147 20759 
713 2306 10992 
22490 22872 23263 
7393 12986 15415 
91 2207 8288 
460 2730 23854 
16780 22951 22952 
2536 6579 11456 
2100 3749 4738 
2409 22982 22983 
868 22986 24237 
1713 4660 6309 
1868 3982 5093 
710 711 16104 
4158 7621 14828 
14095 23013 23014 
3442 15071 23022 
1808 3561 20770 
2745 7430 21218 
280 9829 10217 
8934 17395 22838 
502 5597 8941 
19718 23064 24146 
6936 17926 21745 
848 1445 14800 
12808 17320 17321 
11548 14833 22341 
5244 10562 20313 
1124 2760 5249 
23181 23182 23189 
7606 9199 22852 
13358 17751 22075 
1681 8307 10306 
6643 9985 23121 
3624 3648 9027 
226 2769 4548 
2614 3191 9722 
2830 3276 10076 
7428 8227 11490 
196 6938 13616 
241 4636 5982 
756 2600 7837 
11025 19774 23357 
216 5646 9090 
6861 22424 23366 
1252 3616 13486 
381 1171 4875 
4329 7936 13861 
6503 12874 21956 
803 8528 23283 
9405 22183 23430 
2025 2929 10270 
283 1132 2425 
3108 7542 12983 
782 7225 17682 
1252 10165 18435 
3081 3082 7132 
10222 19380 19665 
5466 9169 18020 
5132 18038 23279 
4687 6620 22741 
795 1638 5487 
1458 10532 23303 
6107 10665 23418 
1359 12736 20317 
2914 10248 21955 
819 4916 23629 
476 5154 11793 
1211 1317 5478 
7953 16249 23653 
12365 14012 20186 
1048 15138 23675 
2451 5573 23445 
1628 2602 18294 
1616 4902 22238 
4268 4269 22138 
10395 17664 22549 
2481 6390 19861 
771 9168 9374 
10861 11006 14563 
1949 8028 15849 
3289 6065 6200 
821 5780 6906 
736 1239 20522 
5131 5839 22484 
6828 22183 22275 
725 21456 21681 
16753 20991 23877 
1831 3693 19998 
150 3753 14679 
15587 23086 23487 
12408 13803 18701 
14724 20834 20851 
9200 19345 23856 
8662 13230 22905 
1099 7940 23333 
7264 23957 24027 
13360 15959 21806 
988 1153 4928 
436 4951 5726 
17445 19650 21807 
3336 9083 23504 
1500 12568 23731 
4803 8082 23007 
10641 14984 20756 
730 19055 20209 
13320 13321 15232 
6371 7347 8049 
153 245 10855 
5622 8936 16243 
18 33 3999 
12622 15520 22198 
4427 17224 21807 
94 12556 17571 
713 13099 19518 
4414 4715 7853 
4291 5783 9952 
5526 9173 19869 
3466 8361 23527 
889 6785 10894 
3198 6758 21434 
4789 5777 20006 
11271 11359 22783 
3899 5720 17748 
5453 5821 18312 
5682 10197 11784 
1878 5745 10641 
4831 10312 11072 
1057 13489 21317 
6042 8235 12267 
8353 15713 23838 
2147 17296 21947 
2994 6704 11886 
740 4062 20770 
19248 20696 24167 
1934 3472 24278 
3505 6019 19578 
12654 21423 24296 
7694 18125 23103 
1415 8560 22741 
