9365 9528 12242 12313 
642 1684 1685 2705 
9297 9578 14393 19468 19764 
3043 4674 5008 6596 10414 
113 324 1477 2156 4759 
196 241 242 701 2535 3384 5643 12674 
279 615 852 1232 1239 2002 4974 
229 230 4419 16439 
545 2300 2947 7019 7262 
328 1090 1758 3107 12674 14791 
432 1548 3185 5777 15648 
2138 2139 6337 9790 
149 318 5577 5620 9178 14111 
438 1740 3295 4079 14218 
829 3980 5412 16756 
528 7087 11816 12885 17987 
654 2223 2249 16151 17451 
653 654 2223 8961 
149 318 2949 4907 6902 14111 14599 14681 16873 
771 1758 4929 7000 7517 12674 
848 856 2650 7059 14800 
597 1589 1758 3293 12125 12674 
1215 1216 2589 4558 5064 5384 6102 6356 12781 
632 893 2089 5040 5420 14709 
749 3820 3821 6873 
996 1871 1875 4553 16531 
1882 10230 11389 11443 14869 15946 16167 
4853 8018 8019 10933 11380 
927 2880 3616 5891 6824 
7627 11499 11549 14869 16167 
196 217 3075 5401 6556 8057 12674 13262 19592 
1417 2368 4127 4533 11572 16183 
1440 1590 1662 1765 2040 
318 6248 9178 12067 13610 14111 
191 526 741 1652 1876 2476 5651 12674 
395 1301 2004 2279 17194 
1259 1629 2738 3350 3374 
7206 8934 13742 17092 17194 
4475 4476 5084 8249 
848 2650 10368 10375 15299 
2545 4191 6948 15049 18764 
149 318 1818 5374 14111 14704 
6971 6972 15077 15078 
56 2099 12408 13487 13711 14092 
432 852 1232 1548 3763 17577 
622 1453 3455 7220 11795 
393 1372 2919 3273 13504 15087 
778 779 793 12708 
318 572 2187 2949 4907 14111 14681 16873 
1847 1848 2940 7304 15142 
1758 3107 3669 7253 12674 14791 
432 1548 2126 3763 10572 
4159 5028 8763 16257 
2145 3225 4665 5175 11485 17004 
314 10075 11768 11969 15160 16829 
539 1199 3737 3928 
139 2235 2262 4398 9976 13611 
3627 5472 9099 11184 17044 
757 819 1495 3443 4916 
649 6290 11868 12696 15138 
421 856 3537 7059 11008 14800 
812 2066 2313 2333 3786 6111 8303 8304 
2607 2608 4842 14444 
5504 6405 10397 15723 
819 1297 2146 4917 16393 
3947 5004 5019 5842 8349 13352 
321 1062 3032 3033 11456 
5017 8552 10418 14796 18082 
1781 5017 10418 12635 
19 225 4290 7535 
940 10368 12587 14451 15299 
1220 1560 2137 2548 4242 
168 405 3114 4464 19054 
104 2267 2810 6204 8160 
4404 11637 12794 13694 13696 
3435 6826 6832 7332 14612 
572 1745 1809 6169 12888 
2769 2770 6321 7085 
997 6702 7085 7086 14388 
2230 2332 2333 8303 9283 
72 566 726 7105 12584 
474 863 1319 1380 16105 16145 
3146 4788 4980 6118 11647 19405 
970 3757 6892 8406 9176 
3698 3947 5020 5614 5842 11727 
2235 2262 2406 4399 6892 
206 13044 13504 13768 15471 19525 
367 749 1705 8093 14192 
165 166 245 1830 3727 
1882 10792 10912 14869 15355 
224 225 756 4290 
5223 9141 13576 13721 
13761 15559 15560 16008 
631 1458 6689 7191 9008 15052 
206 1083 6977 13768 13853 15471 
305 306 6006 8024 
1860 6808 10371 15410 
520 1839 1840 5695 5696 12730 17341 
417 1185 1871 4553 16531 
8031 13320 13321 15232 
1274 1275 2325 4883 
613 2477 2603 4033 4191 
1860 6315 10371 13403 13710 
421 723 3749 4738 8433 8634 
813 3202 3714 5845 12245 
720 3389 6431 6611 
1220 1522 1560 3846 10377 17193 
756 1527 2184 3197 5135 
59 191 701 741 2324 7323 12674 
908 2298 2302 3884 8906 
282 908 2298 2302 3847 16870 
70 1177 2023 6212 11056 12888 
4102 4315 14095 14244 19566 
3244 7672 9403 9404 
842 919 4823 12559 13714 14042 14092 
453 734 872 1803 2141 14107 15717 
138 139 2235 6042 
217 1024 1219 1670 5646 6556 13262 14590 
1540 2049 3182 4696 16754 
1128 6015 7581 10166 15911 
1734 7954 8344 8994 9903 
3522 12559 13711 13714 14042 14092 
1489 2284 4990 5585 8319 15717 
1508 5024 8597 10706 12363 
2187 4062 12559 13711 16832 
238 488 489 3078 9098 18348 
5023 6731 12280 14348 
3325 6471 7745 8093 10412 
11481 11482 15786 15851 15852 
2781 2782 4246 8803 13887 
2821 6015 6205 17478 
1043 5883 7655 14117 
1641 7753 7836 14192 16258 
9 1116 11676 12849 13782 
2270 2302 2593 11553 
185 974 975 1503 
856 2123 7059 12227 14350 15299 
224 756 1730 2184 6685 
1240 5497 6338 7130 7466 14111 
852 1649 2002 4974 8156 9774 14347 
1798 4246 8803 13887 13986 
1309 2802 13167 13635 14035 
165 1005 1006 1062 7225 8830 
1208 2199 2279 4054 7287 
159 4096 5757 7685 
2770 10071 12073 16245 
1417 1418 4533 11572 13079 
377 1465 3730 15418 15827 17830 
2297 5449 6651 15846 
843 14635 16035 16318 
285 427 1365 1366 1440 1590 1661 2136 13191 
1027 1429 1581 2125 2900 
90 453 734 872 12380 
191 741 4062 4411 4825 5613 12558 12559 
224 700 2338 4787 5268 
1787 2811 4311 6104 12844 
4831 6204 13922 15752 17951 
2128 2299 2300 2947 7509 
1027 1849 1850 2533 7754 
432 560 568 1940 5728 12176 19643 
3564 5562 10299 11468 16152 
3779 4291 16156 16301 16670 
940 1446 1927 6528 9960 15299 
4038 16171 18606 19144 19484 
885 3823 5054 11029 17128 
6388 16236 16237 16240 
2311 2826 5915 12805 
3036 7756 10844 14506 
474 969 2791 7811 16147 
148 609 7062 7237 8812 16258 
96 672 4244 8119 19351 
16 368 5484 6582 7992 13392 13818 16161 16798 
2338 4123 4725 5268 12037 
723 7322 8433 15868 15869 
786 1078 3245 3675 4394 11207 
447 2502 3957 6144 12861 15827 
2292 5715 7050 16267 16758 
157 2187 5847 13711 14681 
4665 6072 12543 12593 16388 
6194 11955 14737 15179 
819 1182 4288 8876 16393 
217 432 1548 4241 8777 13262 
5909 5910 9042 13258 
256 257 2104 6159 10421 
819 1313 2146 4669 4964 16393 
1256 1463 2353 6026 
591 1067 1877 6111 9118 
72 173 566 726 6134 
2146 3081 3082 3114 4680 4964 15216 
986 987 2652 4287 4814 16393 
538 1703 1877 2066 6111 
217 447 1670 1707 5646 6556 13262 14590 
476 1628 4012 4128 15491 
2547 3139 3861 10930 16527 16735 
16 368 699 4389 7078 16798 
1061 1824 3198 4057 7130 
4176 7109 7535 8934 10191 17092 
217 1670 7613 8017 8058 11169 13262 
217 432 1548 5179 7616 13262 
1252 2880 5891 8900 16393 
612 1404 1527 3424 6549 11456 16067 17092 
1641 2075 3128 8813 10566 16258 
2622 3729 6144 12861 15224 15827 
960 3023 3980 8084 16756 16917 
432 9316 17577 18253 
181 185 8192 11108 15772 
393 958 1519 2160 3273 15621 
16 368 1189 1190 1276 14654 16798 
5019 5114 8349 11571 13352 
16 326 368 6582 7623 7992 13818 16161 16798 
16 326 368 2785 11317 16613 16798 
3701 9332 9491 14753 
16 368 2595 4818 11317 16613 16798 
539 1199 2408 4655 6546 
16 368 699 2148 7428 16798 
16 368 4392 5483 5951 16798 
16 368 2148 2484 8517 13388 16798 
521 599 2129 5696 12730 
2685 3196 4873 8762 11930 
11577 13954 16867 16868 19602 
16 368 1115 2147 2148 16798 
77 78 2300 5491 7396 
5883 7655 8699 11978 16927 
2412 2557 3226 6835 10159 
1512 3962 4251 4717 5965 6659 11761 
6880 8042 10075 10358 11768 16829 
4388 17040 17438 17558 
203 204 757 2108 6651 
56 2066 2099 12408 12559 13711 
19 1140 1274 7535 
427 612 3020 4553 17092 
2298 3884 4606 17092 17194 
713 3701 3846 16745 
427 612 1727 2990 3145 17092 17872 
394 395 9313 17092 17194 
1799 1800 1910 11184 
607 922 960 4197 16756 
960 5412 6451 9139 16756 
2108 5450 6412 6651 10573 
93 670 1952 16148 17194 
2812 8653 12465 17113 
428 670 1952 2199 2279 17194 
507 888 5116 8082 14752 
784 1856 5054 8499 11029 
264 6523 10745 15536 
1628 1629 2086 2594 4164 4710 6813 
4345 9232 9233 12152 
3118 4736 16809 17317 17318 
655 4443 4917 11673 16393 
940 1926 3026 4920 11008 15299 15872 
33 35 996 1996 8353 
432 1316 1548 10572 15648 
1477 11676 17126 17243 
282 9313 16870 17092 17144 17194 
6626 6892 8431 9406 10883 
717 5993 6159 9563 17478 
145 670 2218 8191 17092 17194 
579 1237 3065 9966 10368 10575 15872 
231 4777 7930 8837 
590 4340 4635 4838 6876 11201 
19 20 1274 2518 13234 
1776 5906 6206 7013 11084 
3143 5607 8023 8697 17520 
1824 3364 8722 9332 18227 
4222 8187 12794 17441 17490 
4112 4298 11924 17884 
2494 2495 4877 4942 6000 10598 
108 452 11506 17590 
786 3245 3675 4913 5395 9950 12493 
5648 7986 8941 12240 17728 
710 711 1215 2589 4206 
17368 17369 17388 17732 
1421 2675 14941 17743 18152 
1268 3749 3750 4738 8634 10368 
476 6015 7887 11664 17078 
1111 1491 2917 2918 3653 
269 1523 1672 7716 13065 
2218 2279 2302 16870 17194 
203 757 4916 11517 17823 
288 289 3950 3951 
172 4443 4624 5891 16393 
601 6704 7893 11247 13839 18024 
8047 8498 8984 9735 11168 
7978 17766 17938 17939 19087 19412 
2552 5634 6201 15635 15652 
427 612 2136 7211 17092 17194 
96 4244 4694 5884 16921 16963 
612 2184 6531 9162 9313 17092 
3580 4743 15083 15475 17727 
3871 15304 17764 17822 18071 
3839 6936 11602 13629 18406 
5386 12724 15400 15402 16955 
13 1326 2499 5371 10566 
4093 4110 6697 7569 13756 
669 910 2110 6711 16292 
1748 2503 2504 3675 16480 
2234 2235 2262 4066 9237 
165 346 1005 2325 12310 
934 2821 4648 6258 11664 17478 
544 1527 1954 11456 12669 16067 
605 2783 4157 14055 18157 
13466 17200 17201 19353 
241 242 701 4093 6697 11859 
1560 1603 4093 4901 6697 
4620 5472 6906 9099 17044 
1366 1440 1765 2040 6720 
8537 12242 12313 18198 
8293 8943 10274 11207 17823 
452 1058 3856 7299 8360 
41 996 2990 5531 17176 
927 1252 1778 2880 5981 
870 1555 4425 4847 11957 
1604 2506 2655 2684 10099 
2462 5045 10066 11087 18242 
331 5449 5450 6412 15846 
1640 2162 11630 16308 18242 
425 972 5315 19309 
2358 7559 16159 17935 
1600 2389 4758 8630 11470 
8562 17237 18069 19582 19620 
1057 7693 15780 16230 18396 19054 
2555 2576 4047 13805 14809 
177 5067 18468 18639 
981 1929 3942 11452 15245 
68 1758 5054 10660 12674 16312 
1000 2208 3581 4600 17298 
2373 3922 4308 5724 18458 
156 1405 2823 6736 11584 17823 18317 
1254 8008 10966 15837 18527 
2419 2420 2440 10081 
873 4831 6844 10876 18086 
393 1754 2010 2219 18172 
1019 4931 8561 11630 12418 
2311 6092 7022 9139 10176 15879 
1324 16173 16361 16981 
574 1157 1351 2458 2480 
200 6781 11015 18742 
1424 3627 4983 5954 
659 8607 8608 10666 18711 
35 3004 3084 5786 
2311 2657 3001 6445 19401 
1898 3244 8293 11207 17823 
149 1569 6902 14111 14521 
1275 9206 11132 15010 17423 
110 1149 2017 8590 19149 
560 1547 15315 19111 19309 
155 1128 1628 1816 2966 19355 
172 209 4611 6685 14809 
4836 8065 14640 17389 19048 
4336 4818 5736 17051 19591 
3645 6900 12214 18686 
2037 2710 12395 19192 19674 
1540 3182 6808 8992 10371 
16 368 2483 2484 12245 16798 
1629 1807 3742 6501 9697 
257 2253 8020 9764 19181 
377 1425 3329 4063 17830 
149 9858 14111 16732 18704 
16 247 2214 5153 8514 12005 16798 
16 368 1880 10941 15170 16798 
6469 8092 9524 13382 19310 
75 3329 11062 17979 19116 19512 
16 368 850 3335 4024 16798 
1194 1279 8409 12465 14864 17113 
1402 1549 8381 12587 14800 
432 1548 1742 3184 8231 19352 
432 1548 1940 2187 5728 16500 19643 
1107 1112 1629 2086 3742 4164 6813 
1560 2137 2642 2700 9102 
340 426 10186 17374 19070 
4379 4936 8037 11500 
1418 1820 4533 4557 13436 
120 1624 1625 3649 
6892 8406 8431 8668 10883 
2912 14642 19506 19507 19550 
10481 19497 19506 19507 19550 
3372 4077 5152 6015 11664 17078 
892 936 1928 9915 
279 615 1344 7284 
3047 8231 9632 9987 19556 
2640 3881 9037 16294 
129 3177 3355 3427 19578 
1211 1212 3779 16731 
1705 1947 3969 6901 8548 13929 
1596 1691 8619 19493 19671 
1361 1630 8619 18350 19671 
282 321 955 2265 2338 10360 16870 
4919 5057 6249 8587 19149 
3887 4043 9403 10243 11558 
2347 6853 13363 16634 18617 
4138 8329 11062 17979 19116 19512 
875 8212 9305 12301 16927 
372 1511 2452 2965 5573 6488 
1876 2066 6111 13408 17682 
16 368 1276 4367 9464 16732 16798 19181 
2280 5562 6236 10299 19653 
3486 5006 7966 9051 19774 
552 625 626 1767 19777 
5391 7773 10275 19537 19827 
346 559 6900 9325 9380 
3212 3213 5872 9100 12003 13342 
3817 8600 16262 
7467 11447 13171 
3902 6302 11633 
244 7763 10336 
14715 14716 14825 
14268 14269 14718 
2599 3051 17493 
1937 6458 11921 
1378 3005 3006 
2971 7239 14568 
2668 2935 10591 
2330 13499 13500 
1715 8963 10696 
1450 2667 6407 
14739 14748 14814 
533 14764 19361 
1540 7434 10474 
14780 14781 14955 
4522 13159 13160 
150 11879 14808 
3318 3319 3513 
4227 4228 13075 
678 1516 11101 
695 14346 18068 
241 1010 1408 
3582 10074 14823 
2087 14844 16798 
11217 12508 15871 
5515 8162 8163 
2261 4492 13633 
422 2206 2207 
160 4609 14095 
669 882 2069 
1650 4205 6045 
1540 1541 14914 
394 1163 2653 
2305 2768 4804 
53 2338 3009 
6893 12736 14921 
14693 14694 16115 
1817 4296 11069 
4385 4527 18575 
4226 7686 11527 
586 3161 6052 
10560 11742 14974 
991 992 1502 
2374 2709 8503 
1709 1889 2435 
11864 14459 14970 
5253 5254 10886 
5712 6008 15001 
10610 11087 15043 
2399 2400 3978 
231 2425 15050 
5714 9384 15137 
252 851 11725 
6359 9417 15065 
3190 3191 13737 
7458 8801 15087 
13054 15082 15660 
2737 7004 7087 
6013 6795 7212 
1994 1995 4329 
1193 1194 15114 
3915 4120 4307 
613 4567 15136 
7996 7997 11129 
2906 3114 13630 
14600 15144 15178 
4679 4680 7713 
6322 12237 15152 
45 508 5734 
147 9941 12674 
114 782 19226 
1241 4434 7081 
13412 13666 15240 
2729 3028 16472 
4500 4501 7339 
2552 4284 7274 
3220 9096 15270 
1440 5033 8068 
2223 2359 9242 
10974 15296 16798 
15 15301 15302 
2674 3990 11138 
2830 7207 9238 
1186 3653 8290 
2500 2501 15343 
6825 14612 15339 
2530 5110 6254 
698 7564 15378 
10231 14715 15380 
7893 12854 13429 
1963 2629 14709 
847 4852 4872 
340 3624 3695 
7589 11761 13982 
1169 1170 5622 
673 8046 16487 
4198 8456 10638 
8526 11761 13097 
2922 15455 15456 
2773 3165 15465 
7189 15467 15468 
8352 12188 15473 
11488 15474 18052 
2303 8179 17607 
2361 14609 15496 
7365 15510 16717 
2101 15358 16160 
638 1919 6115 
663 2095 4590 
3227 5440 5693 
252 1234 12538 
3755 5165 5863 
1894 2996 6217 
9046 9047 13445 
4758 15594 15595 
6339 11971 18060 
942 4485 13241 
6775 11593 19248 
6832 12594 14290 
4714 4715 5330 
5892 8711 8853 
8636 9084 9481 
5565 7024 16266 
1 15265 15830 
234 438 439 
253 397 7946 
3638 9991 15741 
5526 15743 15746 
3761 12312 15720 
11769 13819 18601 
13475 13481 15754 
11707 15759 15760 
5667 5668 15766 
4105 10088 11188 
1955 2771 10090 
4195 5452 5453 
1087 3135 5788 
8148 11024 13688 
2393 7236 15448 
1527 2301 11518 
4269 8885 11055 
12382 12458 12459 
744 2700 2701 
161 325 19578 
1891 4148 6457 
1120 7275 8841 
1200 1247 10843 
3340 9879 16861 
9520 11761 12546 
608 8378 16258 
1098 3818 3819 
3700 4614 11761 
4798 15875 15951 
1835 10175 12374 
15921 15922 16077 
684 2810 9376 
1468 2110 4303 
12200 15805 16725 
435 8953 15955 
494 575 17798 
8288 10306 13736 
1195 7320 15969 
2723 15977 15978 
3049 3050 11903 
5236 6266 10219 
3960 10993 16015 
7398 13895 14630 
8538 16055 16056 
95 3254 9004 
5592 7000 7360 
3566 9773 15302 
1193 1264 9338 
6591 11585 15906 
1402 3611 15176 
16118 16119 16809 
2797 8328 10229 
76 10413 16162 
889 6785 10894 
1484 1485 5546 
4428 7753 12316 
2266 2267 16217 
5636 9036 16090 
3386 4323 6522 
2540 3982 6862 
9096 15279 15398 
3370 4325 15673 
7545 12674 16271 
95 357 16070 
872 2103 5492 
1378 4181 12021 
5827 5828 13764 
16374 16375 18076 
15597 16382 17269 
1634 2750 5281 
442 3917 15717 
981 6739 16349 
3193 5504 11537 
4425 4735 16419 
576 1922 16606 
14629 16339 17821 
1029 2162 10944 
2164 4621 11941 
14321 15853 19219 
844 2690 16479 
14282 16484 16485 
3675 10349 11067 
10954 15971 16497 
185 5699 10785 
6851 15475 16196 
503 504 17092 
3653 8688 12822 
1314 1993 11954 
3202 4837 11137 
3466 5055 6235 
2254 9391 10900 
4098 4921 6153 
1905 6161 6162 
4548 9700 9959 
6856 9221 16630 
4280 6590 14934 
2400 5216 5940 
6439 12745 16657 
2550 2553 16671 
968 2235 7076 
2517 7237 8485 
6143 14050 15410 
10156 10197 14612 
6120 15846 16144 
5646 11807 14484 
6215 6646 8075 
876 3787 4681 
3074 3077 4321 
7707 7708 13533 
151 152 3386 
2411 3300 12189 
9297 16767 16774 
6573 12124 14144 
16805 16806 17011 
5465 6125 15001 
4040 9665 14917 
81 1490 19405 
6366 6716 8562 
815 10978 14359 
3577 9480 17714 
10087 13926 19602 
7980 12551 13811 
280 281 9917 
1354 9901 16630 
341 4464 16923 
6194 12057 16929 
11750 16933 17826 
206 10255 10256 
288 944 13425 
2462 5146 5212 
7529 16961 16962 
3504 6054 12298 
3433 3914 16989 
3174 12294 14709 
125 1786 4105 
5070 15475 17032 
1074 1145 2608 
4637 17081 17082 
13375 16442 17106 
3456 11761 15187 
5002 5599 5893 
153 245 7867 
210 10270 13327 
1617 1618 17283 
525 6862 11275 
5771 5772 6461 
5998 5999 16798 
17081 17110 17348 
5333 7840 9112 
2260 2261 10385 
1145 4947 14085 
3732 4305 12186 
8049 12481 13657 
156 1079 11945 
1298 8707 11645 
160 4167 5942 
2317 3824 12153 
2715 7805 12781 
385 1467 3039 
6376 7269 18418 
4665 6436 7557 
4845 17480 17970 
2647 6810 19578 
10056 16780 17610 
5678 15565 18711 
3937 17596 18058 
3633 3634 16342 
1387 6088 16266 
10003 13436 15957 
852 1439 10830 
7360 7468 11970 
12343 17063 17739 
11926 17740 17784 
5555 6440 17437 
2589 6753 10751 
2747 4985 18582 
8071 11186 12301 
2263 2264 17811 
12114 17819 17908 
4452 6507 10528 
4039 4114 17801 
3400 15805 17843 
477 2107 2852 
596 893 14400 
2242 7685 15538 
2715 4874 11634 
2412 3204 12784 
1238 7085 10050 
2304 13783 18062 
1486 3561 9178 
2420 4346 6529 
1998 3099 7407 
687 991 1492 
5687 10666 13170 
1969 2246 5289 
1022 9820 14235 
2222 5341 6248 
2475 2476 5459 
713 2306 5908 
1978 4391 18210 
5907 12210 16927 
5236 5237 5618 
1050 2120 10859 
5577 10345 18258 
7499 17004 18268 
3023 3024 10128 
9733 11613 17608 
5445 13197 19116 
124 2910 8678 
614 14924 16727 
12674 15733 16659 
1309 7649 16563 
965 966 16798 
4034 4035 4073 
1091 9831 19116 
11421 18492 18893 
18533 18534 19638 
2075 10609 18491 
2580 7122 10137 
2731 2769 7951 
6343 9162 15121 
9 13749 15190 
206 4480 6199 
696 16711 18960 
18676 18725 19772 
2432 18630 19352 
5565 7798 12652 
4337 4894 6212 
2423 3504 7390 
13476 15754 18832 
4942 7566 7833 
18850 18851 18924 
55 2022 4611 
4688 5646 18881 
17587 18335 18894 
3188 18936 19019 
647 7719 12674 
9750 18974 19315 
9308 18984 19055 
642 1934 5226 
60 5318 18837 
18988 18989 18990 
1984 10562 19027 
6058 17823 19032 
31 2245 19044 
349 6338 11559 
599 3091 11345 
1186 4243 7007 
7565 7839 17437 
7965 19141 19142 
2177 19157 19168 
3367 14891 19488 
2114 3002 17520 
1319 6517 19115 
968 11925 12905 
1128 8225 14734 
1386 7639 18086 
9623 10559 18157 
1644 11270 13694 
2977 7001 17520 
2311 2620 13137 
4120 4668 11185 
439 603 8207 
6388 19381 19521 
8354 9921 17128 
3451 8678 13933 
4877 5414 19563 
1011 7089 14235 
1344 5939 10987 
348 3733 14800 
19717 19718 19938 
366 8093 19784 
544 3154 8158 
