670 2733 6119 6730 11218 20020 
228 575 668 701 6889 16658 
1080 4895 14793 32049 
3013 4101 8842 15172 33683 
474 863 969 2001 13675 
5682 11635 14290 34585 
2072 4338 12655 33174 33978 
10325 28760 29918 33614 
34 725 952 4012 4849 7910 19263 
8100 18420 26179 33960 34171 36837 
400 1727 4176 13191 17543 32569 
1458 18711 33958 34179 35394 
3615 4887 10395 12554 22222 34058 34692 
939 940 5381 10854 28034 
1283 1476 2853 34131 35601 
147 647 741 10471 18166 33307 
368 1860 2882 4012 30098 
1191 2618 9932 32753 34882 
207 442 551 552 706 707 734 872 1468 1480 1500 1767 2126 2141 2246 2502 2525 2526 4054 5459 5467 5597 6355 6547 6649 7131 8058 8319 11029 11760 13072 13153 20579 22962 25204 25515 27021 27970 28316 28334 29999 31404 31476 32369 32958 34710 35544 36984 37319 
843 2931 8992 33324 34583 
191 2846 15824 29368 30438 31984 34692 
7008 17667 30270 34718 
229 230 4419 6258 12181 
2706 3472 5226 5458 24278 26185 
31 625 3818 3819 
3282 7403 12081 13520 17015 
5484 7623 8035 8404 27550 34291 
11341 12143 15384 33561 34022 35245 
3685 7263 12434 19352 21184 35597 
1101 2345 5248 5559 6594 8235 15829 21067 21509 23778 24649 27947 30718 32011 32197 32584 32970 33000 33247 33318 33694 34990 36508 
1172 1173 10985 20404 
1256 1463 4915 6026 7579 34777 
1237 1490 3330 5303 30837 
3518 5102 6230 34534 
33078 33087 34100 34279 
6810 10496 37538 37666 
3530 3876 5577 6394 8913 9396 10756 16732 20165 25642 27563 33975 34928 36137 
647 741 1911 3205 7083 10471 34169 
4514 8065 19049 33306 35777 
20691 26660 33562 33993 36324 
3959 3960 15237 16015 22974 
96 4244 6029 12318 16963 29409 
1275 6407 9712 10566 15010 
400 4582 6055 6724 32569 
756 2184 2849 3197 11300 14745 
12307 32340 34023 34110 34111 34862 
2061 2403 5412 6950 34395 35354 
4114 7437 9546 17801 33489 
5827 8295 11000 16891 28258 30426 35487 
851 2087 10332 12242 12313 
5078 5414 19563 33718 37639 
5414 19563 22743 34269 
1 3766 11097 15662 15830 15895 21297 22937 23554 24056 25287 25655 29364 31929 34599 35208 37065 37146 
421 3749 4306 6049 33769 
654 2223 2249 28076 30154 33415 
168 414 781 782 864 1057 1297 2203 2754 2906 3114 4341 4431 4949 4964 5728 6147 7057 7775 7979 8876 11847 13384 13794 16230 17738 18582 19054 21141 21317 21831 22975 24280 24472 24674 25725 25883 30320 30344 33098 34204 34770 35151 35214 36416 
865 2829 8238 21115 30589 35953 
237 238 3078 6115 22461 26677 35394 
108 2122 4741 14244 20826 21988 33529 
4338 12655 25766 28594 33943 
8862 16788 20969 34121 34122 
6832 11635 12594 13939 14290 27509 
25 26 2840 4074 10179 15429 
3245 4913 11654 22665 33885 
4359 5720 8991 11761 36433 
5662 11213 11983 21745 29232 35969 
536 1927 7181 9960 18317 33885 
2115 4754 6054 15725 20531 22512 32940 34022 35245 35263 35477 35649 35672 36068 37421 
12839 14582 15311 16235 18602 18987 19122 28218 34848 34886 37194 
16023 25246 30542 32645 34097 
224 225 756 4290 14388 
26912 30693 31607 34989 35230 35504 
11280 19972 21986 30227 30666 
163 415 2365 5720 32420 35689 
1991 3491 3844 5318 22619 29149 
3441 7163 12861 15827 16857 35226 
1090 1501 10475 24046 31145 31347 36044 
10309 19972 24222 30666 37443 
2540 4320 5518 17917 
425 1547 3482 4214 32973 34095 36104 
165 204 5542 9939 27112 
2331 6594 9029 10564 19599 28220 34032 
2026 15019 17329 18601 33966 34142 
2940 2941 4228 4962 7304 
11082 17279 27034 34053 
5717 17184 22198 34299 
1006 1061 3100 15211 27563 
1242 1243 5396 9582 26662 
10744 11796 15346 17896 21059 
7954 8344 9903 10733 35087 
2184 5455 6531 10168 
5794 7379 20612 34134 34682 
297 3302 3899 3949 4036 5134 5720 5804 6323 7374 9025 10216 12170 12211 14173 14220 24268 28658 31060 33859 34821 35689 36049 36977 
2478 5348 10359 16987 30960 34402 
5570 28258 28295 30426 30570 
14326 14517 17175 34044 
4038 19618 26882 31891 34154 36944 
999 2016 2309 6692 10646 22636 
29481 29494 30960 34402 
1354 6856 9221 9901 10801 15693 16630 20234 20341 21729 26911 27780 31435 34161 34605 36586 
1612 3705 6580 26171 34856 
797 1600 5439 15275 
432 1940 2187 2624 3595 33827 
58 528 529 5340 19337 21231 
1923 2016 6692 11309 25321 36149 
6104 25699 31663 35851 36356 
1467 5544 9824 10708 32812 35597 
2506 5665 5944 7203 22596 
1052 1152 1911 3491 30149 31984 
4552 9893 20202 31096 32091 34332 
16579 16580 16788 34122 
689 5570 12745 34603 35830 
2119 9823 27043 30289 34168 36775 
14307 17081 17082 30356 33913 35739 
161 2250 12618 35865 36177 
27724 31773 32615 36816 
12011 12948 29188 34134 34682 
400 427 955 1365 1366 1440 1661 1727 1952 4374 5071 5542 6064 6579 6724 7602 8309 9808 23192 34601 36304 37599 
207 1496 1532 4054 6710 7287 7602 15015 15999 32852 36603 
1677 13334 13861 22391 32433 
13417 15114 23300 28258 30426 33847 
3157 12463 15772 17023 36074 
56 703 5662 6466 34536 
9318 11576 11895 34283 34538 
5427 8260 26928 29667 32074 
2294 2317 2730 6047 20445 
1527 2022 3424 4441 5135 11300 
19 20 2518 6550 11612 
495 2785 5994 11394 25157 34599 
4258 4259 5264 14390 15170 
1779 3468 23283 25722 34145 
14231 28296 28854 33943 34097 
294 1033 1612 18419 21702 34856 
1029 11521 30377 32937 
1211 1317 1458 3723 3779 3932 5478 
175 2346 2844 3009 5768 11300 
6284 25246 31417 32544 33943 34097 34432 35246 35899 
11631 12671 34201 36740 
840 6053 21122 30039 34032 36176 
893 4893 5255 5626 20465 
8237 10572 14277 19758 23555 33524 
34 478 725 7642 7910 23318 32607 37498 
3471 6794 19956 28046 34095 
357 5157 11141 14314 16584 17964 32826 
4905 13133 27067 29610 31190 
2437 5947 8035 34291 
3580 4070 6453 7565 15688 34434 
1286 9310 9359 14233 31670 
415 2365 5940 5941 12696 32420 
191 736 1024 8884 13695 15211 30438 34169 
21005 30369 33546 34229 35227 
165 349 1027 1062 6546 
6989 13359 19376 20408 29409 
16878 18479 29488 33587 35430 36829 
1155 5630 6402 19956 34154 34831 
1417 1418 2368 4557 17173 
407 2338 3009 4725 11300 
4136 5353 16463 26720 31334 33750 34538 
27305 28018 31297 34282 36085 
347 4873 7626 7836 25782 29773 35472 
11441 17713 22919 27530 29738 34032 34902 
21334 29672 29934 30978 33834 34008 
2442 5727 18957 33739 34731 
15633 23035 24210 29631 34154 
4775 19879 34241 35934 
357 649 1048 12300 12696 21976 32826 32911 
5918 18376 21280 25093 32024 
802 1363 1364 1755 11872 14789 36280 
4485 9509 32197 34032 36176 
202 551 2683 9693 26578 35395 
3898 10309 19972 20109 37443 
1969 7553 8237 8238 17260 19758 22875 33524 
230 4999 6258 19636 25626 
71 2144 11181 17214 
2111 11535 20902 23196 34855 
16714 19131 21160 26901 36271 
1184 4987 12957 24979 
2902 4137 4907 8913 10345 14111 22751 30616 33975 34928 35668 
7611 18380 26833 32664 
2699 3055 12502 13634 33711 
1467 2119 7461 14305 34168 35597 
670 2250 2733 4206 11218 30098 
56 345 1297 2633 8105 
1601 1602 2671 4727 24909 31008 
2269 23871 24791 32011 33694 33894 
2316 5309 5458 11124 32530 35720 
912 1913 7374 13483 21840 
707 5468 5658 6589 8063 22619 22656 26411 30371 31984 32831 33589 34692 37100 
3246 3481 15238 17912 33181 
299 2624 7225 27563 33827 34652 
17124 20772 28740 30481 34256 36102 
105 5954 7315 8248 11559 17979 
2942 2943 7753 18603 23026 
10437 14802 16793 17349 34264 
1052 4887 20845 30814 31984 32831 
3986 6041 6042 6349 27569 33247 33894 
28451 32593 33000 33894 
1549 1884 4920 9425 14451 33769 36950 
58 578 1012 4536 13556 31466 
17349 23467 25541 34264 
11258 21702 34275 34604 
283 526 2279 32852 36603 
3709 3731 4432 4571 16030 18922 
2184 2593 6531 9162 
58 5986 9203 21154 27184 29870 
15289 20273 27411 32243 34179 35394 
5640 9310 14233 16022 34255 34387 
15281 30489 33227 35353 36437 
3390 8968 23978 29836 33847 
1479 2507 4021 5707 8155 
1310 5906 11084 20551 31190 37666 
735 1018 1489 2348 13078 32369 
464 2538 10170 10203 18997 29368 34291 
533 1414 4226 5970 7686 
1551 3963 6308 7060 22057 26288 35597 
1425 2082 3100 13469 15211 34169 
93 2858 2859 19054 29580 30320 
4717 5826 5965 10662 21277 29373 35391 
6567 22037 22436 22540 28577 
8365 22037 22516 22552 32104 34673 34973 
1120 4838 5436 11025 11201 
5754 23871 28271 30718 33694 
7315 8248 17979 33584 36125 
317 5994 8167 15691 22921 23554 25287 29364 29711 32660 34599 35208 37065 
3728 8913 10345 10406 30493 30616 36137 
4944 21088 33487 35391 
1157 4021 5282 5707 7594 
68 5480 10345 27563 33975 
1628 4164 4474 21947 21948 
476 1628 1629 14434 36019 
536 1274 1487 2325 4822 5542 33885 
708 709 3559 5370 16605 35485 
866 867 3817 5864 16261 22096 26924 27459 32972 33349 34170 34482 35784 37394 
10548 19879 27614 34241 36140 
2118 2119 9823 19352 21103 29614 34168 
174 570 5449 34307 34308 35037 
903 2075 8605 19682 34248 
3620 23709 32111 34961 
731 2705 3472 31564 37276 
5297 16343 17734 19095 34146 
3822 10299 24988 30646 36203 
1535 1536 1829 2300 3914 4870 4909 7608 8199 10669 13402 18279 26379 27251 27813 29240 29778 30955 32422 33587 34673 34910 35505 36201 36829 37434 
558 2191 4975 16417 29870 30447 
274 650 2391 26558 27826 34327 
2383 2619 2623 9853 34784 34925 
16647 34331 36274 36353 
21765 27558 32112 34331 36353 
1172 3700 5435 8991 11761 33487 
191 603 3083 7065 7341 30438 33827 
1005 1172 1173 3700 
731 2316 31564 32530 33389 
7412 10929 25135 33519 
731 1934 7333 8453 31564 
464 1061 12135 29368 30438 34291 
1027 1274 1938 2325 4822 30438 35668 
2928 8288 8289 25192 28812 36985 
1900 2901 8122 9940 13078 14810 31434 
23 2993 10186 11886 12914 14958 21793 36504 
280 6772 9205 29420 29595 30098 32680 
1684 1685 5226 5458 32530 
26558 26564 32340 34024 34111 34862 
1571 3909 4043 13097 34280 
5930 17189 18703 21026 31363 
7808 10359 11270 22669 34350 34402 
24210 32973 34095 34154 36944 
8553 13764 19711 34673 35650 
4887 18304 21154 31984 34058 
8365 22540 27428 29488 34973 35430 
68 1990 7908 17979 28161 
70 713 2306 6212 10160 
1610 29904 30495 34007 34362 34496 
19835 34362 34496 35443 
111 811 1435 4073 7577 15753 25881 26412 27478 28740 32236 33324 35158 36301 
741 3874 4062 11151 12490 13078 30438 
2161 13561 21725 29474 29801 
1173 10662 10985 29373 
1250 1820 2368 4660 12552 
5349 6131 15904 32530 33389 35720 
9330 13416 21172 34163 34579 
7802 7884 33992 34009 36299 
4271 10968 20250 32189 
672 5143 8119 9701 19541 
1325 3311 6592 17798 20007 
233 771 2749 3635 4527 5209 6649 7995 8326 9580 10643 14346 20865 23912 31347 35219 35626 35757 36687 
421 2650 4429 4947 6441 
2672 5654 15349 17701 21801 
7915 20702 31945 32122 34341 
454 4886 6692 22652 26411 32831 34692 
1279 11459 18555 32433 
976 2370 2730 3824 12153 
843 1698 2103 2798 19120 32236 
5583 5969 15270 21007 34269 
68 349 1027 4545 33975 
1405 1672 2503 3362 11193 13804 
4043 9883 10243 13097 34392 
8632 10879 33975 36137 
20669 23302 25246 32645 34114 34323 
10533 18436 25405 35715 
2118 2119 2736 3184 31828 32797 34168 
4084 6843 28784 30701 34424 36716 
840 2417 8501 11967 34395 36176 
1253 1856 5054 8129 11760 32958 
108 1297 2202 4741 25883 33529 
12021 23406 26097 29276 34241 
10359 11856 15286 34402 36335 36336 36340 
1063 22916 22917 34406 35123 36884 
539 2140 6303 11143 34321 34532 
95 1899 2475 2476 3293 5651 
5299 10021 22972 36505 36841 
1294 5207 10589 16066 24310 
1991 5062 5658 6692 22619 28337 34692 
7553 7567 9099 19758 24452 
2912 5230 8503 14642 27425 28145 28751 31397 31411 32029 32431 33412 33751 34478 35376 36145 37014 
3911 28631 34249 35697 
3289 3804 7810 21346 
847 2417 4069 12444 34395 
14851 23150 34052 34422 
20669 25585 34323 34425 34899 35906 
678 7705 14582 15690 34886 
2973 5181 25870 33815 33816 36488 
1503 7514 24993 33150 34426 35371 
1160 1897 5046 8075 36370 37197 
819 1297 1495 2077 4916 
559 972 9137 32973 36044 
14776 23153 29364 33724 34599 
741 4062 5532 11151 33307 34169 
5583 18009 18176 32865 34269 
2172 4960 22009 22898 28879 36161 
774 1314 6474 13798 19712 21391 21745 30098 
10467 14226 20255 34063 35693 36183 
741 4062 6902 16212 21154 26412 27585 27586 32578 36301 
1939 9506 23002 28518 34258 34871 
8936 19820 33201 33837 34414 
1081 21763 22711 32112 34465 
1152 1911 5062 5658 36149 
155 6642 11101 13065 19389 34299 
1547 3153 16895 29856 35817 36104 
578 1761 4536 7719 11062 14677 34387 
1440 1590 1661 4639 6642 
357 3322 3754 8758 32826 34550 
1991 6233 17664 18837 26735 
625 991 992 1502 7295 
2370 2672 21801 31046 34299 
19006 32184 32780 33047 34404 
147 4297 4975 18166 30809 33307 33942 
7839 13323 21758 34434 
1209 2883 3001 6710 15413 32852 
6656 11270 30847 34350 34402 36335 
2301 3115 7140 11800 12669 
3465 4213 4921 6153 11040 20420 32937 
3139 14995 27883 33252 
615 1052 7042 7225 31984 34652 
2537 7992 8035 27550 32961 
1788 6040 6200 6795 
256 257 6159 9563 
4860 9317 29482 29542 35964 
191 4062 5532 8632 13078 36301 
586 870 6053 17932 28425 34902 
982 983 9165 34488 
85 2548 7749 9831 14573 17765 
5333 5890 31046 34299 
1610 15954 29904 33288 34496 
2494 4877 18009 34269 
1403 2101 2503 2650 7059 30918 
1056 3745 5577 6113 27478 
8913 10366 10406 10756 12678 16471 16732 30616 34928 35668 
447 1991 5062 27742 35226 
34 325 2244 4849 6681 7910 19263 35865 
5126 6107 7004 34504 36641 
63 483 2147 11317 16798 27023 36268 
811 2187 2624 3522 33827 
773 2091 3446 4354 23398 
1297 4949 7330 7577 11105 
829 840 2417 3980 6092 12805 34395 36176 
3762 5350 29614 35183 35597 
2830 8148 10076 35953 
15009 18703 21025 31363 34607 
1978 11924 13418 26720 27943 
840 942 28245 30039 34032 36176 
1693 33542 35436 36153 36251 
2280 7673 24277 27669 35264 
1983 8935 10378 14081 23887 33837 34414 34514 35192 35374 35887 
802 1755 2080 7475 7654 11872 33664 
464 3732 3733 29368 30438 36218 
8382 34527 35417 35546 
725 6674 7910 15586 19263 34938 
203 2123 3666 4916 7184 
4391 11576 31334 34538 
20510 29320 29482 32064 33258 
4049 8885 11055 36380 
741 1051 2002 2119 3185 5777 6308 24897 34168 
570 4013 14881 23593 30270 34124 34718 
2161 2462 5146 9597 21916 
1265 2790 23378 34991 35034 
5102 10409 13519 14090 32628 34534 
2316 3472 5458 7588 32530 
2293 8039 9269 37129 37172 
9329 16636 22983 34163 
4164 4198 4644 5813 8456 
2217 2476 3571 5459 18892 20073 
2914 3980 7854 8653 29976 32611 
2360 7595 15994 33261 34063 
21227 23302 34114 34323 35370 
202 1221 27313 29772 35395 
691 4043 9520 11761 12370 
3328 4098 4337 6153 12644 
15 691 3224 12370 17496 33388 
302 7627 10724 11564 17402 36973 37588 
1027 1849 2906 5470 29348 
501 580 2833 3202 5782 33157 
63 483 2882 16798 30098 33163 
2721 12101 15959 20829 34981 
809 3319 3513 12538 32595 
3139 11539 12098 13086 30825 34901 
413 414 20667 22112 29363 32642 
840 870 3578 27530 34902 36176 
5215 6748 18210 27928 31553 33750 
2890 4554 4636 34163 34579 
871 3584 6429 11466 20349 24974 29240 30955 32106 32422 34673 34910 35505 35624 37005 
327 450 5054 5996 35267 
399 400 799 1661 1681 1830 
1745 1762 3083 6308 7285 12674 
2016 3215 4313 6692 15194 15824 34692 
6819 10793 12592 24719 33033 34556 
11641 12622 22937 31553 
7577 9391 13197 25298 30141 
4215 8324 25804 26318 
8167 14776 15265 16934 34599 
33 35 3749 4913 
400 1274 1487 5455 6064 
3021 14672 24791 33000 33894 34990 
2132 9023 21816 34593 
2322 2520 3997 6454 10295 16313 23877 33931 34597 34800 34986 35017 
307 7619 30701 34424 37016 
2802 3839 4460 4861 5662 6936 8804 10721 13798 29716 34201 36681 36740 
399 1681 4666 9808 36304 
1005 1027 1274 1429 1487 4883 
23842 26508 27583 34892 
601 1989 20986 24258 32064 34412 
274 650 1714 10609 14420 27826 32911 
3252 19835 33473 34609 35926 
1145 3084 3331 13988 15306 
6050 9121 10874 13710 
2471 2493 3871 6724 34601 
395 1188 2279 10361 34601 
943 2269 4657 32011 33507 
742 4846 18903 22645 30086 36148 
6705 27514 30736 33805 35742 
17398 22561 32030 32031 
5613 6085 7413 18166 33307 
16949 34090 36048 37273 
1734 5207 6014 8344 16219 33123 
997 1210 2076 4432 5427 
2098 8903 23223 25156 34406 36199 36884 
873 4831 10876 11601 22512 37280 
2016 6170 6692 10395 15824 34692 
2749 5712 9173 14873 36687 
9616 17110 17348 26464 34632 35621 
7565 11445 13292 34434 
100 9330 11286 34163 34579 
495 4445 7428 14776 34599 37065 
511 3816 3817 4107 22295 
20895 25060 26310 30321 33309 33612 
4555 24975 27067 29610 34593 
670 2733 3354 3490 11218 35865 
102 103 2731 2769 4548 
3453 9616 26464 34632 35638 
424 2037 3482 26882 32973 35597 
386 6111 8304 11316 17850 
3873 6489 13167 24804 35393 36830 
4070 8341 13292 13323 34434 
1120 3167 3322 3754 11025 34255 
2737 7087 33144 34793 
2921 3201 7936 25804 29976 
1684 2316 5349 32530 32664 
1991 8777 9941 16302 22619 22656 
5312 6005 12801 14612 28677 33891 35065 36451 36613 
15684 16979 23930 27043 30649 34168 34849 35121 35231 
5350 6185 7060 21184 27043 35183 35597 
412 8002 28318 32011 32584 34032 
407 2294 2323 2636 6047 
1637 18175 21104 31227 34670 36734 
843 12871 25560 33324 34583 
16171 19484 32111 34961 
952 2747 7322 21166 32478 36173 
514 1283 8650 8799 21104 33913 34131 
5487 5906 21745 29059 30098 32709 
3850 5906 13798 20551 23100 34593 
1483 7595 30494 33261 34063 36183 37249 
13895 14840 16935 19162 19163 34688 
4769 16801 29450 34694 
3664 4799 8497 11300 15555 17576 34697 
2747 2776 3355 6659 33487 36079 
3501 4762 9417 33210 
523 989 1973 2463 3737 25362 
892 1928 32366 37654 
21 22 548 5780 22047 23042 25362 36010 36585 
1423 6210 13527 14373 27862 
2982 16891 19448 32422 34673 
91 394 395 2241 7602 16067 34601 
570 6780 7008 7550 14881 34124 34718 
2250 4904 5906 12618 30098 35865 
570 571 14881 17347 23593 34124 34718 
495 10750 14776 23274 30598 34599 
6692 9941 15824 22656 30491 31165 34692 
437 1018 4687 34267 34710 36984 
21729 30323 34735 36937 
535 22260 23328 33135 
3185 5777 6308 24380 30823 34168 35121 
7206 9960 12289 25952 29920 
1090 4190 4984 11944 12777 36044 
6571 7054 8653 26936 32977 34681 35253 
860 9350 9507 9626 9859 33791 34832 
3130 20313 22540 29240 34673 
5073 20250 23671 27340 28636 
639 2491 6917 8709 9948 10551 
5500 8876 32234 34286 35122 
1078 3245 4913 7940 21331 
33774 33981 34018 34019 
939 2776 3355 3427 28034 36079 
318 333 8913 10972 28972 34928 
1041 2805 18262 34736 
23778 27280 28772 33837 34437 36309 
2660 6602 12430 15075 30698 35078 
1385 4671 16471 30243 
8134 11275 18260 25502 32544 
8300 8778 15348 22981 34770 37041 
2019 2034 21392 33539 37239 
5 989 1513 2475 10304 25362 35658 
446 559 5537 9137 12238 32973 
802 1755 11872 18912 22015 22484 
2061 2403 4369 4836 5915 34395 
601 11459 18555 24258 32064 34412 
3875 11421 12296 21557 32889 36166 
3225 4665 8910 11485 
439 3647 6800 6945 13078 
401 3864 6865 7046 24479 34784 34925 
1848 6274 25093 25852 32024 
6118 9833 17173 19405 19476 
241 2729 5982 16472 21991 
694 1714 3063 4915 6026 8110 34777 
1237 10274 21331 21332 22381 
2680 9126 9562 34161 34605 35586 35975 
63 483 1115 8647 8805 16798 
32 2348 2905 11029 13078 32369 
2607 2608 9832 32036 35627 37061 
1027 1068 1581 2900 32014 
735 4304 25204 32369 32511 
840 870 4485 28425 34902 36176 
1213 4306 6049 7096 13014 21923 33769 
882 3562 4560 5057 18383 34387 
372 1636 2777 4613 10831 31145 33791 
529 7762 17124 31567 34256 
2860 3026 8381 12587 21331 
1444 1940 2187 4054 4190 
1753 3801 25616 31077 37051 
7117 19152 26078 36030 36621 
918 2626 3295 6403 13078 34267 
2316 5458 7473 32530 33389 
3763 16438 16979 26175 33387 34849 
2714 2999 10330 13057 17145 
1613 3150 12412 20631 34379 34811 
9272 26220 28456 33433 34825 
432 456 1316 9916 16979 31828 
56 741 1177 2126 5597 11118 
211 2733 6551 11218 32478 36173 
2279 5720 7287 12183 31060 
860 9626 9859 10288 13521 16197 34832 
200 14940 29415 35007 35640 
162 163 415 2365 32091 32420 
212 213 6589 30417 30828 
28 8036 14145 23851 
22098 25838 34821 35959 
1848 2109 24850 25852 32024 
1549 1884 2944 8433 10193 14678 15299 36950 
495 5183 14776 23650 25287 34599 
20691 20692 22380 33562 37179 
3526 9133 18110 23434 34854 
58 529 3844 20386 22619 30679 
508 4276 6096 6829 34593 
4513 14859 18709 19591 
13680 18908 25572 30616 
9481 9771 13430 14783 29348 
4650 6935 7296 8913 20362 30438 
4137 7569 11245 30438 35668 
9564 9627 34605 36586 
4053 4686 6666 21104 34858 
625 1344 8206 16856 20359 
2028 2778 3088 21175 34254 
19839 21815 32824 34712 
2331 10959 22919 27530 33894 34032 
3949 12171 15603 22068 27726 
9713 9714 9868 20964 34776 
7117 24156 26694 34927 35795 36030 36481 36949 
564 2721 6470 10379 30799 33791 
1118 3482 19617 26882 32973 34831 
2948 8365 30426 31131 34910 34973 
6444 8763 12103 13665 24963 24996 
11087 15051 21102 33368 
27727 31095 34226 34348 
2195 5522 9700 13929 33803 
6061 22541 23223 34296 34406 35123 36199 
6550 25503 32342 34920 
694 2337 8789 27850 33437 34777 
110 2678 3139 3861 20955 34901 35276 
4637 29116 34619 35739 36810 
191 721 8913 10972 23594 30493 30680 34928 
2948 22499 31131 34910 34973 35578 
3459 6642 8435 17701 23488 34299 
24176 32678 32806 34935 
85 147 602 7042 10549 18166 18704 32128 
437 4687 16943 30680 34710 36984 
34 38 678 2250 7910 18749 
14445 34905 35417 35546 
190 3522 6338 7042 28538 
999 2016 3199 6692 10646 31567 
4561 10237 13471 21440 32284 37177 
830 20918 22751 34502 34928 
1642 4314 5994 8228 12137 37047 37065 
5101 9662 16484 17833 34950 36886 37134 
1020 1282 2698 14282 30376 34950 35479 36886 
451 989 1415 4515 4993 11630 25362 
4756 7383 15208 36443 
7243 22150 27130 34695 35597 
2247 34911 34961 34994 35082 
343 3651 26476 29667 33667 
9356 13052 16171 32111 35318 
2024 7131 12485 13216 34583 
3100 3329 3791 4110 4821 5847 34169 
110 2678 3861 10930 14873 34901 35276 
698 2174 5047 16732 18997 25099 26898 
832 16878 24662 34910 34973 35430 
6989 9228 13359 17285 19351 33068 
4887 16129 30679 37100 
3947 4049 11726 20096 34978 
2773 5020 5842 5961 6176 11726 34978 36380 
34719 34979 35260 35759 
1645 3560 7315 7908 8248 17979 
1292 12067 14176 19153 23418 
18881 23498 27582 31591 34985 
4196 4909 31131 34973 35430 36829 
6950 13087 22856 34843 36316 
1425 1808 3098 4821 12919 
6567 20313 22037 24974 27251 29240 34910 34973 35505 
2016 5401 6692 15194 16049 
68 2125 8541 30680 33975 34928 
4322 12082 19939 23760 25441 29631 34831 
14422 31131 34910 34973 36829 
6308 7412 8971 9916 14305 31828 35597 
70 843 1091 31670 32236 
1708 7612 19839 28817 34712 34853 
1732 2416 6938 32675 33794 34778 
1011 1729 6488 10202 14547 
23522 33733 34170 36291 37064 
923 10189 25793 26020 34848 
2592 7348 16391 34194 
638 3012 3305 5415 11609 
2815 24299 26558 34327 34862 
4723 4756 5962 15208 35698 
3321 9465 14307 15548 34362 34496 
4838 6241 6921 21881 36237 
2867 13561 16031 35013 35242 
205 12989 35015 35016 35096 
1665 26238 35020 35888 
288 944 6496 13425 34933 
2867 17303 23724 28299 35013 35242 
5832 9170 25817 34563 35757 
2213 4928 13844 14336 35665 
3750 10681 21232 30159 34770 
30 1252 2880 3611 3617 15780 25719 35151 
13254 13651 15748 31450 33503 
413 3054 5901 7774 29138 34123 34932 
1173 1704 3700 5561 7745 
2354 2975 12947 14244 15617 
2304 4014 15476 18376 31070 
12022 17534 34904 35760 37428 
495 4445 14776 32652 34599 37462 
6029 8517 11206 14401 35408 37116 
1563 4070 15667 15786 30461 34434 35429 
5101 6440 7823 20280 27433 34950 35479 
870 3718 21067 33344 34902 34946 
6203 19013 27941 28858 30646 36203 
2521 4723 4736 5072 13589 33713 34932 
4066 4387 11192 22406 33305 
1229 3688 9756 13623 33114 35125 
488 489 5288 10402 10403 
870 8199 28425 32422 34902 36599 
1779 9049 12302 24869 
34961 35044 35053 35082 35441 
1091 2084 3198 21154 34928 
456 2686 3685 5350 9916 20006 29614 35597 
3421 7395 9052 10486 28538 34784 
7808 10359 16627 34904 35012 37428 
5938 6392 11094 34989 35230 
12843 25502 27717 34249 35697 
7566 7778 9785 33413 34664 
536 5542 7569 15935 20440 33885 
5251 5723 7427 35073 35895 
669 19617 26250 29788 32973 34831 36044 
2234 6429 14655 22037 25312 37051 
843 2208 5647 25625 32959 33324 36520 
5647 27336 29889 36520 
2948 6567 29958 32055 34910 
68 2949 33975 34502 34928 
21172 29360 34579 34702 35958 
519 1060 5644 13207 15238 34853 
191 1703 6394 27563 29671 32236 33827 
3083 7285 11382 26245 27834 
1991 2626 17664 24611 
6602 6603 6904 15075 21921 25408 35078 36467 
16031 24691 35013 35069 35317 
989 5232 11019 18566 25362 33813 
3021 6041 6042 6349 13836 33694 34990 
9693 19775 27313 29772 
14 20313 22540 22552 27319 29488 34910 34973 35505 37005 
607 840 2061 2403 5412 34395 36176 
680 4930 12118 24434 32289 
3397 4098 4745 9102 11521 25507 
5505 23147 23587 23709 
1276 5946 8020 8035 27550 
12348 15075 17403 33576 36621 
670 2733 5986 7135 7923 11218 
60 529 1411 11395 31567 36149 
1751 3947 4049 5114 34978 
1350 2046 2897 15636 35131 35137 35981 
49 1273 8870 16085 19191 29230 33859 34821 
34 63 3335 6157 7623 7910 10941 16798 37339 
464 12135 16471 29368 31984 34291 
3716 16291 19111 32973 36044 
7723 9462 15083 34844 
7829 8020 8035 13146 29368 33636 34291 
2948 22123 32104 32106 34910 
558 1467 12434 14948 28384 32812 35597 
34 725 4849 7910 19263 24009 31779 
7494 17079 19145 23245 
599 2407 7019 12341 34962 
2958 20991 34285 34800 35017 
1926 4306 4920 6049 33769 
2858 8875 29348 30320 35214 
70 713 1091 2306 15211 
4889 5835 14307 30495 34496 37261 
989 1018 1232 3683 8129 13036 25362 36010 
740 3874 4062 13078 18216 34450 
1583 3611 3616 3756 21141 25719 35151 
3490 4197 4905 11084 37538 37666 
6910 9457 16484 20280 29024 33327 34950 35479 
2287 19671 20344 33115 33862 36257 
2898 3611 12665 13486 13794 35151 
1628 3330 7767 15491 18294 
943 3021 4022 21067 26512 27530 33894 
2664 3423 15942 17742 35175 
10912 11564 14869 14878 36973 
3157 4699 8975 24091 
1061 1581 2084 4545 21154 
108 1564 10707 14244 27933 32911 33529 
7939 8188 25037 32365 34116 
536 1140 1765 2325 30941 33885 
785 989 1018 10820 13036 25362 31434 
2948 3549 4450 22045 27251 34910 
2417 16756 16891 19448 27251 34395 
1884 3353 4778 9257 11218 15299 33769 
573 989 1232 2149 6338 8129 25362 
446 9137 12238 19956 26882 
7839 8025 20240 35213 36803 
3685 7263 10708 12528 35597 
2494 13238 18941 34815 35303 
8059 9083 16235 28251 34886 
338 2045 7983 10659 35218 
10448 14051 17442 30762 31417 34440 
3245 3749 4133 4913 7012 
108 864 1500 1699 3380 
2624 3530 13078 14810 31434 33827 
2065 3818 5249 30703 
10021 27267 29077 32019 
3685 7263 8312 33577 35597 
3763 9842 16979 21087 32511 34168 35231 36775 
785 989 2475 3322 6327 15618 24687 25362 
484 3550 11704 17312 21736 27303 33388 
6304 20894 20935 23645 32642 35771 36017 
455 4187 6650 6697 11653 
1089 5357 13784 19629 35742 36481 
420 819 1699 2077 22603 
349 5551 6546 11559 17591 27184 
699 4050 5946 9500 25099 36268 
191 603 7065 13078 30438 32236 33827 
1264 1606 2614 12947 15617 35702 
2305 2420 2652 14883 19896 
155 1816 3714 6215 28034 
502 7762 9040 9674 24050 35226 
4509 9465 14307 28854 30356 37023 
642 5226 5309 9905 9944 35720 37276 
11738 26890 27848 33895 34669 35272 
1152 1911 8063 15104 36760 36777 
10609 19410 22002 34010 
952 1405 2244 4849 36173 
4797 10664 14994 30173 31108 
23 360 6105 17145 17374 18048 36504 
347 609 8426 10662 24288 29773 
3286 10927 35282 37507 
3844 4887 22619 29149 30679 35283 
4854 14156 33805 35285 37293 
349 544 2084 5455 8766 21154 
659 7802 7855 13329 33992 34009 
807 1511 6124 7147 30473 32955 
670 934 1806 8009 11218 27933 
68 2084 21154 27585 33975 34928 
653 2223 2249 28033 35294 
7328 8180 10088 15998 35268 
5563 7651 8035 30058 33636 37300 
1064 20866 34604 35299 36870 37266 
495 5153 8514 14776 22921 34599 
300 3844 17664 22619 26735 29149 
2119 7017 9823 11130 25135 34168 
75 1410 5062 9332 13078 22619 
1090 3646 12777 19956 28046 32973 36044 
3982 4466 5020 23559 34978 36380 
28 356 9721 11095 14116 
1552 11421 12296 18720 35330 
14 27251 29237 34910 
23 808 2993 2999 8738 10649 32595 36504 
873 8929 13467 13680 16112 18908 28193 
2358 3400 11858 15805 35339 
211 2647 6361 7024 29550 36173 36177 
1283 3622 5348 8799 21104 34131 35341 35739 
1709 1865 9446 9800 35320 
138 6042 6349 7791 35128 
1090 2251 2777 8080 27544 35308 36044 37680 
24 7197 11769 25341 
15059 17743 21243 25190 35306 35365 
696 1541 2339 34583 36361 
848 2714 2999 7843 11531 
1152 1410 1911 3491 5062 22619 
3535 17668 33549 33704 35370 
928 4772 35540 37235 
6901 7734 25954 35337 
7885 21067 24649 27530 33694 34902 
100 3169 3874 8733 13078 34495 
9231 21678 32730 35382 
3612 3804 8214 24448 32589 37166 
2797 4928 9987 13283 17564 
3253 10528 23549 34432 35341 35739 
18376 26569 29845 32024 
2185 4238 5999 10546 12922 18086 28193 
87 1963 2092 2629 30014 35553 
86 87 1997 2445 30014 35553 
68 8913 17433 20121 27994 33975 
210 2929 4717 4961 25930 36177 
495 5153 5625 24056 34183 34599 
1163 6544 16238 17695 24235 
1581 3154 17125 20031 22070 23270 34596 36102 
495 14776 15265 15830 20856 34599 
785 989 1018 2246 13036 25362 34267 
986 1162 3521 4226 7141 
13345 26127 28733 35401 
1255 9465 14307 32645 34114 35370 
3827 4718 18604 35742 37246 
785 2222 6196 6479 6592 25362 
523 1296 2388 2463 23814 33884 
439 1090 1521 13078 35308 36044 
414 2879 21942 30402 31172 36398 
647 741 1500 2900 10471 
479 5841 25142 25797 33226 
528 1645 3560 4261 5340 7131 7450 
2026 5723 7682 34845 35630 
2119 9823 9824 10708 34168 35469 
1994 8208 30387 35465 
670 810 5986 7135 10361 34601 
16979 29325 33410 35121 36775 
6030 6042 6349 7791 17737 34781 
25695 27324 29363 32642 36616 
3348 6187 7836 16481 35472 
201 202 2212 25175 32936 35395 
2016 6692 12098 31165 36149 
785 989 4973 15126 23042 25362 
191 713 2306 12490 13078 15211 30438 
1798 8803 35269 35727 
8788 15699 34496 35480 35730 
412 2269 2431 5803 21067 32011 33507 
4298 5014 9494 28239 34283 
1513 3658 33405 34023 34111 
1216 1238 3422 5303 6356 18384 
3100 14681 16402 27563 34928 
68 1990 3701 6212 12888 17000 17979 
529 547 16302 22619 22656 36149 
2415 4213 4921 4922 11040 13735 30377 
2542 6849 8913 13756 30616 35100 
30489 33926 35353 35523 
580 670 1107 1807 2733 11218 
4887 6422 30679 34058 
10084 15059 17743 34436 35747 
14715 24941 29857 35181 35269 35548 36874 
3471 4586 19617 32973 34095 34831 
912 1913 7374 8085 35278 
5273 8035 11127 16161 19623 
3327 7062 7569 11404 15469 30390 35472 
2725 6100 6119 8889 35550 
1779 9049 10167 18439 29395 34145 
495 5182 5183 5625 34599 35208 
3878 10317 12443 35564 
12767 14418 25364 28609 32487 
1213 1884 7096 11814 15299 21923 33769 
785 989 1707 10896 25362 34399 
7141 13342 27303 35573 
206 514 4828 7880 8472 8650 22203 29138 
4613 8019 12608 16613 31145 36268 36969 36970 
357 7389 20280 24895 32826 35479 
4520 14321 23978 29836 35487 
456 560 3809 3865 9692 9916 31828 
528 2623 3957 5340 16857 35226 
874 1387 18086 23677 27864 
4483 12996 21067 21122 30162 34902 36176 
10360 14846 32121 32753 34402 
441 1436 4560 5057 31670 
349 1027 1581 21154 
114 5123 5289 6416 36151 
868 7507 7514 8748 24483 34426 35371 
14194 28125 31819 36415 37550 
2526 4593 7367 14107 25204 32511 
413 12030 28784 30701 37151 
785 989 12374 12603 25362 31293 34592 
15280 19294 33718 34269 
2922 3349 15170 25602 
8803 14715 27977 35269 35548 
1618 2685 3176 3177 5767 
4565 8269 19585 20966 35629 
278 279 551 853 9693 31612 
7091 7918 16909 32544 34432 
587 9004 12696 21144 35639 
4251 4717 5965 11761 18087 33487 35391 
2371 4774 12696 13477 35639 
14589 22540 30426 34673 35505 
32 4040 4376 8238 11029 20655 
581 582 2699 12502 13634 
420 421 4362 8297 23648 36950 
1429 2624 9254 30233 33827 
4650 8913 10353 19519 20362 22158 
398 21088 21277 32920 35391 
346 1444 2502 4190 7577 
60 1814 5548 12042 35665 
1662 1944 2040 2136 6720 
1410 3744 5062 5658 30481 
27251 30426 34910 35578 
26535 31418 35427 36497 
2431 10848 21067 32777 33000 33894 
185 974 975 1503 7057 14105 
3639 4736 8366 23742 31199 34230 35921 
398 4717 5965 17395 18087 33729 35391 
620 631 2509 3872 18377 36162 
785 2222 2478 10304 12578 25362 35343 
2031 16203 21844 24907 35715 
1772 14307 15744 21162 31574 33173 36414 
438 4079 4080 7970 
68 1522 1569 4650 8913 33975 
1772 6884 10448 14307 21162 31574 
3176 4128 7821 21952 22797 
9088 17878 30695 34414 34514 
3874 8174 13078 16754 30233 
600 8269 19585 20372 35629 
1566 10294 14331 35269 35727 
19295 20775 30808 31532 36186 
6885 9465 10172 14307 25405 29474 
3579 16203 16637 31819 32939 35715 
26 1513 3322 3658 32773 33115 
1916 1977 2418 3681 7976 
941 10563 14589 30426 35505 36201 
14308 28562 29319 35038 35719 
2213 2626 5548 9040 11816 35665 
1060 5644 8927 15238 16165 25976 34853 
2361 5683 14609 28552 35693 
10124 14813 22403 30736 33805 35742 
2979 13085 20794 31417 31491 35370 
1467 4111 7461 32812 35597 
1772 14307 15798 17899 21162 31574 
293 328 456 989 7881 25362 
88 1529 2595 3280 12488 36950 
1360 9465 14307 28525 34619 35739 
653 2223 8961 28033 33415 
2910 2911 8233 8512 
1623 16203 16637 18436 32939 35715 
2232 4650 8913 9858 10810 12678 
307 16354 27407 29857 35548 
1091 2548 9831 15211 16938 18863 36638 
165 245 1062 1830 8824 
3767 9751 12864 15691 16048 32660 
34 725 987 2250 4251 7910 
4027 6185 12434 20274 21184 35597 
3500 3501 18499 18500 
108 3372 4315 10707 29645 33529 35702 
1210 12215 17924 30064 30921 35614 
2716 4255 4786 7196 11452 35773 
14247 17110 19368 29347 32596 34632 35621 
29399 35728 35729 35735 35807 35824 
14715 30025 32364 33984 35269 
6421 17809 28750 37498 
9243 11509 11510 35763 
5667 6475 6476 10067 34909 36343 
5102 6230 7991 31172 32628 
5378 6189 11612 15190 20765 23609 
35269 35476 35727 37257 37364 
8062 22506 22665 23964 29836 
2059 9952 19972 23002 34258 
2737 4887 17340 20750 34692 
7341 8913 20352 30438 30616 
7341 12426 15211 21999 
3615 17340 18304 22222 32831 34058 34692 
1084 1443 3372 15617 17969 35702 
29363 29724 30056 36234 36235 
13316 22852 33071 35637 
830 8913 10353 10972 18258 36137 
2309 3491 5493 7329 22619 36777 
143 844 6899 8434 16479 23816 
1789 10139 10332 13407 15232 
4717 4904 8640 11777 12618 35865 
946 2783 5375 12426 16371 
785 989 3825 9477 10660 25362 29232 
3504 6054 6886 21672 25981 36362 
1125 1376 9235 28026 32977 35790 35998 
10579 35768 35880 36024 36447 
1025 1125 1604 1605 10757 28026 32977 35790 
714 4125 6849 7042 13035 
3085 6209 12168 12328 14023 
2982 6429 11465 22037 35624 
843 2414 15717 20570 22962 33324 
4824 7099 7153 20994 33851 
19466 29171 30639 34985 35896 36640 
2291 2702 11986 28680 
7131 17125 20031 30481 33324 34596 36102 
495 14776 15830 17827 31675 34599 
476 11984 12618 14434 35865 
1537 3982 4049 13498 23559 
1421 11569 14307 14318 25347 33913 34670 
4222 6304 35007 35640 36117 
582 25257 30061 35909 36451 
621 15884 16955 35651 36162 36917 
2538 3735 10170 10203 18997 35446 35911 
14011 23680 32053 35446 
736 741 1024 10378 13695 34169 
369 3355 3427 9398 14407 
3415 13078 13111 16714 18216 34450 
8431 8432 9406 35889 
544 729 1234 1404 2168 3115 
63 483 2147 2148 16798 35722 
5648 10726 33324 34583 36361 
1082 19329 20948 32573 
1291 10567 18288 20155 26963 
539 2140 4282 6109 6293 
274 1564 24299 24636 32911 34327 
435 1028 1029 9777 30377 
246 1813 8081 19037 31385 34252 
1081 7921 21763 32112 36262 36669 
1404 2022 2184 3115 12505 
3612 5990 8214 11971 37166 
439 3874 6720 13078 19357 20489 
6642 22872 26307 31046 34299 
24691 27673 34038 35803 
10205 10533 18783 23531 27738 29683 35970 
279 853 3581 25264 33324 
2778 3088 5289 5472 17800 
852 1090 4974 14347 19618 27028 
843 7331 12240 33324 34583 
1157 2876 3092 5281 6090 11862 
23 2994 3695 9363 36504 
218 721 2626 3215 3395 15194 22426 
5685 15151 19167 36000 
68 1990 1991 19650 22619 29149 36285 
3521 4455 7686 8567 29699 
551 4414 11264 11979 23139 36984 
4322 6402 6794 12082 19956 34831 
4404 7353 13694 13696 31434 
6552 8929 14652 16266 28193 30616 
1405 2823 10224 11193 11207 
8800 14182 21166 36173 37135 
7089 7736 22898 28879 33813 
1702 4322 6794 22150 34695 35597 
1210 1251 1309 3875 20209 25343 29769 36166 
2119 5544 6597 7370 9824 34168 35183 
1310 3505 4905 12618 35865 37666 
503 504 1365 1661 11798 
42 628 3555 5074 13527 34821 36049 
669 5630 8757 29788 34831 36044 
843 971 8916 8941 33324 34583 
749 14588 15476 18376 32024 36492 
34 347 848 2833 3353 7910 8765 15299 26486 
1754 3079 5668 6475 6476 36343 
4370 19115 34501 35856 
2113 4080 5417 7970 19877 
12358 17063 22496 33951 
12256 27940 36324 36500 
1591 5662 7655 8436 35371 36681 
2050 4195 5452 11912 26144 36074 
110 679 2678 2827 3861 34901 35276 
696 2339 6787 30141 34583 
1090 2777 10288 12777 16197 36044 
596 3532 8008 16688 16832 
868 2693 7507 12980 24483 35371 
33089 33090 35279 36100 
2683 5504 20114 33312 35252 36102 
848 5154 6058 14595 21476 
1094 2858 5741 21179 30320 35214 
25963 35595 36113 37057 
357 7389 8239 11380 11596 21738 32826 35479 
509 3642 11973 24317 36098 
244 1025 1605 10757 21955 32977 
173 985 3146 10533 34459 36116 
502 741 1177 2626 5597 6403 
5289 10630 25362 28040 29995 36010 
5500 6050 8446 9121 34286 
41 2805 3439 5170 10739 34736 
15999 25264 25875 25969 36133 
2869 3187 5216 5940 6895 
7197 18376 25341 31070 
839 2835 3192 4971 6798 11661 26146 
5102 8232 13519 21941 36438 
1772 10528 14307 27703 35341 35739 
12187 22718 25908 34038 36139 
4638 26558 28273 34327 35806 
14282 14952 17393 32535 35742 
9235 17662 31924 35998 
5341 8777 22656 35226 36149 
17390 18302 19048 21014 29482 35964 
17893 19152 26078 36030 36949 
17749 22714 35477 35672 35943 
502 1452 2626 14810 24611 35226 
490 1465 5772 6461 11239 
1637 14089 14307 28525 31410 34670 
5102 6763 13519 29405 
1786 5512 7177 22437 35484 
994 2623 7871 10820 16303 31434 
1458 6689 7052 9418 36162 
5389 6169 7042 13035 36638 
6844 11072 11601 13467 21757 28193 37280 
999 2016 6692 10646 35226 36149 
7052 13359 15402 24683 36162 
77 78 2128 2300 7509 8033 34910 
1215 7600 10458 22601 28376 36177 
1467 3685 4300 6308 7263 26288 35597 
941 12990 14589 35505 36201 37733 
479 4940 9654 13018 36177 
251 1063 2098 34406 36199 
9219 29415 35640 35771 36117 36785 
419 1297 2202 9790 11673 
23615 36228 36229 36248 
178 2098 12536 27957 36199 
2861 27227 35489 35771 36241 
870 3563 4022 4657 21067 34902 
350 351 8391 27011 29690 34171 36183 
4537 5340 7450 19337 21231 
8152 18658 33277 36180 
1991 4138 19512 23821 28337 31165 
7214 26335 31309 33590 36198 
6122 8872 33590 33999 36198 
2795 4894 10202 14547 34558 
5726 5836 7308 23918 
14771 24155 31096 36223 36331 
4180 7927 24304 28574 33891 34933 36117 
211 1405 30438 32478 35865 36173 
1314 1776 6717 9117 13798 23100 36740 
11807 14001 27544 32317 37422 
6607 8085 9281 9408 25434 33657 
2982 7875 22540 24960 32422 36201 
560 669 3064 9137 29788 34831 36044 
108 4740 4741 5025 10707 33529 34770 
731 1934 5226 19230 35720 
1052 7616 31984 35953 37100 
529 1452 2626 20386 24611 36149 
9664 11678 14570 33226 36271 
7117 24155 31096 36223 36949 
442 528 2016 5340 6692 7131 
24 7197 12989 30600 
2016 6422 6589 6692 37100 
5399 7521 16166 29794 34414 
7738 15365 31126 35816 36271 
495 3767 16048 16322 24275 28181 34599 
294 1612 18419 19442 32814 34856 
1153 4928 13283 13660 13844 
456 852 7098 7419 9916 14305 
2907 8520 12688 17127 32955 36329 
372 1636 3003 4613 25099 31145 33791 36268 
811 4820 6331 15417 16212 36301 
14153 18729 31649 36334 
6495 32449 33542 36153 
1615 18136 18997 25099 36268 
1914 4894 14547 17127 36329 
757 1672 1898 11193 13804 15839 
5102 6230 13519 17943 
58 2213 4138 5548 8063 35665 
802 1754 1755 2010 2412 3079 11872 36343 
843 2339 2854 10957 26939 33324 36361 
1172 7298 10662 15681 20404 
4315 10707 14244 15617 17969 33529 35702 
1215 7600 10458 36173 37135 
870 4483 32197 32422 34902 
3100 3528 3728 5459 27563 29592 36301 
4125 6849 8913 13035 13756 22158 
4135 10585 13998 26720 29596 33750 
2929 7322 7600 11517 22601 36177 
2715 4874 17205 29615 33594 
34485 34486 36339 37046 
6189 9049 23156 24869 32094 37200 
30830 31752 35524 36279 
4180 7927 9558 10086 12801 27703 33891 
10153 15099 35480 35600 36252 
741 1425 9942 11559 34169 
590 1600 4758 6538 15275 
1615 3017 4835 22863 25099 
3325 7745 8344 15011 
1421 21342 30356 34670 35306 37352 
4764 5357 14282 35742 36754 
191 349 2084 8913 10972 21154 23594 34928 
669 25955 34095 36104 36839 
2098 3388 11160 33052 36199 
595 596 8008 36151 
27065 33174 33756 33978 36413 
415 2365 6250 6407 15010 32420 
75 2233 3561 3874 11559 13078 34169 
6656 8226 10218 21977 32832 32849 36335 37428 
873 1321 3735 18155 26021 30899 36433 
5348 10359 18426 20269 32832 36245 36335 
1320 1321 17971 34821 36433 37686 
6656 18426 29472 32832 32849 34402 36335 
736 1024 12678 14599 15417 36301 
389 5691 11940 14012 34057 
439 741 1177 3083 5492 16162 30703 
7037 12092 22033 33694 34776 36447 
1061 2084 17591 21154 27184 31165 
5658 17664 22619 24611 29149 
1405 4040 6674 15586 16441 36173 
5102 8232 17769 18506 32628 
410 16301 18967 29749 36354 
819 6054 15763 36362 37655 
578 4536 15827 17664 24611 
932 3825 7050 8954 11983 21745 29232 35262 
3778 8248 11559 33580 36125 
125 525 4105 8104 8742 
1549 3280 3749 12587 13494 27095 36950 
1039 2233 5497 6338 11559 13078 
1314 4406 6717 7302 13798 29293 
575 701 989 6889 12674 25362 35343 
398 4154 4717 4961 5965 18087 25168 35391 
14170 23801 29171 30639 32872 36479 
4097 8113 12296 12453 29769 
10254 22506 23754 28258 
7521 16243 28504 29794 34414 
3605 8342 9844 27433 35479 
1731 13735 21377 30377 32937 33028 
23 1409 8501 11967 36504 
1314 4018 6717 7013 13798 36681 
843 1703 2140 2187 32236 33827 
23 2993 2999 10162 10330 13451 19070 36504 
23 2993 2999 10162 11971 13057 13451 36504 
2607 9165 10350 15941 19265 36488 
68 1590 2040 3728 33975 
23 7843 10735 11971 13088 36504 
1590 5654 6642 11322 19389 21412 
1133 11409 15019 17329 33966 34142 34378 
3817 4408 25978 27726 34664 
2031 2591 10506 31614 35715 
264 868 7507 14490 24483 35371 
42 628 1580 20648 33859 36049 
58 5090 7450 7547 14461 21231 
3521 4455 4603 10146 15983 
479 21078 24876 25797 26882 33226 
3865 4943 23930 31828 36611 
1876 1899 2476 2644 6764 31434 
22908 26096 27271 31096 36223 
1541 2855 25449 25625 34860 36520 
1239 2016 2308 3215 6692 15194 
215 1897 5998 5999 36370 
432 456 9916 12511 14305 31544 
731 1685 2705 35720 
1006 2596 4650 8913 20362 30438 
1847 1848 2940 6595 33226 
7238 8991 11761 22471 27552 
22192 25240 27886 36650 36814 
23 3859 3981 18594 36504 
1146 2206 2583 3545 37243 
25 413 3073 5162 36613 37151 
3554 5289 8238 20142 28316 34188 
4391 11576 11895 13418 36667 
3567 15684 27043 31828 36611 
663 2536 3115 6055 6724 
23 4844 24300 31305 36504 
3702 5907 8537 13798 33892 36681 
919 1876 6864 6865 8722 
98 2589 2715 4592 10854 
3294 8545 25502 34249 37147 
3 5 1605 10757 24375 32977 35253 
101 456 7098 9916 9922 12783 
11596 20960 23745 33887 36521 
1089 7117 20614 27615 36481 36621 
5284 5414 5969 7164 34269 
21 1703 16462 31550 36585 
1351 1872 2580 3627 6574 
16881 22822 29720 32108 36510 
180 274 650 24521 26220 27826 33433 
347 4873 7569 7640 25782 29773 35472 
25 3073 20280 24007 24895 
3231 20078 20664 35173 36655 
3249 9326 28722 35698 35907 
50 426 808 2826 32595 33004 
2056 12297 14343 17145 
802 1755 2219 2412 6475 6476 11872 36343 
1876 6095 6865 10221 24473 34925 
399 400 799 3115 6724 
843 1703 3184 8040 9681 21154 27184 32236 
4033 4777 7930 11541 
6344 9048 16857 18227 27178 35226 
2669 8029 11635 17038 27509 
23 7843 14343 21793 36504 
23 3695 5278 6093 10649 36504 
8649 14715 14771 30640 35269 36617 
4536 9383 14677 17664 36777 
1513 2389 2478 32773 33884 
6809 16048 22921 23152 23554 37146 
34 725 2101 2503 7910 22601 29610 
274 650 14420 23263 27492 27826 31863 
1424 3938 4155 7329 36777 
58 1017 2348 7087 24050 32369 
35 421 2650 3749 6441 
29319 35938 36389 36550 36929 37296 
1064 12048 15650 20866 34604 36715 
1160 5046 5999 10546 12922 34474 
3184 3567 15684 31828 34168 36775 
5999 14844 34474 37197 
1152 1911 30149 36777 37466 
1022 8618 20795 20916 34525 
35299 36351 36352 36870 37266 
376 538 7665 8585 9360 11246 
4831 7639 8929 18086 28193 
8010 12267 34715 36560 37132 
3215 8172 15194 16049 36777 
3185 6308 7395 9710 10346 28538 31828 
1314 5601 13798 20551 30108 31190 36681 
376 1933 6891 9360 31298 
5068 19127 31153 31248 32328 36876 
14253 26163 28089 36808 
2800 6613 11762 13079 36880 
228 668 1157 1226 3997 7594 
7441 7442 35185 36895 
4018 7481 7655 13167 36681 
1301 2802 6489 14035 36830 
542 543 555 2530 15975 33811 34123 
5264 14390 19584 31603 36969 37348 
3538 10585 11576 11895 36667 
6529 8537 34201 36740 
1783 2475 3343 5651 5693 21799 
1309 1591 5662 21745 29059 35244 
1590 3100 3728 5577 27563 
218 1219 2626 6403 18153 37122 
97 2662 6989 10521 12524 
13 325 5907 6205 6681 7910 35865 
432 1547 9916 12511 20006 27130 
266 8686 12541 35898 37116 
34 725 3177 3260 7910 19263 30438 
23 340 426 3695 36504 
2822 5128 11631 11983 21745 29232 35262 
95 2476 5146 8320 21861 
11013 13667 23492 26720 27060 
34 725 2833 2882 4012 7910 
2119 9823 21087 33387 34168 35469 
1454 2223 2359 3089 11104 36082 
12442 12524 15806 16955 36917 
1213 1549 13014 15872 21923 36950 
1549 1926 3280 11008 15304 36950 
1282 2592 6230 16391 36886 
2397 10912 11564 29944 31749 36973 
4823 6195 28208 31567 35226 36149 
627 1706 2898 7693 31894 35214 
7565 15688 15786 23119 30461 
300 2778 7496 11391 20226 34254 
510 14232 21942 31838 36398 
1702 21087 33387 34695 36611 
566 1549 3280 3629 4920 36950 
1549 3280 3750 10795 23648 36950 
2154 2155 22622 25543 32143 
1301 4276 5550 6096 36830 
206 777 1921 10623 15672 29138 32091 
242 1876 3002 3039 8630 
785 989 1018 7971 11184 13036 25362 
33920 35069 35317 36823 
13783 31607 35504 35951 36492 
165 830 1006 22751 27563 
17474 21772 30277 36643 
211 580 5153 12618 35865 36173 
952 7600 20796 29550 36173 
15630 25696 25848 34128 37056 
17299 17300 24627 37704 
6384 29325 30289 36775 
1702 3153 3685 7263 34695 35597 
2201 2431 10848 21067 21429 33000 37082 
856 7873 17749 21737 35672 35943 
1642 12101 15959 16519 37065 
3012 17546 24636 26359 30470 
14389 16793 21650 35558 36961 
165 529 2807 13078 20386 34256 
2408 6642 21412 31572 37073 
3490 4905 6490 28414 31190 36681 
11838 25842 27862 35012 
3491 3844 11309 22549 22619 29149 
3615 6170 7004 8777 16302 22656 
7727 9918 14489 15959 36995 
3729 7554 8941 34583 36520 
1589 1762 4654 12674 25861 
1642 8227 15959 20829 37065 
2790 3827 17473 24076 36596 
2778 7908 8063 15104 18672 34254 
4259 8019 16613 31145 31603 36969 
1549 2944 3280 4738 10575 36950 
1549 10638 15304 15872 36950 
200 5162 6017 10006 37151 
401 741 5801 7225 9052 34784 
248 3679 4573 27016 37178 
830 7466 22751 23270 34928 
2559 3865 12176 12834 25394 35597 35849 
14846 18092 21933 30669 32753 37187 
5162 7252 8667 30701 37151 
4449 4935 11136 25080 37178 
865 2829 21115 32831 35953 37100 
1418 11551 17173 19476 24957 
669 12238 36104 36761 36839 
12710 21360 23872 25695 36616 
1421 4637 14318 14942 17743 25347 33913 34670 
2992 3367 4318 13640 28811 
4878 5969 34269 36234 36235 
274 650 8758 24299 27826 35639 
8545 25502 34249 35269 36617 
5901 20584 22500 36754 
1314 6717 10496 11631 13798 36681 
6205 9613 10496 27187 35375 
10325 16924 19779 28760 37224 
4338 9306 12655 28594 37222 
8613 9396 16212 19706 21234 34928 35668 
5345 12839 14140 18987 33914 
841 8517 11205 11694 15298 29595 35408 37116 
578 2626 4536 9040 17664 
3355 3427 4832 6684 36079 
572 1681 4289 5525 
808 2999 3318 3319 11531 32595 
1522 1568 2320 6849 8913 13756 33020 
839 2835 11661 13358 18169 27801 
24 657 11769 13993 33803 
233 695 5209 5832 
8038 8180 11188 15998 35268 
347 848 1884 13118 15299 33769 
6445 7022 7661 14640 
502 2626 3003 6403 9332 13078 14810 
23549 30080 30356 35148 35739 
18323 37025 37277 37397 
3735 5501 9500 18997 36268 37245 
2086 2833 3733 15156 15299 
1870 1871 9365 11374 33769 37235 
9396 14599 24813 32698 32699 
873 6087 6088 10876 31623 37280 
9864 10858 30599 32652 34183 37462 
1452 2626 16129 24611 26411 29529 
349 2624 22158 30233 33827 
211 6361 7024 19578 35865 36173 36177 
1023 6534 17169 22022 23433 32112 32250 
1549 1874 4778 15299 15872 23648 
275 1028 2083 8357 13363 
1149 15506 21005 33546 36431 
2204 15895 27550 33636 37300 
523 2463 23767 27690 33884 
3564 12878 19013 19653 28142 30646 32134 36983 
417 1871 2288 13023 26120 
8660 11974 21745 30098 30108 32886 
2592 6230 17943 36728 36845 
1019 1147 5289 5472 24550 
1056 3406 5577 27563 35993 
3198 3530 8613 22158 34928 
14880 20997 21018 36451 36613 
6748 13358 24484 27928 33750 
1697 4097 12296 20132 32922 
928 14350 30744 37235 
2502 5289 5472 8238 22875 33902 
1655 5938 9479 15170 17643 34989 
536 1176 3043 5945 16658 35027 
9837 32636 35898 37116 
1071 1876 3039 4598 10221 24473 
15017 18737 33328 37309 
2403 3458 7941 19647 36753 
226 269 10903 12023 20612 
1209 6343 6710 15121 32852 
63 483 2148 7623 13388 16798 37339 
3264 6838 7226 8071 12690 37436 
1052 3614 30679 31984 37100 
2225 7857 24036 27854 37164 
239 14673 19651 37483 
6885 9465 14307 15798 27703 29208 
1560 2320 3917 15211 17717 33942 
372 12688 12732 14547 32955 36329 
3255 7174 9781 21059 35656 
415 2365 6851 31181 32420 36759 
11932 20250 23671 27340 32189 
4432 5427 6754 8260 35545 
901 4245 4603 10179 16939 
564 1501 5712 9173 14873 
26275 26464 33799 35638 37472 
671 767 9465 14307 20269 37261 
1641 7836 8812 16481 29773 
1152 1911 10471 31165 36149 
1418 2368 4127 4533 19672 36394 
7791 11190 13761 32750 37484 
5145 8226 25844 36335 37428 
1212 1317 5478 6498 11254 19063 
211 2747 2833 24769 34938 36173 
6469 15959 19399 30215 37493 
514 2788 8650 12518 24304 36754 
315 6342 10567 15211 20155 37551 
446 4566 9137 12238 34192 
8167 16048 18655 22921 26023 
1064 2081 5089 25459 31968 34604 
433 1782 20161 24861 37362 
1440 1662 2040 2630 37599 
1641 7772 11404 21016 29773 
1642 8167 8227 26023 37065 
7177 11871 15657 35787 
26659 29115 37593 37731 
953 954 1047 1679 8024 
1210 1979 8592 8770 14420 31863 
11547 12215 20213 30921 35614 
870 23871 28228 28425 31652 33694 34902 
491 4470 12296 18492 32922 35330 
2366 7964 9850 29714 
11143 31842 33034 34532 
1411 7699 9332 9674 11239 35226 
394 395 1030 1496 2279 
6263 10464 11457 18711 37527 
856 10511 23179 35649 35672 36014 37529 
2119 3865 7370 32511 34168 35183 
4135 10585 11576 31334 33750 
1411 5880 7699 9674 32676 35226 
808 809 3804 8065 32595 
538 989 2476 2741 5146 18827 25362 
6385 18305 21918 31583 33584 
2047 16706 17968 29677 35729 
1646 3905 16596 26364 
6529 8537 30653 33892 
3314 6029 22735 27915 34610 
843 1749 3040 21756 30141 33324 37685 
2386 10113 10290 30042 35994 
7190 21061 24643 34525 37696 
553 2912 5759 5921 8503 10481 12938 
8636 9481 13430 14783 33733 
1685 5349 15991 32580 32664 37276 
4134 9438 11304 23786 25653 29769 
1502 4901 5552 10377 36042 
6387 14346 25488 30799 36687 
2225 27854 32276 36404 37279 
1645 3560 5896 9482 14077 16658 
117 3231 16084 20665 36655 
626 1950 2348 26098 28334 32369 
5455 9166 30239 
365 15227 15516 
14941 33913 34072 
24403 28425 29191 
4502 28300 33522 
20647 30340 34962 
9711 32207 33805 
2387 8666 34075 
31233 32619 35629 
12233 12234 35223 
5019 8104 8349 
17149 18059 34777 
2625 33567 35606 
4353 14148 33457 
1507 1508 16079 
308 2372 7497 
1460 1651 31514 
17769 20131 32613 
1104 7910 13495 
13381 17693 22212 
5609 14091 34087 
2798 6249 11516 
1300 31304 33893 
5080 10173 34094 
2831 11731 34585 
11899 26068 34913 
4702 20485 33503 
9134 27217 33189 
393 16618 20540 
6528 18607 36950 
430 1105 25963 
3858 4405 4406 
26579 26758 35945 
17653 28025 32196 
33373 34027 36544 
459 7063 13147 
819 14744 29601 
1852 16973 32888 
2645 3456 10914 
19814 24786 33973 
297 18003 20662 
1353 19034 23802 
3145 8850 34601 
4591 27942 28390 
2505 16993 22002 
14544 19225 33722 
1337 8097 28753 
959 3695 33936 
9178 14111 14606 
2087 5565 7798 
2137 2700 11653 
910 6198 24370 
4648 14734 18105 
6698 8937 9873 
6648 24253 34718 
673 13038 25335 
1789 4456 6725 
3648 5124 24419 
1247 7989 13382 
7349 27578 30877 
7121 23047 29588 
10924 19458 35012 
4575 9480 34032 
3677 5231 25362 
18289 31149 36489 
288 289 3951 
14718 19332 34108 
19055 29912 35330 
2557 3226 10159 
6010 7790 32258 
2339 6620 17128 
404 5800 24927 
128 5006 9030 
6965 31637 33545 
2481 3247 34541 
13849 28014 30476 
2465 3455 14363 
7777 19888 33849 
2183 8786 28239 
28252 34193 34309 
1254 27334 35267 
702 3128 29773 
4291 6877 12036 
23774 24116 34198 
5567 34203 35584 
7812 32705 33256 
167 1324 13646 
13435 32891 34213 
26621 29815 34219 
15180 19538 34660 
817 6639 8901 
4156 6032 25015 
3668 12339 12793 
16016 16156 36047 
3152 8546 12581 
28455 33891 34222 
11591 15989 34378 
4034 31076 34235 
8822 20389 21978 
7492 11059 20299 
2813 9327 13429 
3002 19331 30529 
3966 4950 4951 
6610 26117 29344 
13299 25362 32608 
1831 5305 13988 
17089 20623 26773 
958 2158 14171 
5526 14509 35778 
8563 27515 28555 
2963 3700 4614 
620 3707 7932 
12898 20839 33199 
13391 20689 22391 
17496 18442 18917 
30537 31699 34284 
12674 34287 34288 
14037 18157 23656 
7356 13901 34290 
1208 6583 36049 
15936 29889 31521 
7707 7708 13533 
5251 6376 11890 
6533 24041 28911 
2484 6465 23207 
1855 10306 11518 
367 11429 26681 
303 304 6463 
481 6828 32420 
1709 2177 11285 
26050 26123 36994 
3322 26566 34265 
2641 31152 34853 
3904 10113 22845 
30670 32617 34876 
1441 1442 34769 
2156 16494 17061 
18689 23432 34856 
10616 15396 16731 
33640 33641 33656 
21995 34322 36562 
4919 8587 30685 
7384 9007 25161 
4224 5753 6463 
1617 4321 12384 
14497 17852 34009 
1903 9232 25282 
4996 26747 34234 
616 5246 15070 
1470 5219 35972 
2332 4681 9283 
20866 31957 33987 
5453 5821 30349 
4418 5858 5859 
29790 34346 34347 
334 335 7363 
7761 34359 35160 
16423 28693 36446 
893 894 14201 
24378 31288 35851 
751 1576 24392 
1451 13936 17457 
13251 23802 32782 
31754 33738 33865 
614 9646 14924 
9916 10830 20192 
7400 8691 18029 
8116 8117 34236 
23725 25679 34961 
9199 30217 33539 
949 5980 28249 
6378 6379 7583 
3004 5786 14256 
3074 3077 4321 
5179 32627 36227 
10257 28433 32108 
28077 32974 32975 
7650 26125 36173 
22230 34396 36404 
18810 18811 34397 
21148 30572 33619 
12525 12734 19778 
2814 4894 26116 
2253 19460 27550 
20033 29579 34407 
18865 31520 34408 
14199 24343 36505 
1740 1940 21060 
9758 10527 15135 
14052 23780 25528 
172 16083 17152 
7739 12408 33827 
13137 15013 31840 
6572 9324 10181 
11969 18039 34139 
12278 33443 35078 
5555 6306 29123 
4547 11828 25610 
7181 27829 31569 
539 1199 29574 
7209 27669 34435 
3714 8325 9522 
2965 5573 17511 
9 3880 34857 
5304 14721 31908 
3740 4172 36370 
11797 13664 34053 
25207 26433 27980 
676 12758 26157 
2228 32249 34028 
10719 16063 37165 
11316 12546 34452 
8639 27605 35455 
666 7097 18448 
6484 10561 17588 
30267 30268 34003 
17667 19761 21497 
9128 34475 34476 
7133 11361 36885 
4832 4871 17399 
9175 13193 20631 
4642 4974 11027 
8222 28233 36504 
2750 23835 35226 
1898 9906 23838 
5694 26141 35458 
10873 23467 29464 
368 3693 17631 
7101 7826 11138 
3161 27853 34164 
1234 1953 1954 
8561 15371 30178 
5527 8088 36519 
3099 7407 25362 
7035 34539 34886 
5551 22606 28035 
27734 30542 30633 
6750 9546 33084 
3132 5325 7388 
32437 33782 34552 
4251 7716 10785 
4272 15672 28749 
22108 34115 35167 
4 51 18024 
3027 3065 18701 
3196 11930 21540 
1644 1930 5089 
273 1354 4864 
6542 6813 14987 
14276 25246 31459 
6001 15783 32862 
1624 2497 36091 
4522 5934 15900 
26582 29769 32993 
4241 5646 9916 
26383 28565 33289 
19065 25136 28677 
1324 9427 34479 
13779 18278 32435 
4979 6047 19059 
7346 11238 31145 
7931 10024 35268 
5721 5722 37123 
4906 5217 8451 
1849 1850 3775 
28890 30821 31586 
159 10264 27132 
13266 29985 35339 
1974 2919 3841 
30395 34617 35233 
5049 15969 18493 
12198 29848 33059 
5996 10984 13039 
19762 19798 34656 
8452 23808 36346 
2649 3137 29500 
494 7934 31028 
606 8061 22518 
29294 32505 35966 
1607 29294 32165 
831 3323 16658 
8695 26068 34658 
5848 11502 34668 
6015 7581 10166 
5695 5696 12730 
14488 20858 34672 
4600 10604 34656 
21157 22391 34678 
171 7754 32715 
11609 21197 34684 
3212 3213 6326 
5379 10396 30970 
13396 22104 24877 
14108 29482 30750 
9643 19080 37668 
4732 11359 35736 
3193 17884 33479 
429 17764 34602 
6339 11685 12811 
22938 33246 33386 
6171 21470 34711 
9028 29003 34856 
8165 9305 10893 
5234 11040 13027 
512 1231 26745 
3144 12169 29773 
5883 8699 11978 
33623 34744 35215 
497 30227 34754 
25780 26863 33537 
6261 12719 14065 
5205 6497 36375 
8750 16140 33145 
4005 4937 36994 
2105 5503 8463 
9896 15248 15249 
2769 8371 34356 
1357 2478 5868 
16782 21323 22663 
1488 10976 35247 
6196 21603 24451 
8 12635 29012 
1107 3954 11431 
283 6110 15391 
15804 22429 28620 
7213 9916 24862 
633 4661 36634 
5994 13927 26438 
3779 3831 10014 
11552 34818 35726 
5975 7111 33873 
1109 3521 33101 
13417 15853 34571 
7270 12299 34312 
2275 2983 34472 
34833 34834 35451 
2794 20085 35167 
1137 29025 33453 
4504 31580 33388 
13570 20723 23599 
30671 32617 34733 
14687 21787 31267 
4475 4476 24287 
26042 34893 35269 
3260 3566 26341 
31504 32544 33295 
10138 10379 15016 
2459 3974 16002 
6980 10854 22073 
28424 33460 34924 
1143 6507 19982 
2655 2656 22596 
6079 25918 35043 
893 2089 16654 
16461 17475 34943 
16427 18379 29343 
5546 10836 32763 
10976 12725 33091 
1337 14055 34540 
9401 29348 32263 
5779 6977 9576 
16243 18332 21230 
4653 7603 33062 
7647 21420 33994 
20503 34302 35394 
8634 18047 33992 
26998 32085 35660 
11192 12509 31868 
9481 34559 34852 
12637 18738 34969 
779 12708 34971 
34983 34984 37107 
1824 32729 35308 
3869 6435 6481 
30645 32485 33004 
26171 26382 27616 
2817 4487 33529 
11623 11624 12636 
3332 4413 35537 
2862 23456 32809 
10577 13138 31840 
231 2851 8519 
5044 12573 25362 
11463 15054 27699 
4162 33584 33850 
5138 6720 15178 
5407 7494 13306 
13053 32036 32744 
9283 15195 28831 
385 4020 9967 
2710 7421 13207 
812 3084 10367 
6021 6176 6726 
18939 20208 28446 
22016 34719 35105 
4844 12248 32768 
3389 6431 18906 
4088 5440 15958 
3412 3818 5195 
12604 24819 35085 
1369 10446 36557 
9296 9685 12655 
515 15963 26541 
4800 11695 15368 
13561 18692 33462 
29049 33117 36521 
1073 1546 23910 
14703 20591 21905 
154 962 15790 
27109 29047 35199 
1709 2474 20402 
1947 28811 34945 
10134 10160 18608 
3259 7334 7337 
4366 6360 35690 
21414 35204 36359 
15937 35237 35238 
6831 6832 9455 
5992 7524 30173 
17787 29616 34678 
9882 22565 35228 
10347 35191 35212 
379 3502 35560 
12887 13711 34169 
12411 35249 35250 
4464 5618 6266 
3660 13585 32912 
2708 6828 7483 
6523 6700 10745 
467 10339 35989 
14796 19803 30228 
25182 35275 35487 
7291 9758 14634 
2100 4558 36950 
6969 34915 35297 
7745 8093 15606 
3879 7643 29373 
21575 33919 37142 
253 2715 7805 
2018 11730 26637 
19972 31456 35328 
4950 11671 35335 
287 9913 13839 
8892 16252 25282 
1097 1632 4244 
7498 23655 35347 
9326 10318 18010 
2784 35355 36370 
12515 35218 35361 
3370 11080 36638 
2373 5787 9180 
21341 29897 34902 
14886 30117 33714 
1825 9997 15599 
3209 4050 35400 
2699 23868 30743 
5515 8162 8163 
3299 31347 35409 
5622 8500 25927 
9590 9591 13866 
9480 17054 28111 
877 15921 17176 
3407 24604 33116 
4494 7910 13737 
4517 8988 16432 
2998 10169 21948 
4611 6898 18873 
821 13236 16293 
36 37 4444 
129 18786 36950 
1491 3653 8688 
7685 26750 34742 
1055 3864 11713 
97 3507 35490 
6715 17879 35411 
3395 7030 8499 
11589 26686 35510 
2321 2816 20938 
20944 26850 34177 
6229 20699 23002 
3505 15619 16080 
766 14446 14998 
14245 22771 36601 
2934 5076 22645 
2812 8653 12465 
7485 24064 26108 
6994 35536 36662 
3044 15012 19012 
139 9952 13455 
7454 12238 24634 
1561 2747 8005 
157 22153 36777 
7220 9295 10417 
801 4554 10652 
2395 3509 19622 
21440 33250 35047 
3660 30445 35419 
7366 32826 34683 
19972 24471 25002 
1600 3747 9624 
859 6042 8573 
8752 16567 20612 
25534 35585 35636 
9413 20806 29475 
574 10114 18573 
2510 12468 23684 
1161 33729 35591 
1184 12475 35535 
5007 10485 21704 
1984 28522 35604 
21866 22827 34434 
11923 16633 34280 
15591 30650 31332 
10629 13385 36504 
1252 5891 8900 
2899 9900 35264 
4715 17331 36672 
3268 25526 32258 
3276 26704 35953 
1653 13765 27346 
6973 33834 35420 
4147 9225 24282 
35652 35653 35979 
4029 10433 10945 
1222 2806 35395 
11341 11998 12687 
8458 8459 18398 
8029 9950 12454 
153 16490 35608 
812 904 16010 
399 423 4177 
21356 31755 35372 
5839 18774 35925 
2382 15244 33415 
9206 19658 36651 
6311 24739 34579 
1976 33464 33507 
9254 14042 35710 
5331 13682 24112 
432 18630 35699 
2338 4787 5268 
1346 13818 37300 
7174 34642 35617 
13847 30275 36583 
655 3490 25837 
3925 18900 37178 
368 23029 34779 
1361 1630 2287 
1665 3478 35716 
6739 7282 16100 
2609 29361 35479 
12924 13102 35511 
32830 35766 36481 
2529 26239 34053 
10194 16440 31363 
8207 11250 33716 
2363 19665 20412 
580 6102 6753 
267 1614 17643 
3808 5543 35660 
10671 10732 36268 
2008 11444 37588 
18463 25350 33649 
850 4539 32961 
4229 10006 33947 
2393 2572 36722 
2475 22467 35797 
11450 19378 34769 
2069 3746 24842 
33746 35518 37380 
895 896 5167 
11885 33934 36592 
35704 35812 35840 
11348 27510 35804 
3005 3006 24740 
3898 15440 18905 
343 11427 35741 
981 2770 35773 
3322 5158 31904 
7810 21611 35666 
950 1142 1916 
11261 15477 35414 
19538 25710 34931 
7626 10910 18748 
9097 32236 35855 
7618 7765 31991 
1622 7468 8013 
2339 11952 15418 
2823 7614 7615 
27509 32601 33677 
3577 9480 35862 
12344 35883 36092 
23447 31608 34434 
11050 17183 35487 
11099 18007 34853 
19451 19751 34886 
2419 2420 10081 
14618 22519 33113 
5203 13654 35919 
22050 32443 36586 
16171 26261 35786 
5454 5455 20017 
4321 12069 21967 
9678 17948 37253 
3920 4140 34249 
1170 2235 6623 
18680 35952 37480 
7320 7486 15849 
11508 13942 37545 
17890 35982 36160 
31364 35167 35983 
1513 8170 35081 
3254 12374 12452 
138 15366 24989 
827 1995 34395 
1633 36003 36004 
11140 21009 31559 
13215 20597 36020 
3526 10005 33659 
17442 24140 35493 
2182 4260 12803 
1746 14539 33258 
16126 36029 36531 
27441 34779 35858 
11968 36039 36209 
7764 7765 20297 
392 8288 10863 
16628 21231 31055 
5699 6132 7910 
1091 22886 31987 
2910 10463 17012 
3923 18767 25282 
11254 17443 29622 
788 10471 32760 
150 5294 11879 
33792 36080 36081 
4414 27523 33172 
13109 15052 36162 
1054 3355 35961 
1259 2738 36131 
2979 34480 35079 
11278 14124 15238 
1709 1866 9143 
13966 34798 36143 
23767 24145 36144 
6357 36052 36469 
19589 35807 36159 
1781 3857 30228 
1516 7963 26020 
4173 5977 28811 
1356 1666 2699 
1791 1792 3239 
1688 12402 34248 
21347 26294 36226 
20275 25502 33219 
20802 36233 37433 
1582 33862 36206 
5636 23282 23323 
646 12365 33220 
992 6984 14735 
13668 33333 37116 
8231 12321 26827 
5940 7455 20254 
6705 9817 35734 
6638 13136 30473 
7199 17997 36271 
1508 10706 12363 
3597 10919 36915 
6632 18332 36350 
539 4655 7909 
5417 13257 20876 
13099 18444 34901 
1249 5787 26815 
29527 35148 35251 
16815 29272 36139 
8605 13243 18170 
7292 22998 35757 
436 1615 18242 
14933 21803 33885 
18320 22214 23774 
6269 36344 36429 
727 14213 33894 
33022 34496 36434 
4375 4443 5773 
7158 15231 33078 
244 6713 36461 
2847 7221 33851 
1367 1818 8122 
3510 9912 33004 
6867 9455 36348 
17217 32413 36479 
3509 20065 21180 
1221 27719 29467 
7014 7015 34241 
4970 13026 18587 
3841 15841 24293 
20033 20196 36523 
7148 7268 33163 
20216 33516 33522 
29323 32157 37244 
6154 10593 36552 
10135 36478 36556 
6910 7955 9172 
25934 28376 36465 
9422 16655 30896 
5315 11031 34656 
18313 28198 31031 
1098 10253 36525 
21953 26544 36631 
5567 15785 36647 
1124 4658 30703 
10334 16994 36626 
29164 36666 36815 
8134 33905 36671 
2465 3454 28048 
384 6625 16658 
2107 2108 11654 
4829 36689 37565 
173 1492 25675 
20034 36674 37087 
10339 22318 35568 
8737 36717 37232 
26915 36703 36872 
2001 19308 31405 
28518 33381 36566 
417 8928 14261 
1102 10377 15568 
27925 28220 36376 
8571 10324 34255 
6061 11565 27711 
13170 17839 35651 
24954 27019 35277 
6467 29075 33994 
1266 5319 34694 
4047 19998 24884 
14228 18037 18038 
26591 35191 36702 
9207 22362 36651 
4183 7121 27560 
14601 15241 33847 
13074 28193 36594 
9134 27959 36827 
11274 12035 34134 
25606 35243 36921 
1003 23292 36983 
34368 36852 37286 
11441 30234 35744 
2298 7459 11300 
364 30640 36741 
32038 36868 37109 
12439 19246 20007 
30379 36666 36844 
11966 15902 36950 
13187 33467 34800 
6443 32555 34440 
13559 16289 23448 
3824 6366 7286 
4957 7910 20879 
15268 36948 37033 
11330 35660 36277 
11126 30670 36900 
2188 25362 30520 
7713 10298 36416 
11218 17823 25615 
14937 34085 37028 
339 3925 6718 
2722 9358 30830 
247 248 1132 
37069 37070 37112 
6896 21144 30716 
1336 1338 35167 
7042 12304 30964 
1852 11898 33543 
20866 22131 37111 
31685 37114 37467 
641 9190 19466 
59 1813 37145 
1378 3005 28927 
2927 37161 37268 
1466 2387 8696 
6281 9667 35267 
2865 32910 35263 
2506 2684 10457 
4014 4112 8625 
7620 13842 32434 
6210 6432 14374 
19446 19713 34991 
4291 11936 14936 
4639 5034 8068 
14940 24840 33292 
18102 32655 37527 
324 1477 34818 
18289 18464 30248 
17312 30246 37063 
7628 22141 37613 
17643 22547 25167 
3288 7546 35817 
1121 5380 9030 
11386 17287 36915 
14590 23463 34985 
3646 6944 30749 
16147 16156 24134 
5307 31819 35857 
13936 31556 36670 
28933 36153 36558 
326 5947 37390 
15588 23086 37395 
1877 17682 30233 
7550 19929 37455 
2139 4288 8189 
30303 35736 37432 
6260 23152 37477 
23828 29074 32112 
2820 34736 37451 
28525 33736 37496 
1388 21024 21470 
7189 15998 35985 
10655 14880 31640 
6192 7306 8763 
33401 34436 37543 
8662 36370 37534 
10495 33306 37564 
17661 27394 32889 
5058 18363 37142 
8665 21007 37607 
25698 26433 35364 
25276 36335 37663 
1635 14998 37670 
2373 3922 37307 
2804 26171 37651 
5026 29593 34169 
13078 14337 29653 
4916 5746 23629 
20200 27461 27703 
3356 7000 34541 
2408 11931 14704 
4040 5866 31682 
5325 5686 24923 
11430 27578 32083 
9793 36481 36907 
11443 14963 34617 
3254 14541 20426 
692 6100 10583 
296 297 312 
