37 3763 4300 4373 4974 10830 14347 
9393 15909 19869 26667 27465 
969 2001 7209 19610 26310 30321 
3898 6154 11280 19972 20109 22145 27139 
708 993 5745 6427 29293 30401 
2061 3023 3859 4197 4844 8501 18594 28233 30527 
68 1990 2149 26279 
5340 8058 9040 9048 9332 12246 28337 
529 853 2548 7330 10935 27719 28196 
1636 16454 17933 18441 27643 
979 1829 3563 3739 4657 5562 12092 14041 21122 24988 25064 27387 27941 28858 28859 29609 
3 51 1279 1989 4860 5864 5865 7135 7409 7893 8409 11153 12465 13334 13429 13839 14640 14817 19229 20510 20585 21157 23623 24258 24487 29004 29055 29482 29616 
318 8435 9396 10879 20165 25642 27994 
1193 1264 1800 9338 27881 
2552 3077 6294 7956 10167 29138 
784 6355 14107 24220 27692 27970 
1983 6310 6762 8935 8936 9941 19981 25292 28056 28149 29794 
1755 8573 22540 27813 29240 
3687 19485 21009 27729 28005 
1026 1376 1377 8731 10061 11497 
4260 5934 9040 28041 28337 
1916 2928 3833 8438 10436 
2506 6713 7203 8064 21955 
664 9599 24280 28365 28680 
9562 10801 20234 21729 24211 27780 
1507 1508 16079 28183 
712 885 1018 9099 22875 30060 
349 1066 1818 21154 27834 29653 
3832 4040 4379 14917 28003 
9518 25246 25766 27443 28854 
7887 17078 29313 29754 
669 3153 4214 4225 6078 7546 11324 12238 16895 29856 
56 346 3380 5025 30141 
1188 1765 2334 2653 3871 27112 
2018 2481 3046 4400 4401 26142 26637 27490 28008 28461 30518 
3405 14635 27184 28012 
1024 1809 3139 3148 5283 29453 
2383 10148 16162 24050 28014 
1101 1244 4019 5559 17952 29417 
399 400 1662 2040 5071 
1128 1816 1817 2966 28460 
3176 3955 7148 26144 27795 27942 
502 2806 4061 5597 13711 28647 
1061 1521 1522 1932 8863 20845 21154 
526 706 1018 1500 5954 14107 27692 
3686 7213 8924 26288 27043 
15358 15459 25308 28376 
31 1098 1502 3818 3819 
1009 2823 13494 22601 26125 27942 
974 1503 9260 9261 17699 
810 5497 13714 14599 27563 29592 
71 72 73 7558 
876 1405 1566 1672 3244 3245 3517 3666 3675 3885 3927 4394 7181 7184 8829 8943 9240 9727 9887 9960 10274 11584 11914 13482 16862 17411 22665 27711 28868 30159 30385 
4536 4988 9921 11309 22618 29963 
1858 2202 6376 17329 28030 
1444 1641 2898 4085 15174 30320 
432 6185 24897 26288 28059 
12594 13939 14290 27509 
797 3128 7136 7569 7626 
4585 19979 21206 26747 27340 30114 
24 657 1705 4875 25341 29845 
1641 3144 4137 4873 6004 7238 7569 7626 7753 16481 21016 21179 25782 29773 30390 
2747 3202 10201 10854 
6079 12229 12256 22813 27940 
1436 4400 22058 26925 27759 28008 28461 30518 
572 760 784 1024 1809 5283 
318 9396 10366 10406 10879 27994 30616 
5430 6704 8065 9912 11153 12854 17787 18161 18302 21157 22391 22856 29004 29055 
3562 6762 7607 8722 25854 29794 
1115 1276 9764 10203 19460 
3884 8906 21522 26378 
428 1440 1727 4374 27805 
1173 4944 5826 10985 29373 
619 842 2642 3356 5943 9399 
2461 4993 5045 6612 28040 
7386 11490 17962 22614 
8571 10324 11238 14658 27222 
740 6331 14599 21699 25881 27563 27586 29883 
427 1440 1661 1796 3145 21704 26135 27112 27805 
300 5062 5468 5658 22549 28208 
592 2962 4613 15081 20405 28040 29207 
447 5880 9040 23835 28337 30476 
1136 3545 4396 4599 5315 8008 9986 10604 15515 16688 19033 19167 24736 28647 
1793 2430 5570 6319 7878 8295 8968 10254 11050 13251 14321 15241 15853 16891 17183 17229 18386 18904 22506 22518 22665 23300 23754 23978 25012 25402 28258 28295 28315 29836 30174 30570 
1018 1568 1824 2187 6849 11807 21154 27563 29671 30493 
1548 4566 10604 19309 28046 
1009 1792 9773 11137 15302 20245 27942 
1316 7261 8231 19352 28059 
1365 1440 1727 3715 6724 
4432 6315 14709 26740 29667 29842 
5128 6096 11602 27435 29716 
25 26 11018 21386 23031 26266 
699 2484 5272 23207 28068 
529 1923 15224 16162 27742 28014 28337 
6218 7807 23208 28577 
526 1018 16500 20163 25515 
943 21341 23778 28111 30718 
821 1222 11029 20386 25944 
59 3844 4138 9941 11691 28208 
4566 6794 10604 10708 24358 
128 2446 5006 9030 
1709 5586 15243 17444 22446 
452 6143 14050 15174 25620 
1921 3466 8361 12200 17786 
4397 5341 7450 28014 28337 
5232 5401 10239 19783 26289 
318 5577 9396 14111 27994 
120 1625 4488 8674 23406 27975 
293 821 1254 2141 8259 13236 25944 29671 
6154 15546 17890 27897 29457 29513 
265 1505 4958 10454 18377 27915 
2622 9040 9048 9674 27178 28337 30476 
654 1454 2381 2382 15244 
75 741 9254 22158 28538 
1181 2043 4506 15338 17787 21157 
6856 6857 9221 9564 27780 
1653 3119 4624 18786 19021 25934 
5341 12861 21178 28014 28337 
21 346 442 552 872 885 1018 1707 1767 2049 2126 2502 2525 4054 4687 5467 6547 7525 8319 11760 13072 13153 16148 16943 19777 20579 25515 27021 27692 27970 28316 28334 29671 29675 29999 
702 2619 5245 5246 12875 24479 
4386 4387 5902 12509 29996 
6523 7514 8425 10454 10745 22735 27915 29420 
7185 11160 12536 24748 27498 27957 30231 
464 509 526 1589 1759 2761 10775 16658 28304 
1363 1754 7325 16456 18524 
2076 23896 26928 29667 
6041 7885 24649 28111 28451 
1978 13358 18210 27943 28239 
3065 5553 10628 11008 11984 14350 
1099 2882 3427 4892 6725 7148 7940 12537 27942 
1444 4085 4949 8754 15174 
59 1219 2548 10935 22618 24611 
3824 4680 13486 20499 26161 
608 609 3396 7626 7640 7772 8426 8875 11404 21016 22517 29773 30390 
1109 5980 6261 14148 27817 28841 
8365 10669 22516 27926 29237 29488 
736 1372 7519 14147 27143 27452 
3064 3471 6794 10604 28046 
6779 9137 16386 25955 26882 30749 
1367 7783 11771 16162 24382 
1789 10332 13320 13491 
347 3177 4935 6554 6670 28376 
1858 2788 17087 17329 21100 28030 
2244 4905 6474 11084 27187 
877 2820 2981 12627 18107 27523 
245 2124 2176 8824 12534 25930 
1279 1774 4447 12532 22573 
9288 15042 17667 27839 30270 
382 1763 3713 7140 
1814 2473 2474 2644 2798 4241 
483 850 1115 1632 1880 2785 3335 4818 6157 9464 13388 16798 18997 25099 28997 
9627 9901 10801 16630 25043 27780 
1313 4362 4494 8634 20100 
807 2795 3546 14235 14547 17127 28150 
333 4704 4705 7042 27563 
2754 7693 11105 21141 22975 30320 30344 
2902 16402 22751 25642 27994 30616 
5717 12622 22198 27715 
300 5468 6170 7695 10646 22636 28208 
3787 7643 21472 25952 29373 
782 864 7775 18582 29580 30320 
5248 7885 21509 24649 28111 
2303 8179 8406 12522 
1169 1453 2235 3723 13244 
712 1018 3522 3917 4412 13714 16500 
6594 9480 16127 28111 29417 29897 
8508 10750 16519 21297 22921 28181 29364 
521 599 3090 3091 11345 
565 1152 5466 5712 9169 10644 28176 
7885 11441 12882 19599 28111 28271 28318 
64 1877 3328 6338 10065 19799 
11267 14297 24255 27310 28113 30589 
10084 14318 17081 27443 28525 28854 30356 
401 572 5715 6564 8613 9178 
3457 16324 21313 21732 
9567 9901 26911 27780 30323 
559 3166 3716 5058 8757 12238 13182 
1017 1803 10001 27692 27970 
191 603 6331 26412 27585 29592 29883 
1997 2445 6315 7112 10010 
7655 10903 27187 30400 
1009 1104 4206 4591 6725 27942 
3944 8344 10733 11459 20986 
208 565 5526 10713 14346 28176 
147 3844 4973 9941 21175 28208 
9394 13402 20313 22499 22540 29237 29240 
405 5800 9349 9960 11761 21332 30159 
7526 9376 10428 12194 26387 
2026 3633 5235 8518 9649 26387 28077 
596 4566 10604 22338 28207 
2194 6698 8937 9873 
4690 6127 7063 13147 
114 782 8008 22706 29803 
526 1017 1803 8992 10001 13072 
30 4472 8553 13402 29237 
1911 7908 9941 20845 21154 28208 
7341 8174 13035 16754 28972 29671 30233 
1672 2503 9382 15498 30159 
10783 21054 23002 27139 29799 
1561 2882 4555 4591 6019 14182 19422 26125 27942 
992 1525 4152 6984 7707 7708 
2061 3981 5347 10349 12444 28233 
4293 17772 22653 28119 
1066 3844 8213 11309 16049 17664 21154 22618 28208 
3635 3740 9173 9626 
10368 13118 14678 15872 18607 21923 28600 
359 1409 1775 9912 28233 
3369 3453 14247 26275 27703 
811 3876 11559 21154 28972 
3789 4135 4298 9318 28239 
349 7042 7225 28447 30233 
740 5026 9254 21699 28538 
85 1452 3876 7917 23594 29671 
2302 2593 4725 5268 7206 
504 1365 1727 3715 9162 
37 619 2642 4930 6746 11944 
560 2480 4021 5057 5707 
806 1915 2451 4894 14547 28150 29108 30473 
247 248 1550 1860 14883 
547 5318 11691 16049 17664 22618 28208 
125 525 4105 28064 
300 1895 2339 3088 5289 5468 22636 28208 
4065 4387 4629 21966 26690 
60 3844 5062 6233 11691 28208 
2201 7241 15815 26017 27156 
1832 2500 2501 6235 12197 25615 26161 
2339 2778 3844 7030 20226 28208 
602 2624 9254 21699 27585 
1522 5249 7042 11771 12490 12678 21154 26326 28208 
37 385 619 2642 9102 11944 
372 517 5232 28879 30800 
114 3704 12318 22706 28207 
2213 2548 3511 5249 7284 10935 
265 1505 6187 6623 8165 22002 22993 27915 29456 
1068 2002 4974 9992 10830 19352 
31 399 1220 2137 2642 
1358 1479 4021 9006 9993 19758 19861 
2716 5646 5728 11807 16454 18441 
426 848 1409 3362 5278 5665 18594 
559 3915 4411 4640 5058 
1818 2126 21154 27834 29671 
4682 25722 25903 28266 
1550 4778 9887 12587 
439 1174 2191 4975 13078 28538 
2332 4681 5438 8556 9283 
933 3442 3560 9514 11628 20994 29336 
318 10366 10756 10879 10972 27585 27994 30616 
453 2205 3824 9380 12197 25615 26161 
603 4063 25881 27585 
1491 1628 2917 4795 4904 5946 
3577 3578 10959 11991 28111 28271 
10880 13803 17107 19409 
394 428 2218 2241 5449 27805 28044 
969 4399 7804 7811 16147 
652 5068 13483 22192 27485 28033 29138 
4490 5183 8508 10750 11097 23650 24056 29364 
265 1505 7514 8748 9925 10329 27915 
1866 5493 5517 7087 11691 28208 
2050 8462 19020 26382 29726 
304 7325 13935 20871 26334 28269 
3584 4425 11466 20349 28295 30426 
405 1079 1567 8353 20892 28868 30159 
2517 10575 12227 14451 21923 
1402 6749 7940 12537 14801 
939 940 9023 20245 27942 28034 
377 8687 23682 24550 29682 
1115 2253 7829 8020 16798 20021 30381 
1669 5659 6134 13803 27523 
337 1365 1944 3871 27112 27805 
247 823 1629 2086 2305 2747 2823 4591 4904 5153 6019 7322 7600 10854 12541 14182 20756 28376 29550 30438 
1741 2334 6064 8288 26135 27112 
4453 4665 7344 7557 25404 
4899 8517 10911 17704 29595 
606 2825 3362 5278 6105 18594 
4136 4293 9318 13418 28239 
428 5449 12493 18317 27805 30385 
4432 5427 12051 26928 29667 
432 4300 7017 7243 7370 8231 10830 14305 19352 20192 28538 
441 828 1497 2733 2917 28600 
3471 6779 16386 25702 25955 26882 28046 
14640 17787 19048 21014 22856 22909 26908 29004 
3971 13286 21846 28617 
2703 2993 8222 12297 
561 1510 1973 4190 10065 11079 29492 
441 828 6049 10689 12845 18607 28600 
16 1009 2930 9364 12537 27942 
7654 8266 8267 8462 26382 
1139 1338 2966 3260 19591 
741 1068 4974 7098 9992 10830 
5989 14684 16564 27733 28984 
6030 8573 17737 22540 28676 
949 1109 5980 7235 11987 28249 
11000 11050 12027 13241 22506 
299 1522 12678 18216 20352 
11103 13049 19558 26596 29489 
130 131 1188 2653 15015 27112 
207 11705 13072 16899 23139 28334 
3932 7804 10616 16731 19898 
1417 1418 3382 4533 13436 
2212 3846 6800 27719 29467 
559 1042 4640 5928 12214 30589 
307 24941 25502 29363 29985 
6211 16627 20269 27255 27807 27862 28349 
1068 2254 2502 4974 10830 19758 
4445 4490 5153 6159 9864 21891 29364 
256 537 6159 6924 22921 
616 792 2435 2760 10065 27719 
997 7085 7086 9852 14388 
265 5386 7507 8748 9054 27915 29420 
2089 2427 3748 4432 27832 29842 
1250 4097 9057 21557 25653 
521 599 1839 12730 20048 
1009 6749 7268 12537 20395 27942 
148 1018 1066 1521 1522 1932 7928 21154 21248 
12312 16940 19992 24897 28365 
1820 2628 12734 15528 20110 28373 
652 3613 3949 4219 8178 11572 27726 29138 
4506 9762 13334 15094 21157 30750 
1297 2898 11105 25883 30320 
1624 1625 2910 3649 22633 
2998 4899 11205 15187 29595 
4899 6029 11205 11261 11694 26940 
1043 1832 3792 7661 12982 26161 
314 315 6880 16829 27972 
1118 1547 5630 16386 26882 29788 
2979 3168 10084 12801 28677 29985 
1052 10304 10471 12674 18559 28507 
119 1052 5509 6933 8592 12674 14293 16658 
394 1741 1796 2279 4415 8036 26135 
1250 2922 8762 11421 29912 30549 
311 1237 1238 3749 6178 
2058 2703 8375 10754 17374 
165 166 1062 27805 28392 
71 74 1145 7389 7558 
559 1316 8231 15648 28538 
428 570 1607 6648 6780 15771 19090 27805 28875 
428 1830 5449 13790 27805 28392 
565 1152 3076 6470 10546 14346 28176 
98 5449 8823 17795 27805 28392 
968 969 7334 7337 12855 
5484 10203 13392 24335 29565 
7110 7535 8934 10805 17092 
1066 1521 1522 1932 8248 15211 21154 24611 
71 2615 2616 11181 25031 
153 154 245 7867 28392 
190 602 13487 13695 27585 
142 143 844 2690 16479 
2421 5238 7145 12530 
692 7262 10583 16378 
955 1404 2184 4433 18323 
1783 1899 2475 2476 5146 9690 
318 3530 9431 9858 22311 25642 27994 
526 2126 3823 4990 25944 
602 1568 2187 4063 27585 
1066 3844 7131 7554 17664 21154 28208 
1316 6308 9870 13111 27043 28538 
464 561 5693 7295 8184 28304 
5822 6675 6905 11748 
14635 22606 22966 27478 28012 
1832 3824 8983 11267 14297 18776 26161 30589 
6008 7131 23579 24050 29549 30481 
1491 2733 2753 4980 5782 
464 561 591 6889 22478 28304 28507 
19 20 1140 6550 18073 
62 1090 16798 19850 27023 29455 
853 2212 3647 9332 27719 
412 5828 18904 27530 28295 
304 2478 5509 15205 16658 19536 26334 
1491 2917 2918 3653 12822 
1186 2106 18334 18435 24124 
432 1071 2099 7060 8312 28538 30618 
1588 10791 16071 19018 27490 28461 
1087 3135 6912 9290 30421 
741 2140 6865 7098 29453 
969 1302 1458 15402 16147 
299 1061 1522 1698 19519 
1323 1930 4231 9427 22977 28373 
2420 2831 3693 3702 4018 4861 5731 6529 6606 7536 11983 29059 29703 30653 
1250 9393 13441 26582 26667 
9682 28260 28265 28453 
1521 1522 7221 7520 22158 24050 
57 1467 5501 5544 7060 28077 28538 
373 572 1522 2292 5715 6564 7050 
359 1539 2825 3336 11247 15409 18594 
919 9040 9048 13814 
245 12534 13790 13960 
2901 10020 10021 15502 22972 
2961 3627 11184 14084 29814 
772 2091 3446 4354 11447 
1368 22962 24220 27970 28334 
347 2877 4591 6361 26483 28376 
565 5466 5538 9170 10644 28176 
414 26983 27081 27515 
17081 17110 17348 26275 28476 30356 
1443 2898 10211 15174 27959 30320 
1421 3369 5784 14247 16747 27703 
501 572 1876 1877 2435 4568 10065 
1358 1479 3556 4021 8675 9006 19861 26142 28461 
2244 2833 4591 4892 19578 28376 30438 
129 22601 23968 28376 29550 
469 565 9580 23912 27667 28176 
171 419 2275 11597 29420 
95 2162 4181 12273 13832 27255 29138 
2929 6019 17657 26483 28376 
11307 13326 13327 28376 29610 
347 2244 6554 20595 28376 30090 
448 7095 9546 11006 23082 30185 
4849 6019 7650 12541 26483 
6189 6190 7742 8546 
412 7879 14601 18449 27530 28258 28295 
126 289 459 1800 8038 8362 
476 3119 13018 13805 15751 18786 
1041 5646 15151 21231 22700 28647 
1219 1522 5493 7221 12121 22618 
9024 17695 24235 28259 28650 
62 9869 16798 18769 26599 
10291 10941 13510 18769 23680 
494 575 610 3384 5982 
3584 3618 11466 27926 29488 30426 
2061 3695 11967 13978 28276 
1231 2825 10349 11886 12444 18594 
810 1568 5528 14111 14681 29592 
799 3384 5982 8249 22478 28507 
237 238 1457 3078 4941 
1920 6474 7013 10903 13167 27187 
1006 1521 1522 7225 13078 27979 
939 3354 3925 4555 8485 26125 
157 4988 20288 22618 29963 
9174 13576 20186 20407 20573 28523 
224 225 756 4290 12259 
414 2898 7979 9135 25883 30320 
387 4037 4262 9377 28870 
2881 6414 15391 17150 26745 
241 2188 22478 28507 30448 
819 2077 4916 27523 
439 1478 4537 5062 9674 28337 
229 230 4419 6258 16039 
1 4490 8508 10750 11097 25287 25655 29364 
1522 13078 20352 26557 30493 
908 2298 2302 2338 7206 
7608 27813 29488 29778 
871 1535 8365 14422 22037 27813 29240 29778 
14104 14862 18765 29456 30007 
20 1140 3371 13234 
211 347 6554 20918 28376 29610 30438 
285 2244 6490 21816 30098 
307 308 2372 28720 
1161 1490 12488 17152 28120 
11778 12929 20173 26348 30456 
467 978 10470 11704 27303 28663 
6787 13216 25560 26827 
1231 2825 6093 10349 13385 18594 
77 2299 2300 5491 5734 
5105 10218 14314 16627 21977 25844 
1027 1849 1850 3775 
1052 5590 9607 12674 22478 28507 
4009 4080 5417 13920 13921 
821 1856 7881 14084 19975 28040 
7467 8597 11189 28564 
3865 7261 15648 24571 24862 28059 
4391 9318 13358 13418 16541 20072 28577 
456 1233 3864 10727 16538 
5353 6220 6398 16541 28577 
1870 1871 3084 5438 20930 
347 6554 8765 19896 26483 28376 
547 1066 1803 3844 17664 21154 28208 
454 865 1325 12098 22618 28337 
933 3560 7097 7153 8313 20994 30075 
918 1466 3442 15418 
566 2860 3330 4947 6134 13803 
264 265 5386 9054 12980 27915 29420 
5191 11468 12882 18138 28318 
3192 4391 6220 12475 16541 
233 469 565 9580 15001 28176 
273 1354 7249 21349 29833 
5517 20750 26735 27287 
616 1670 3199 7888 12663 
2309 10239 10693 13556 15194 22618 29963 
3850 8537 12242 12313 14035 
441 828 4394 6024 9960 28600 
8232 10409 21941 28773 
4079 8301 8531 14547 20073 
196 610 5982 8249 13069 22478 
3356 9399 10660 22478 28507 
1978 13998 16541 28577 
2747 3679 6659 7268 20020 23333 27795 27942 
1672 1898 6024 6288 8417 
2433 3046 13644 16390 26142 
212 428 1365 2040 2493 6724 27805 
5153 5736 6159 6924 8514 22921 
2204 9380 24255 25615 28113 
441 828 11008 16497 18607 28600 
1939 3102 9506 11315 28518 
1539 2825 3362 5278 8977 14679 18594 
148 1061 1062 1522 30438 
942 1359 6358 28228 29417 
3615 5986 22222 30491 
606 1142 2062 2825 8977 18594 
757 1078 1614 4394 6134 
3167 7444 19116 23835 25861 
647 3075 7616 8312 19685 28077 30107 
5062 5658 13968 22618 28337 
1920 6474 6489 11084 13167 27187 
1066 1742 2187 4190 7739 21154 
20 39 1663 13234 13955 
740 4062 5026 7341 28972 
968 969 11259 12534 13675 
1593 1621 1622 9623 28671 
3911 12843 14413 28631 
851 3850 8537 9365 12313 
7605 8822 12369 21978 25935 
2635 5047 11809 14893 20838 29796 
5047 11741 11809 12050 25687 
969 2001 12855 13675 
441 828 2333 6694 18571 19164 28600 
721 2140 7098 7928 8248 28732 
613 1106 1215 5972 10854 13490 20756 
54 156 6024 9727 15498 30159 
23691 26925 26968 27316 28008 28477 
204 1274 2325 2518 5454 
852 1316 3809 7412 20006 28538 
1807 3676 3742 18785 
7790 8357 19425 22772 28695 
1914 2814 5304 8520 17127 28150 29108 
227 882 8877 14959 24317 
4782 7533 15039 19012 28539 
821 1298 1351 4247 7881 
3175 3704 7261 9132 28647 
2652 17078 17478 29313 
3546 7706 14622 24563 28701 
54 5016 9727 25153 29920 30159 
4658 5249 5939 7282 30703 
1231 2825 4069 7843 10349 18594 21793 28233 
4328 6019 10983 11517 29550 
2026 5779 16977 20369 28640 
1216 1238 6178 18384 
436 3551 3966 4951 5836 12644 28701 
439 853 3511 4261 7284 27719 
2985 10404 17607 22462 22970 
1567 3517 8417 15713 
1161 4624 13169 17152 18786 25934 28120 
373 2292 2847 7050 9941 21154 
216 3966 4337 4951 19202 28701 
1210 26582 27333 28709 
884 4567 6134 7615 9837 
1539 2825 3695 7718 13978 18594 
2825 11247 15409 18048 18594 25138 
21157 21782 22909 26908 
2703 2994 3362 5278 10330 13451 18594 
3901 7936 13861 16632 21980 25804 29004 
435 1028 1029 11200 12987 30068 
1140 1274 2325 4883 5454 5455 
639 720 6917 8709 28450 
1009 3177 6749 7148 20395 27942 
1250 1552 2922 23006 26582 28709 29461 30064 
20895 25060 25184 26310 27669 28241 
596 4027 8008 13626 17702 19762 28647 
4847 5803 12133 12217 
212 1590 2040 5577 6720 
100 101 1329 2308 3169 3685 7556 
955 2471 3847 11927 
1481 2432 3184 20192 28538 
1235 8656 14996 29604 
3757 9176 9237 13542 17203 
4705 17125 23270 26939 28740 
206 1513 4854 8633 10426 24687 27492 28304 
6421 7642 13727 21160 28750 
320 4921 6153 12644 16875 
234 235 435 2741 3774 28304 
6261 8102 9175 13784 28523 
21899 24662 27319 27428 29488 
9874 10861 11956 23082 26799 30185 
2596 3198 28972 30233 
9283 12230 15195 21744 28831 
343 5427 6509 28611 29667 
37 2457 2741 10209 11944 
1292 2807 5493 10930 13058 
932 6005 12158 12801 28677 
876 1446 1927 9960 29920 
875 4950 5636 8004 12368 29293 
712 1018 1987 10896 20163 21154 
1041 1136 8155 21231 28647 28771 
412 11050 27530 28258 29738 
1662 2279 5071 9162 11378 
602 4063 6338 11559 12082 27585 
13101 17943 21941 26002 28773 
3840 6936 13635 22028 27435 
6110 7930 8135 11387 29745 
5453 7686 8567 30349 
3497 10658 16087 17608 
265 1505 10095 17336 27915 30400 
1316 3763 3809 7461 28059 28538 
157 10646 12554 22618 28337 
646 20999 24030 28754 28755 29208 
11354 26271 27223 29916 
1481 2432 3184 24897 28059 
10162 19809 22918 28273 30445 
5191 11468 19013 23292 28319 
7910 8283 17809 21160 28750 
1673 10880 13803 18107 27523 
2184 5071 6343 9162 
6218 9318 16541 23208 
2154 2878 6451 11895 13697 28812 30070 
257 1115 1276 2253 3585 18997 30058 
2878 7173 11895 13697 14951 28812 30070 
3149 11445 19371 22625 28820 29343 29714 
8008 8921 13626 17702 19762 27970 28647 
17529 18881 19466 28979 
749 5360 7897 10192 16200 18376 26419 
5517 5934 8777 10646 17142 28337 
2190 7738 9283 17051 28831 
318 333 9431 25642 27563 27994 
8950 25995 26582 27465 28780 
5183 11394 11490 15830 20829 29364 29711 
565 1501 3076 10138 10288 28176 
333 8884 16873 27563 29592 29883 
3522 7128 10879 26412 27585 
4950 9942 11671 16673 20425 26100 28898 
4861 5906 6936 22223 27187 
2293 3460 9269 28745 
4360 8823 10573 16490 17795 
3635 10288 10644 14509 27039 
1589 3643 5509 16658 22794 26116 
998 1480 19116 23292 28250 
3415 3840 4685 6489 10903 
60 5517 9332 20750 28337 
104 393 652 831 12091 12273 27255 27807 29138 
1632 2316 5663 13359 20408 
5531 8353 9240 14407 16524 20892 28868 
5995 8168 8227 11394 15959 16048 
8921 10823 22338 26039 28821 
1066 1521 1522 1932 2622 9048 15211 21154 21248 
564 565 1152 3076 10138 11652 28176 
166 1062 1830 10573 16490 
16 3337 4892 8160 11360 26582 
6909 7031 22238 30000 
75 110 1479 2017 3791 4165 
441 828 2199 14055 26950 28600 
428 570 6648 14585 22046 27805 28875 
8773 12550 14771 26558 28722 29943 
1237 3065 4133 4191 11984 14350 16227 
372 2172 19206 27277 28879 
428 3871 5449 8934 17092 27805 
18304 20845 22619 30371 30491 
4828 15231 22350 23106 27592 
2444 6434 26684 26945 26946 28841 
7666 10666 13170 22970 
2795 3329 7267 25759 29453 
5516 17646 22805 24520 28679 29669 
1439 2502 3056 10896 29671 
6058 10224 15839 21332 22665 30159 
1242 6835 11486 11633 12337 
2053 4477 14066 21948 23593 28875 
16518 22715 28827 28910 
564 565 1152 2778 4385 13679 28176 
3526 10006 14926 25844 28011 
888 6347 9308 12215 18984 20213 28780 29461 30064 
4014 5342 9166 23932 28870 
4037 4262 4595 6015 6699 
318 2174 10345 16732 25642 27994 
1028 6158 20591 22772 28695 
725 3505 13118 14800 28844 
2799 3119 5171 13018 18786 19646 
5278 6040 10186 11603 13385 
572 2174 2232 16732 30493 
5484 12005 18769 19460 
154 3726 3727 4612 16490 
359 5278 7844 10186 11603 
2657 3939 12805 13447 16683 
2043 8065 10372 10495 17787 25524 25804 
16 1009 2747 7024 11360 27942 
1316 4111 9870 15648 25135 28538 
1172 4037 6069 10985 
602 3917 5847 11151 14042 16873 27585 
429 1550 8480 12227 21923 
417 1301 4054 7287 
1928 1929 7111 14028 28284 28391 
621 2557 7342 13687 25142 27452 
1760 5033 11025 19789 28959 
572 784 6169 6758 6759 11616 
6902 6999 14337 28972 30233 
3239 3788 6730 26144 27795 
932 12801 14247 20701 25050 28677 
669 1160 12438 23371 27451 
913 3522 6999 12418 12678 28972 
7660 24176 27297 28947 
3066 3288 12238 12438 29788 
368 1099 2882 3355 5332 
1436 3092 16071 18163 27490 28461 
1000 2455 10726 16837 22303 26827 30141 
1231 1774 5278 5347 10349 
1807 3924 12488 18785 30257 
302 7627 12985 23655 28977 30363 
1 3766 10750 15662 28908 
20 1140 1274 2518 4883 
3004 5438 9283 19291 28753 
809 17787 18521 19048 29616 
3944 7893 20986 29482 29542 
1452 2502 5404 5585 24611 28014 
1115 1276 5398 5484 19460 
1832 1983 3824 11267 12197 25615 26161 
3024 3939 4924 6713 7661 16683 
6735 6782 20039 28953 
318 1568 5528 10879 14111 27994 28972 
2494 3220 4878 11229 
455 578 3412 4901 6650 
4682 14613 25223 25722 
7807 11537 16463 28577 
1988 4713 7626 7739 29773 
6398 9318 11576 12824 15742 16541 19431 20072 
4055 7466 10678 10820 21428 28972 
3824 3998 5894 13032 26161 
2115 2859 6079 10686 30041 
1043 1832 3792 8212 12197 13419 25615 26161 
1521 1522 2125 3889 12490 29671 
4957 6343 10306 27668 
2897 3369 9286 27703 28596 
10462 11941 12011 12501 22493 26217 
699 1247 1361 2027 10447 13511 
2773 3165 4466 11571 11726 
493 7375 9501 11278 14124 28936 
932 3453 20701 25050 26275 28677 
1174 1316 3763 4789 8231 28059 28538 
2473 2474 5011 5138 6720 
4049 7144 11571 11726 15563 
1794 19194 20424 29613 30256 
4905 10496 22223 24804 27187 30400 
10463 14771 20708 21979 29049 
1439 2502 7462 17260 29671 
8773 12549 26558 26564 26750 28973 
712 1018 1987 17260 23555 29671 
2473 2474 4241 15178 26566 
742 1348 22645 25319 26668 
712 1018 1824 9131 9332 30476 
333 4545 22966 27563 29549 
25381 27296 29086 29835 
57 4300 7243 7263 10636 28077 
2506 2684 9735 10457 28131 
1338 4595 6639 12210 28034 
441 828 4772 21923 27389 28600 
2140 2626 7098 8571 11009 14658 15061 
115 2502 2736 5404 7412 8312 28538 
791 1928 2927 26169 28391 
2772 4330 4514 8679 11892 27553 29004 29055 
529 853 2212 6911 27719 
2948 3318 3319 12538 13402 
1554 6835 14591 20905 27284 
114 1080 1136 3545 28821 
114 8889 8921 24220 27970 28821 
15432 17259 21441 27268 
443 4948 10779 26372 29092 
1242 1554 17625 20905 27284 
2372 2552 11686 12177 25455 
5613 7413 12923 28056 29150 
396 7893 9912 29004 29055 29542 
1554 5519 5674 20905 27284 
377 761 821 12374 13299 16499 24185 29682 
435 19840 19876 30068 
405 4394 14199 19593 21331 29920 30159 
424 3716 3773 5558 6413 12238 21575 26250 
1177 2502 3083 3701 5404 9254 
464 509 1589 1759 6601 12374 13299 16658 28304 
3084 3629 4834 8097 21923 
528 3436 3600 7330 
405 876 2850 8812 22517 29773 30159 
377 3683 8535 13102 13299 18727 29682 
347 2244 6554 18748 26483 28376 
4929 6146 9723 9859 10644 
285 2802 6490 29059 30098 
60 6233 9056 11816 29149 
8167 10750 15662 28181 
4300 7017 7242 10708 14323 
2229 5669 11997 25044 28229 28255 
1013 3546 9741 12644 17127 
1174 2905 5501 7520 22158 24050 28538 
1814 2626 2644 9708 24611 29149 
1253 3683 4233 5780 6767 8238 
8 1553 4743 9582 10267 20905 
51 809 10372 17787 18365 29004 
4944 17395 21088 25952 29373 
865 3744 8063 12098 29149 
196 1616 4554 13069 28507 
1394 2852 2881 3136 4777 
592 4515 4613 11630 28040 29207 29663 
576 1922 4529 4771 5840 
68 792 1899 3328 6929 10065 12125 
405 1567 4394 8417 14199 19593 30159 
3893 4526 12719 27817 28566 28841 
720 8709 11095 11096 28450 
217 1983 5464 8448 8863 17996 
700 11300 11927 25934 
7329 7908 9383 22549 22618 28208 29963 
148 1066 1521 1522 1932 2900 21154 21248 28972 
1522 6394 14337 28972 29671 
325 3355 4265 4795 10854 
347 2516 3742 18786 28376 29550 
377 1969 4162 4417 13299 22548 29682 29893 
3992 15051 18143 23424 
401 1568 5577 9163 9178 16856 
144 504 662 1727 7602 
4899 5236 10911 11205 11636 
150 10629 12914 13057 14958 
2055 12545 18118 18427 25098 25319 
3472 5458 6131 7588 15904 
1238 5046 5998 5999 19670 
1237 1550 9366 10375 12587 
2763 3564 20964 27941 28858 28859 
1536 13402 20349 29240 29778 
3740 9626 10644 11807 14509 
2172 4960 10660 14721 17022 27277 
4794 5758 17653 28310 
160 579 2747 4609 10854 20733 27942 
1183 2202 10707 11506 27933 
3185 15648 24571 25882 28059 
1421 14247 21104 21528 25050 
852 1068 3763 4974 10830 28538 
313 3939 6445 8438 13447 16683 
299 1568 7418 18216 
105 304 1958 1959 14293 16658 19536 26334 
347 4265 4795 10751 10854 17105 28376 
918 1465 1708 3729 5054 15418 
7261 15151 16688 17592 19798 22700 28647 
2140 7098 7444 7928 19116 25861 
4314 8228 11490 20312 29516 29711 
16 1817 3301 4146 4614 11360 
3683 6234 11078 12286 29445 29893 
538 3527 3957 4062 7341 21154 
1580 2919 3841 3949 10656 
3367 4829 8515 11922 30600 
3824 12197 12214 18776 25615 26161 
616 1345 2760 10155 24610 
1440 4374 5071 21704 
1547 4791 8757 9356 12238 13182 29788 
669 1233 4457 10727 16538 
1535 1755 2982 11466 29240 29488 
1491 2733 5782 7954 12822 
551 706 13153 19122 22962 29999 
7357 12900 14589 29447 30352 
1871 1874 3084 4429 17763 30375 
256 257 2253 27550 30058 
3665 4310 8887 11238 16022 
1850 9401 16694 24061 29348 
428 570 4669 6014 6648 27805 28875 
2827 3557 13651 15748 24686 29360 
551 5459 13153 15717 28334 
9071 19513 19514 25319 26406 
228 3028 3384 7517 9116 
495 496 4490 5994 7428 29364 
805 3384 12674 18559 27344 28507 
6089 6103 20869 25196 29372 29707 
7090 15442 22903 28787 29351 
228 241 3384 4554 28507 
458 875 2836 11833 12324 29293 
725 1549 3065 10368 13118 14800 
1213 1214 2715 7805 29615 
8797 17517 22565 25241 26346 29389 
3393 7102 7685 18398 26425 
469 1501 9580 10288 29397 30799 
233 2749 5465 14346 29431 
33 35 1850 3999 5470 29348 
469 565 5466 9580 9723 10644 28176 
8136 10575 12227 14350 17764 21923 
1928 7111 14028 26169 28284 30797 
1365 1366 2334 4593 15015 27112 
1253 1439 2502 7553 8238 29671 
615 1696 4061 7395 7616 8941 
2254 4300 7242 9964 10830 29241 
3712 16952 20695 23314 28650 
715 3384 3997 10209 12024 14646 
1027 1061 1581 1730 3733 4545 23821 
932 12801 24004 26275 28677 
1728 6019 11833 12324 24519 29293 
2331 6322 10564 29417 29897 
4573 12230 19286 24876 
265 631 1505 7191 15400 27915 
438 2113 4009 4079 4080 
4490 5582 21891 22921 23554 29364 
842 946 3665 30770 
1203 2331 4847 5803 29417 29897 
1101 1244 2431 4667 9181 17054 29417 
3635 5832 24893 25488 29431 
62 2214 2538 18769 29368 
699 4364 13269 16629 29455 
44 941 9213 11848 29447 30352 
5625 15662 15830 16583 29711 
33 5469 6455 18512 29348 
652 7058 7956 8892 14078 27485 29138 
4251 4944 6069 17395 29373 
1316 3685 5544 7060 28384 28538 
2749 5209 20865 29431 
8365 27428 29240 29488 
712 1018 1767 2949 4907 23821 
923 15311 16235 18607 29754 
1755 22037 24662 29240 29488 
10359 11838 11856 15286 27807 28716 30847 
211 2250 7024 14883 
6567 18279 27813 29488 
1009 3566 6066 9773 14575 27942 
425 1118 13796 26160 29788 30749 
1384 1815 2889 6990 11250 28968 
520 5695 9243 11509 11510 20214 
401 1344 5577 9163 9178 26843 
4924 6200 7573 8498 16683 29588 
58 1219 3199 11046 11162 22618 
232 2749 20616 29431 
6744 21475 23589 29526 
1628 1629 3355 4048 10854 10910 
6704 11030 11393 11829 22573 
3420 8566 10079 23007 29456 
4401 5151 6154 15546 22042 29457 29942 
1497 2733 4980 7954 
16889 23760 26250 29631 
602 7128 10879 13711 27585 29592 
3620 9151 14487 27512 29545 
2660 5496 6602 8899 21921 29746 30698 
7885 21429 24649 28111 28425 
2703 2825 7843 7844 18594 
1436 3046 5775 17295 18163 
2338 5455 20386 30239 
1247 1630 2287 6159 18350 
4950 11435 20075 28898 29558 
2860 6134 7614 7615 13803 
1174 3763 15648 21103 28059 28538 
2368 4127 4533 13436 
572 11616 25881 26412 27585 
443 717 18747 29313 
5024 10706 12363 20960 21979 29049 
1042 3824 12214 19305 26161 
11331 12098 20788 26735 29149 
1460 17498 18167 29573 
1644 1930 7439 10143 29000 
1628 1920 4904 6474 10903 27187 
1079 2513 4913 10224 20892 28868 30159 
5253 9088 28504 28505 
1133 1858 17087 21100 28030 29577 
317 4490 11097 17827 23151 29364 
51 396 5865 7893 9913 18024 29542 
537 1247 1361 6159 13511 
6278 17937 25735 29188 
49 1208 5800 10216 11761 29582 
821 885 1253 3683 8238 
1101 1244 2201 12996 28231 29417 
49 628 6323 7184 7338 29582 
875 4124 11073 11520 16146 16338 29293 
8950 14752 26582 28709 28780 
586 8956 20317 23392 25166 
7091 14393 14905 15000 29474 29801 29955 
5028 7451 9836 13926 25928 
464 509 561 1119 2149 3322 3323 21845 28304 29492 
304 2478 12578 20871 26334 28269 29492 
246 3315 6596 6858 27663 
998 1480 22962 28334 29675 
7936 13861 17787 19225 21980 25804 
1174 9824 19352 19618 28538 
3677 9593 9880 11285 27277 
875 4040 11817 12922 29293 30401 
2700 5004 11363 28966 29500 
464 509 561 3323 4497 17832 21845 22668 28304 29492 
1741 2334 2990 12505 26135 27112 
8326 18068 20865 23912 29431 
813 3714 5153 5736 8325 18046 
1672 3517 5192 6058 6068 19562 
1568 1818 9097 9490 29653 29671 
2431 4022 4667 10002 10565 29417 
1850 2123 9481 24061 29348 
148 1568 3530 27563 27585 29592 
2483 7078 7873 8221 14713 25963 28068 
101 2888 13651 29613 30256 
1614 4394 6024 6736 30385 
1232 3683 12965 17044 29893 
3716 12238 13182 16291 26250 27226 
856 2650 3520 4591 15156 29550 
7254 8228 11394 11490 16048 29516 
43 867 3817 7833 27726 
4102 4315 5055 14095 29645 
561 6804 8206 15955 16515 22668 28689 29492 
3017 4364 4367 12980 29455 
7753 8166 8812 29013 29773 
2182 2183 7419 17358 29711 
1920 5662 5906 13167 22223 27187 
1197 1677 5864 13334 17787 30348 
1521 1522 2596 20352 29653 
2596 16471 20352 26557 
87 343 8570 23896 29667 
1958 2172 7089 20672 22898 
1568 1991 7341 7418 28972 29671 
819 1297 1495 2898 3443 8876 30320 
572 784 4061 5054 6935 29653 
174 1557 5023 7767 10218 29138 
923 2216 16235 17478 29754 
49 628 5800 6323 9025 11761 29582 
58 3844 10476 10646 11395 28208 
3851 5662 13167 29059 29246 
602 3530 3917 10756 27585 30493 
5495 12051 26476 26928 29667 
5519 7116 7565 11445 29714 
5182 5183 22937 28181 29711 
2516 3742 4328 9610 14182 29550 
858 2262 3723 15402 15704 18711 
1099 2877 4591 4892 10458 
5530 13651 19194 29360 29767 30256 
2232 4907 5480 8632 30438 
480 1309 4999 10496 11983 29703 
757 3245 5531 12493 28868 
49 283 5720 7184 7287 29582 
219 227 10239 11391 14959 22618 
33 35 1237 3749 12587 
4084 8604 8605 8745 29775 
1481 2432 4041 24332 28898 
425 3471 3482 6794 12238 26250 29788 
1671 10646 12554 20750 27287 28337 
10961 22467 25249 26561 29785 
1429 2125 2167 9097 16754 29671 30233 
1118 5630 21817 24210 29788 
7848 7849 10303 17734 28970 28971 
7876 10453 15649 16427 
4391 5503 7807 13998 28577 
1219 9332 19648 22222 22618 28337 
810 3148 3205 12909 27563 29592 
3562 7677 10378 25854 28149 29794 
996 4052 7206 18956 26378 
31 32 2137 3938 
2731 2769 4548 30187 
3709 19606 21036 23844 27910 29517 
149 1522 6999 7418 22158 28972 
1568 2596 9097 16754 29671 30233 
909 3081 9165 29035 29305 
349 1061 2949 7042 21154 23821 
516 2173 4838 6921 10199 
2172 3677 5200 17798 22898 
347 1628 1629 3337 4048 28376 29610 
1839 5695 12730 17861 29416 
1121 1366 2279 4415 21703 21704 26135 
5855 5856 29824 29825 
163 7768 14220 20648 21596 
1282 5020 29316 29317 29815 
4944 8062 12027 20152 29373 29836 30174 
619 2642 3846 4061 5646 6890 
1121 1727 17144 21703 21704 26135 
734 821 1351 1762 4247 29814 
3067 6409 9137 26250 29631 
2436 6335 9003 14734 17478 29754 
1177 2807 6212 6396 9491 24050 
2028 2778 7030 10314 10630 28208 
101 432 1051 3685 5267 7060 7556 28538 
11631 17219 29232 29780 
1894 2995 2996 6217 13664 19985 
717 934 6015 20633 25934 29313 
1240 3075 7444 25861 29549 
377 5472 13299 13811 24185 28250 29682 
1239 3167 3562 11238 23022 27222 
265 891 6029 6205 9023 27915 
8924 8971 19992 24897 26288 
2858 6594 15811 18938 21139 
1807 3924 5153 10653 18046 18900 30257 
2163 7633 8737 9296 
955 1944 2334 2643 21704 27112 
58 5062 5658 11395 29963 
2214 2437 3632 29368 30381 
285 3702 13167 14035 29059 
1870 2314 3084 4834 6575 
2056 2703 7844 10629 12914 
4432 4571 16030 29842 
2419 2420 2440 8025 10081 
9815 10292 22033 24988 27941 
1080 1136 4027 11986 28365 
2620 3458 5915 10362 28510 30527 
3586 3924 5153 9204 9205 18900 30257 
377 821 13811 17637 20655 28250 29682 
7965 11025 15337 28959 29467 
1776 2004 6529 13371 13629 24804 29059 
528 853 2212 2548 10935 27719 28196 
2878 7343 7661 14951 28812 
2223 2249 29220 29910 
1286 5057 11238 16082 27222 
26964 26974 27296 27931 
5276 15000 15605 20834 29474 
1130 6089 20869 26177 29372 29707 
6171 8008 15151 16688 17702 29803 
526 2408 6987 19389 19775 29772 30472 
62 10203 18769 19460 29368 
4325 7089 27073 27692 28699 
607 840 8302 9139 16157 28510 
973 1659 12202 19591 24292 
1100 1101 3718 22919 28111 
893 1183 2874 5255 13848 29842 
3882 5230 6788 10887 25335 
875 5224 5907 6019 9036 14984 29293 
13345 13908 14612 26127 29272 29948 
939 3679 8485 26125 27942 
7412 8312 20192 21103 28538 
2555 4624 4648 6015 14859 18786 25934 
349 1522 7042 28447 29653 
5465 8327 14346 23912 29431 
2244 13326 13327 13328 25080 28376 
2161 15281 23146 29474 29627 29955 
394 3890 5071 9162 
3851 11203 11213 21745 24804 29232 
1183 6639 7258 8640 27933 
714 1522 2435 7042 10065 13283 24611 
4445 4490 8508 10750 11097 15662 25287 29364 
2043 2044 11030 25524 29976 
4037 5342 6069 9377 22026 28870 
406 782 2633 11811 21831 29580 
3442 9514 11239 14071 20576 
1115 1276 3585 12005 18997 19460 
1546 2193 2194 9873 14270 
1012 3778 4313 9026 9921 15126 29963 
1990 2149 3322 7965 10245 29862 
1323 9427 20667 23511 28439 
3538 3624 4391 11924 14840 17884 
267 2765 3787 7181 8062 
8134 25256 29363 29985 30061 
2432 3763 5777 8971 28059 28538 
1297 4431 23962 24166 25725 
696 918 2385 3729 5450 28209 
1968 6041 9713 12092 28315 28859 
2847 3938 4988 9941 22618 29963 
4134 4608 17661 19055 27394 
268 1791 3444 30050 
491 1218 17661 25589 29769 
7627 10388 11815 23655 28977 
3132 7249 24195 28923 29833 30063 
208 1351 2487 3039 5526 
149 4031 12678 14337 21154 28972 
619 1220 1560 2642 4155 29500 
6471 7745 8093 28870 30050 
819 1297 3443 4964 25725 
547 1895 3938 11691 22549 28208 
875 2987 5224 5907 9036 12922 29293 
712 1018 1987 2125 19806 29671 
3554 7462 17260 23555 29893 
552 1699 25969 29091 
2071 18776 20483 25615 30589 
2980 3369 10084 21162 27703 28525 29985 
1589 3322 5509 16658 26284 29078 
425 3067 14400 26250 27451 
1309 3415 4685 6489 29716 
4460 6232 6936 27435 29716 
7971 9474 16690 29814 
714 1066 7042 10065 10831 13283 21154 
285 1532 1952 6710 10305 
999 4988 7221 22618 29963 
129 1009 1259 8308 9023 14018 27942 
1478 2626 3154 9040 28337 30906 
58 529 1941 9346 13556 29963 
285 3337 8308 9023 29610 30098 
864 4341 11105 19054 28301 
2483 3483 5563 11317 14713 18997 
3850 8537 10174 23910 24804 29780 
3895 4131 8966 22804 29669 
1698 3406 3532 25861 29549 
5181 5452 9260 9261 16087 
385 721 3039 4020 4598 
359 1775 7843 7844 28233 
2749 4527 22880 25488 
652 3077 7339 7956 11069 29138 
205 8300 23038 29852 
1139 1817 2966 4614 20756 
14476 16277 19876 29566 30068 
737 16337 20592 21378 25433 30075 
2038 2339 5289 11432 30141 
1128 1816 15301 17489 28034 
2289 4090 4916 8353 11414 
2475 4508 21896 22082 30167 
7627 11444 14100 23655 28977 29944 
7577 12049 12408 20482 28301 
1648 4297 4975 27184 28972 
34 1875 5786 10628 12227 21923 
2214 3335 4835 6157 29368 
12965 13298 22399 29893 
3656 7077 10254 23978 30118 
1958 2172 3384 9679 12847 22898 
725 2902 18428 20165 25642 
1005 4037 5342 8640 9377 28870 
454 865 1325 16417 22618 26735 
50 4330 4514 4860 6079 29055 
2203 18396 25883 29580 
1180 4391 5503 7807 9318 
62 5047 7496 11741 16798 29455 
2044 3162 17280 21667 29976 
2948 11531 13402 19225 26908 
1102 2847 3508 3938 12732 14233 
174 652 831 10218 12273 13832 16627 27255 29138 
601 2812 2813 9317 29542 
1411 3199 11489 22618 26735 
219 2309 3938 4155 9026 11391 29963 
84 792 3328 10065 15832 24611 
2821 4648 17478 29313 29754 
7539 7992 13146 19623 24335 
34 3026 3629 3750 12845 21923 25477 
987 1173 1790 28870 30050 
3491 3744 5318 22618 24611 29149 
565 1152 1472 4811 9626 28176 
1100 1101 11441 28111 30234 
1200 1247 1630 2287 10355 
9568 10344 22242 24769 26246 28398 30238 
5455 9166 11300 12669 30239 
972 1118 1155 3166 4322 12238 16895 29788 
1027 1849 2533 24061 29348 
2555 2799 4648 5978 14859 18786 
678 6215 13494 15902 26007 26125 
4037 5342 7745 9377 13758 28870 
2043 8894 14108 25524 29004 29616 
3192 6220 6798 16541 20072 
1309 3851 10496 11216 13167 29716 
933 3560 8473 13416 20591 24451 
5022 11216 27435 29716 30190 
326 699 1116 6575 8517 
476 1628 1629 2516 4048 29550 
34 828 10193 10628 21923 28600 
2174 8435 16732 20165 25642 27663 
9713 10292 22033 27387 28859 
1436 1479 8023 10739 18163 20277 
37 561 2741 11944 16974 28304 
11071 12020 22783 30302 30303 30486 
51 7893 8653 11393 16969 
2592 7348 8865 30133 
579 1128 4146 4795 10854 22073 
447 3562 8734 11238 16022 
1309 3337 20551 27552 29610 30098 
21 712 1018 9131 15151 22700 28647 
867 3817 7565 7566 7833 
572 784 1006 7225 9858 11616 
2898 4696 16176 16230 30320 30344 
4949 6143 15174 16230 30320 30344 
2898 16230 18396 25883 30320 30344 
2589 9610 10551 20756 30257 
1237 2944 4133 4191 12587 16227 
195 414 782 2898 21317 30320 
2721 4314 7386 8228 16048 16519 17962 
4490 5316 14013 15265 23650 29364 
424 3166 4322 4586 5558 12238 16895 21575 
3851 6489 12743 23910 24804 
813 1817 3202 4146 5153 10653 
172 173 381 3724 3974 4671 7141 29138 
1429 2167 5615 28972 29307 30233 
526 616 7282 11025 12464 29467 
2701 6197 6452 6775 9038 
5191 11468 12878 13715 28319 
367 11172 12989 25341 29845 
58 7221 11395 24611 29963 
2202 5251 17329 20578 28640 
7878 8012 11000 13241 
2484 11809 12943 21646 30360 
526 551 706 1018 1987 13153 28422 
1527 2184 3197 5135 
1139 6205 13805 18786 19591 24292 
58 2737 5062 11395 18130 
792 1876 2435 4568 7042 7225 10065 
1705 4548 4875 29130 29845 
1421 1623 13608 18175 30356 
4 12 1072 7685 18270 
2013 3692 10174 12743 24804 29703 29780 
3614 5986 13814 22222 30371 30679 
914 2140 4930 7098 8571 15061 
4055 7466 8080 9689 10831 25881 
4944 5826 17703 18087 29373 
57 258 464 701 3161 4250 22117 28077 28304 
821 6612 7421 7881 25579 28147 
5825 9439 10985 11262 28524 
602 1876 3039 4372 4598 7225 
12527 14044 16166 26774 28946 
1794 2827 13651 24186 30256 
1623 6284 18175 28525 30356 
1009 6066 8987 20395 27942 28034 
5453 5821 24632 30349 
57 701 4833 10413 10414 22117 27064 28077 
3876 7225 28972 30233 
893 1183 4893 5007 9448 29842 
2685 3208 8153 19454 28422 30328 
1191 7374 12030 26044 
3280 4429 4738 21923 30375 
3453 10528 17348 26275 28854 30356 
326 2253 7623 27550 30058 
75 1436 1479 3046 3791 4165 
2177 2559 12238 20850 29760 30469 
1339 1340 7271 13873 24294 
572 1876 7225 10602 17682 
3597 11232 16688 24341 26024 
1832 2205 3824 8983 12214 14297 26161 30589 
281 1994 7977 29880 30185 
468 5166 10470 21776 27303 28663 
725 8764 10368 10575 14800 21923 
821 1222 6612 11029 30520 
3151 9886 11192 26690 29996 
171 13819 14856 16235 30506 
5102 10409 17943 28773 
340 360 2994 5278 17374 28233 
13606 16337 20592 21378 26332 30075 
2190 2305 12230 19286 21744 28831 
6595 8616 9924 11161 22153 30149 
318 10345 10366 14704 27994 30616 
1794 19763 28381 29767 30256 
616 853 1055 6739 27719 29467 
2208 5649 13216 16837 22303 24631 26827 30141 
6145 20551 27187 30108 30400 
4432 5711 6870 26740 27840 
1207 1215 1238 4779 6356 9485 18384 
1206 1207 1215 6356 9485 12781 
2772 4514 23028 26908 29055 
2205 9380 27310 30589 
1478 1824 19648 24050 28337 30476 
840 3980 4197 9139 30527 
68 493 3328 10065 10831 28936 
1685 8460 13935 18855 26338 28269 
580 2516 2882 4328 15586 29550 
2061 5347 6674 30510 
5544 9692 19104 27043 28384 
1115 1276 2214 2253 3335 30381 
401 572 1024 5283 9178 16491 
10861 13838 14563 17939 29880 
405 1898 5016 6288 8417 30159 30385 
2500 2501 6235 8983 23936 30589 
2067 5342 8640 23821 28870 29203 
1066 3148 4031 17664 20770 21154 23418 
24 367 657 25341 30600 
2510 5577 9431 9858 25642 30616 30731 
7565 9557 15786 22253 30461 30470 
3462 3879 7772 24301 30390 
2001 26310 28241 30537 30634 
670 10397 15723 17695 23488 
8950 18984 26582 27333 28780 
493 494 575 7375 14124 28936 
768 2979 5872 30615 30644 
8850 8934 10805 17092 26135 
8912 13585 19809 21349 29034 30445 
2596 13078 14617 20352 23641 30233 
559 4640 6900 27310 30589 
1139 2966 10355 12202 19591 
615 2212 4061 6911 7395 
2347 7771 8241 13363 20591 
595 3175 8008 9132 17702 19762 28647 
7296 10366 10406 18258 30616 
559 4640 6083 14297 24255 30589 
3130 7608 26736 29237 29488 
464 509 1176 7450 10065 12125 12783 14293 28304 
2212 3647 6945 20489 30703 
3851 4460 8660 13167 29716 
2436 2821 17478 17489 20913 28034 
6555 7238 7772 12779 30390 
2212 3846 4061 6988 30703 
3398 15577 19736 28236 29187 
821 7971 11029 13236 29814 
913 1066 1415 1439 2502 21154 29671 
58 11395 11816 16318 24611 29149 
387 3028 20466 26418 30574 
725 2902 5577 18428 30616 
6165 6595 8172 30149 
2788 3435 7269 10428 21298 29577 
3364 9963 11025 16535 17579 25854 
10462 11797 12501 14130 28744 
464 561 1589 1759 2457 2741 16658 28304 
6330 6612 8392 28147 30520 
429 3629 10689 12845 21923 
99 828 1550 11672 13118 28600 
1056 3406 4297 14635 27184 28972 
1239 1478 5341 14071 15827 28014 28337 
3762 7017 8312 16946 19352 30618 
279 526 616 7282 30703 
2212 5249 7282 7613 30703 
8983 14297 20823 23936 24255 30589 
1429 6394 11151 16873 21788 30233 
5424 8455 11300 17152 25934 
2244 4628 9293 17015 27711 
267 6555 8378 24288 30390 
1337 23846 27964 28251 
464 509 561 3323 4250 4497 8206 28304 29492 
1007 4050 9705 15844 
1529 1790 3700 11761 28870 30050 
712 1018 3175 9131 25515 28647 
400 855 1366 1440 1662 15685 
17938 19087 19412 30821 
2657 4240 10362 12805 30527 
1210 4608 5774 6347 27333 
8924 10475 11309 12098 29149 
211 247 14883 30438 
401 572 8080 9178 10831 14283 
372 761 2084 6601 6933 12374 12674 16658 
428 1140 1365 2385 2493 5395 5542 12702 27805 
3745 7466 25881 27478 
8989 16909 24941 25256 29946 29985 
417 1741 2279 4415 8288 26135 
2811 3319 7573 7835 29588 
58 1219 2103 4988 11046 14873 22618 29963 
2056 4802 10735 11531 11854 
11468 12878 25478 27387 28859 
407 2323 29305 
14694 26661 29036 
27981 27982 29122 
3986 3987 22325 
4345 12152 26155 
539 1199 6303 
4869 27990 28791 
10575 10795 11218 
5244 11265 29417 
701 2535 8492 
15439 18441 27976 
4420 5113 7904 
4224 5753 6463 
16581 28000 28586 
4378 26611 28003 
11341 11998 12687 
5101 5102 10533 
2225 22683 27854 
1144 12462 27948 
8027 13526 26773 
3075 6295 26173 
8793 16983 29241 
8639 11660 13405 
4500 4501 27921 
6795 7212 21825 
58 7004 11068 
474 1380 4245 
2138 2139 8189 
6863 9265 15558 
518 7917 9681 
12467 13092 22458 
20973 27101 28020 
384 2222 25362 
3327 7946 9204 
1145 5487 11242 
2728 4855 13543 
9537 24688 30469 
3377 11664 28034 
1799 1800 1937 
1154 2304 24210 
812 3353 8635 
10124 26382 26890 
510 1910 27467 
5152 22288 27871 
1057 13707 28969 
6829 24804 27468 
4592 7181 25071 
10131 14603 20821 
2463 4073 14242 
18380 27067 27552 
2098 9729 30231 
1031 12839 27971 
2423 27705 28078 
3612 3936 11992 
14941 28073 28166 
623 10053 15068 
1606 12896 28749 
3852 8305 11238 
21671 25754 28353 
2656 7609 22596 
17525 27617 28473 
9188 25817 28176 
16243 16317 27806 
886 5194 28973 
4298 4971 27346 
19665 20412 24421 
490 835 28103 
713 1091 1447 
10286 16779 17562 
1470 5219 13583 
4263 28123 28124 
627 1706 21016 
2708 6432 27819 
11736 20657 29321 
8126 27766 27767 
16842 25230 29123 
23 15519 17026 
3193 10585 21169 
1756 2105 3300 
9326 24895 27324 
5970 8870 8871 
13555 14618 27406 
6613 10263 26677 
15895 18168 23152 
14094 17940 19058 
12946 26989 29492 
2239 21636 23799 
4931 14389 22820 
7000 19277 29302 
4158 10200 28172 
709 728 729 
4603 12062 15998 
1652 1876 4798 
2235 3218 8255 
24813 28161 28638 
2246 10572 10630 
90 854 2536 
151 3386 5438 
3661 9369 23471 
408 3189 14629 
1838 22153 23109 
3615 16123 19733 
4145 4207 7222 
2790 2791 7105 
13015 17364 26571 
2536 2952 11456 
1804 1805 16475 
2899 4394 7673 
1656 3609 18050 
1146 2206 16728 
6022 7076 11936 
11414 27271 28235 
3106 6399 15362 
1992 6236 7199 
2112 5981 21500 
7310 18551 20094 
9581 15273 29138 
2373 21840 28262 
1355 4688 15856 
4693 9206 17423 
2231 7826 12064 
2607 2608 9832 
8047 8984 9734 
1271 8287 8688 
132 1115 1190 
3028 6312 28280 
665 5387 18892 
812 4615 18701 
5809 17714 29417 
673 13038 16487 
16804 25783 27087 
7547 10377 28304 
10046 14200 28249 
3617 13384 25719 
2106 5303 11756 
3755 6149 6961 
1726 7678 28308 
4318 20050 26529 
4788 6118 8290 
6201 10088 12161 
16988 27344 28330 
1370 5944 18594 
25451 26442 28184 
7715 16196 27703 
3963 11282 28832 
8355 18201 19415 
26623 26624 29985 
5996 10984 27334 
2054 2796 11391 
873 22512 25981 
1617 9738 22622 
1754 3005 3006 
4034 6661 9194 
9680 10091 29695 
343 4023 28374 
21557 25569 27069 
10105 21372 28382 
18961 20943 20956 
22028 28343 28383 
5966 9977 10377 
14517 20246 30435 
16 5767 28390 
1926 4920 21923 
8404 12811 29577 
15352 21002 26894 
900 17626 27215 
5252 20989 28176 
11392 26723 30505 
5344 13742 18956 
26960 28410 28411 
1523 7716 7816 
20197 20698 22172 
3031 4120 4307 
11609 14203 28299 
5033 5034 24440 
7211 7228 25944 
7362 12693 14097 
9545 10720 10878 
11027 14998 30469 
20410 24262 28581 
21493 24222 27139 
5095 7050 26536 
1184 6037 6112 
1170 2235 5622 
25179 26901 28466 
138 731 2303 
12276 22852 30056 
364 2848 11365 
288 944 13425 
2414 23650 28479 
440 9488 18448 
2881 5184 9083 
15107 15826 30242 
375 4296 28012 
4211 8286 10219 
1704 3325 29812 
739 1201 23456 
5628 24786 29450 
343 10569 17301 
713 13598 20155 
239 5846 17113 
6045 10197 16699 
5463 5479 5876 
4970 13026 18587 
2395 3509 16988 
2694 10492 26372 
4596 28544 29074 
1196 2343 4005 
7008 16097 28293 
5249 6144 18685 
744 745 6197 
3153 5537 27376 
10662 16258 29773 
6178 8330 9122 
478 7279 9436 
24 1823 4563 
334 335 7363 
12088 18476 29138 
8344 11252 13941 
2412 9712 15010 
663 6531 9162 
16376 27650 28808 
2934 2935 29762 
12306 22802 27897 
4320 6453 6863 
7550 11788 28875 
2173 9940 14535 
3225 4665 5175 
27215 28644 28645 
2869 6885 12696 
3961 6177 25142 
1189 16094 29455 
10446 10447 11687 
10855 13375 19619 
5779 6977 10587 
6935 23679 28550 
6689 23121 23649 
2421 17045 27660 
1242 2353 7293 
2420 11683 13097 
4642 26499 27593 
18157 23656 28690 
1911 2233 7083 
8590 10069 23497 
163 26293 28454 
7762 22847 28740 
8237 9700 28176 
10526 14426 25025 
10724 11499 28912 
5294 10577 18594 
3133 7468 30517 
2645 3456 6015 
8437 21647 23393 
7211 23069 27751 
1475 1476 2853 
6552 11297 30616 
4889 28715 30669 
16541 26146 27432 
931 5223 12412 
20114 22070 30481 
1445 2650 10638 
19145 23245 29275 
8206 15638 28724 
6198 9311 28600 
2658 5980 11595 
8242 22659 28398 
8461 26281 29352 
12944 17704 26917 
2941 4228 7320 
27425 28145 28751 
574 6327 6328 
9394 9509 28245 
4856 6631 27926 
4906 8451 10065 
488 489 9098 
16541 17977 24484 
5356 5818 9070 
11348 12800 28781 
1996 4198 12538 
4984 6355 8583 
28792 28793 29369 
6320 16478 28870 
5314 9152 28968 
1672 6266 16480 
682 11625 29809 
15324 18633 27699 
6248 28818 29005 
2110 4303 21999 
676 11305 29138 
11870 28861 29290 
1602 15467 17801 
2132 10721 27435 
6598 6599 8718 
4154 14443 26843 
6415 20004 28040 
10273 20108 24742 
3781 28888 29446 
1369 13664 27641 
2965 17548 28701 
5660 28693 28899 
1598 28853 29492 
2104 6569 20857 
2160 13145 22888 
437 4433 6970 
322 5593 26017 
177 28920 29180 
28919 28932 29156 
2338 4787 12136 
345 3183 8263 
4916 16169 23629 
2857 6434 6954 
3455 8406 28954 
920 10477 16456 
4522 7986 18474 
23042 28829 30167 
11044 28966 28980 
804 2234 4066 
7880 24299 28973 
11367 12065 24405 
14708 16292 30378 
9575 18947 22604 
6826 6832 30246 
11872 13966 27807 
1107 2354 12410 
17407 24424 26593 
6640 9012 27492 
2297 13912 27805 
9309 10347 30086 
6337 19231 29645 
2242 2243 11878 
544 2065 5939 
3372 9344 27915 
29065 29066 29339 
10268 11945 28868 
4500 7109 19654 
16850 27058 29079 
25240 29082 29986 
10907 24296 29083 
7656 20610 29951 
7306 28252 29873 
29085 29100 29164 
533 26560 29003 
3868 29114 29115 
605 14140 28692 
7455 19877 25274 
9380 11186 12213 
2674 11138 27701 
328 10830 17577 
3418 10258 28209 
5724 9971 24296 
3858 7234 30220 
701 3628 11495 
9654 15690 30008 
699 8612 16613 
3522 5008 17168 
8021 17337 27215 
2442 5727 7018 
3021 4207 28136 
29174 29193 30342 
5653 6290 12173 
3982 6176 8349 
5643 21799 28956 
14771 14940 26592 
701 2409 24099 
19190 23124 23800 
13473 14724 29216 
1489 9492 25944 
13421 14654 29224 
5233 17996 26542 
1583 3282 7171 
422 7098 13990 
713 3561 5445 
22496 29245 30027 
1889 9668 18448 
9215 20417 29752 
4051 8513 27915 
2963 3942 13758 
2373 16252 18458 
16711 19146 28209 
10437 20228 22820 
4043 10095 17969 
4288 11301 28870 
11849 13243 18170 
6357 7272 27975 
5999 15923 18908 
389 12937 20407 
5689 6280 23011 
1899 1900 7665 
12276 15280 15426 
5305 7514 13988 
444 11490 25557 
2505 16993 28304 
988 3464 20694 
1120 5436 11025 
3876 4485 17502 
1127 7505 8771 
6029 15739 25168 
161 4945 14883 
1802 6304 28439 
3999 5699 29332 
168 13630 23962 
7473 15904 28116 
1854 2178 27805 
3206 7401 29191 
5242 13069 15874 
2407 12341 30340 
10253 16409 29500 
1814 4035 14336 
10671 16798 28067 
8340 14868 18580 
21941 28802 29405 
7892 17369 28481 
625 626 1502 
16952 19590 29121 
4344 12491 12784 
1101 4956 29443 
4013 15491 28875 
19102 25155 25680 
2657 2883 7022 
8073 25785 28784 
10723 29478 29548 
8962 29472 29481 
533 2568 8815 
7039 11502 26758 
78 22383 22391 
1618 17283 29000 
3253 12030 12178 
6820 18814 29741 
7736 11823 27277 
7393 14869 28912 
162 20202 28300 
2175 15203 15846 
11024 13688 15191 
9983 16658 28042 
82 83 14688 
1250 3758 29552 
8363 10131 29557 
27407 27702 29363 
8627 22776 30231 
16617 17918 24832 
25491 28517 30563 
10282 26567 29579 
1194 1279 12415 
11496 17730 30615 
201 26578 30123 
3040 21154 27068 
3995 5642 30320 
4442 7491 24884 
767 1448 14262 
7913 11501 24064 
6901 7897 16757 
15207 24935 27207 
3684 3685 29614 
18974 29642 29736 
771 9487 28176 
6748 11576 29596 
12278 27677 29250 
842 16714 29649 
679 2547 26813 
10718 11541 14958 
8225 13812 20756 
539 1044 4282 
743 21148 21997 
13026 19208 25312 
847 5443 19220 
11782 29690 29808 
18721 19737 27514 
959 4852 6445 
3642 18036 29436 
2665 7791 26342 
13280 17996 23382 
283 22732 28163 
4550 29216 29646 
6131 7474 8234 
1595 3636 18631 
8454 8455 24854 
3755 5165 5863 
586 26148 29296 
24629 26198 29757 
1011 6241 6921 
21340 22546 30466 
3779 3831 15396 
6714 20164 28749 
3683 17357 29427 
12823 25282 29083 
6904 14159 30698 
11661 22192 26555 
3183 3996 6209 
6845 28679 29826 
1734 8344 9903 
413 22354 29363 
1025 1125 11497 
7748 23116 29848 
13504 21738 28349 
12115 21541 29492 
562 1834 28304 
3213 12003 12530 
269 7730 10338 
2460 2666 3759 
10719 12887 29592 
10344 13867 20206 
20547 29021 30308 
1852 1853 30056 
393 10480 29894 
8778 22981 30159 
4989 17962 19479 
5717 8187 29900 
8763 12103 13986 
3914 20223 30162 
2871 15636 26843 
627 2738 3707 
24936 24937 30496 
29923 29954 30523 
2621 21376 28410 
2747 4436 12463 
6944 28301 29740 
2722 4494 21456 
2154 27555 28096 
1724 24294 26052 
7322 10270 13017 
2826 29895 30136 
9109 10776 28820 
5776 5937 28373 
12377 24296 30052 
1407 15081 29870 
5 6571 8901 
12978 13284 29788 
7035 18602 28600 
27671 28853 30105 
15066 21147 30117 
11282 11507 19235 
10015 12632 12730 
3728 6557 25969 
4298 23492 29064 
4529 6583 16606 
6936 18000 29886 
707 7004 12583 
25503 25930 30212 
8964 25040 25044 
3226 5821 19476 
185 4195 5452 
7189 15465 30229 
5180 10505 21940 
1340 1771 11898 
16355 26774 30244 
2223 28076 30154 
4509 18289 30248 
418 1226 4960 
6699 10182 12169 
597 3384 9670 
15186 15638 30284 
5369 13271 29000 
7428 22252 29639 
778 779 7897 
21432 30310 30357 
12369 24757 27886 
6226 23512 30465 
6079 10685 22317 
280 791 6624 
10744 12387 28304 
16983 29850 29922 
6757 13176 23292 
4405 4406 13523 
8567 25150 29972 
6613 8519 11620 
12230 20015 29798 
224 5133 11646 
5146 9597 14791 
966 10837 16798 
3948 4594 28875 
5223 9863 30040 
402 2642 4177 
9746 20943 30304 
13818 17308 27550 
3140 3642 26729 
2442 9926 11591 
1654 19122 19451 
6949 10576 18594 
5226 30509 30632 
7098 7841 12109 
8960 13037 26142 
24380 30289 30832 
7192 8606 26281 
9919 13761 16155 
10640 10930 30033 
16617 19127 30355 
7595 30494 30505 
986 3521 7686 
438 3008 8539 
12170 24268 29582 
12372 18881 30639 
16010 25930 30515 
6573 9517 28677 
12906 14342 29123 
19820 19874 30695 
2372 14086 15652 
6403 20093 22426 
839 11276 29000 
8233 8527 29389 
2265 2332 30744 
5488 12622 18414 
14224 15798 29208 
16030 18922 20642 
948 949 20759 
171 2983 8847 
5044 12457 27277 
1884 10888 21923 
10355 21426 30599 
3043 10665 23418 
1661 2136 17543 
421 1523 21277 
655 3998 18893 
5990 6079 26660 
8005 8969 26125 
2722 24072 30830 
1238 3422 9186 
804 18178 30810 
