2802 4861 4905 8804 10496 12062 12476 21816 22679 24804 24975 31190 32709 
475 3146 3740 3887 6948 30837 31101 
17192 19876 30871 32187 33802 
854 3413 6988 15999 30891 
5439 23147 27697 28651 33165 
12509 29996 31868 33062 
534 24072 25503 30515 30830 
4301 6902 9040 16982 17950 32236 
847 3753 5443 8438 14951 19220 
421 2920 3788 6659 20328 30918 
5718 9404 19106 23158 26758 30435 
873 7639 11440 22512 30899 
1870 1874 2920 3750 5786 9366 9425 10575 12227 13118 18607 30918 33769 
291 6902 29653 29671 30233 
34 1550 4306 10211 11008 30918 33769 
294 4195 17076 20759 30715 
138 969 7804 15366 31412 
4226 7686 8567 11527 
5577 6394 29592 30438 30493 
420 1926 2100 2650 3026 3750 4133 10375 10954 12587 17410 20328 21923 30918 33769 
24378 25503 31288 31663 33107 
42 2590 6304 16461 30919 30947 32420 
1387 10353 10361 10879 30616 30731 
34 1550 1884 6049 10628 13118 30918 
3490 4904 5561 27187 31190 
13896 19162 19163 25199 27801 
3816 3817 25824 27726 
211 479 842 4005 7910 10555 
232 233 1501 2233 2749 3076 3635 4385 4527 4811 5209 5538 5832 6146 6470 6649 7802 7995 8327 9173 9626 10138 10643 10644 10713 18068 19571 20865 22409 22880 23881 25488 28176 29238 30799 30819 31347 31499 32062 32669 33791 
13 90 422 544 2952 9120 15717 
528 854 25875 30891 32954 
3731 4571 16030 19276 29842 
291 1091 1703 13078 20352 29671 
58 2309 2796 4545 5986 6170 6739 13556 21759 24611 27184 28035 29549 30447 31165 31984 32014 
8962 11270 11856 16987 20269 22669 27807 29481 29494 30847 30960 31366 32121 32532 32826 
333 2187 2255 4062 9858 14092 
450 592 5054 28107 30520 
479 3961 7910 14420 20158 
1024 3205 6331 8884 14681 32578 
213 3406 3832 7225 14635 27478 
224 225 756 4290 
212 213 19908 23192 30898 
1581 14283 17765 22257 30959 
296 297 3949 14439 20560 
34 421 1078 3245 7181 20328 30918 
1384 6170 13556 22153 31466 
1061 1581 1971 4545 5340 29549 
7190 8852 9816 31959 32339 
247 2250 4591 4849 5153 15586 
968 969 3218 3219 15366 31412 
367 1806 1823 5207 8093 30050 
2194 6698 8937 9873 
3563 10292 20964 28859 31009 32994 
1220 1560 1603 2312 16614 
2526 5467 6649 7525 27021 27970 31476 32515 
1849 1850 3775 10786 
6748 14840 24484 26720 27943 
439 3647 6801 6945 13078 
212 1952 2136 4415 23192 31601 
349 1024 5497 6338 7130 11101 
1078 7181 11193 11945 29920 
2634 2635 15930 20838 30933 32910 
9912 14817 19225 30750 32595 
1166 4861 11093 21391 29780 31190 
1166 3415 4861 6489 11602 21745 31190 
2605 5546 7592 10836 32763 
1019 10425 12924 23682 29682 33234 
999 2432 3852 5658 24050 29963 
2116 11050 14321 23978 28295 31982 
740 741 1024 4062 4994 28520 
554 2991 12008 30963 
1329 2905 5256 9941 14233 
195 401 782 2623 6865 11309 
4587 11122 13469 23760 30991 
1291 3343 4838 5146 10065 
34 1550 12845 15304 23648 30918 
59 919 1411 3154 30999 
791 2927 26169 28391 30797 32366 
999 4536 5341 28208 29963 
1672 12493 15839 29920 
1563 5693 5970 10218 10359 32532 32826 
7065 9194 10471 11023 16982 32236 
3154 6403 7699 10158 30999 
649 6290 7389 12696 14117 
58 157 529 707 865 1061 2626 3615 4155 5318 5340 5517 5986 6692 9026 11535 16129 22222 22619 24611 30679 31165 31984 32831 33589 
3050 4460 11797 14130 15962 
847 6445 6449 9277 31245 
3614 20750 24050 24611 31984 
1914 2814 6638 17127 30473 32955 
939 940 27942 30098 
6557 11264 26792 30891 32954 
813 2966 3202 3714 12250 
266 622 1453 2235 9176 29138 
7341 16982 22158 29653 32236 
4013 6648 6780 7008 14881 15042 17347 17519 17667 24253 30270 31025 32012 32408 
18573 21484 31109 33329 
1033 9114 11872 16595 30698 
1563 10359 11856 25842 25844 32826 
426 808 2994 32156 32768 
6410 10623 12087 14771 23276 
5307 16909 25257 29946 31819 32830 
428 2232 5071 7987 30493 31601 
1497 2917 4592 6178 30837 
4112 12475 14840 19162 27801 
2920 4772 14350 19393 20328 
487 927 1778 1779 3616 13486 
2982 4450 16878 27251 29240 30955 32422 
668 1102 2890 5651 6823 12674 
138 139 1457 5575 6689 32243 
38 39 2722 2723 30830 
843 1661 5340 5464 5585 9808 
211 479 3962 4685 7910 14419 20108 31637 
6902 9942 15191 22311 30233 
58 3701 6170 9383 19799 22618 
3568 10896 13099 17260 22399 31007 
16 8160 14752 17924 30549 
1684 1685 2705 22218 33389 
132 850 3335 5273 8517 
1491 1497 2917 3653 8994 
2798 4297 7217 16628 31055 
34 1550 3065 10954 10990 14451 30918 
1814 9097 9194 27626 32650 
11328 17089 30402 31057 31172 32628 
535 3806 22152 25930 29568 30830 30977 
291 918 2324 4975 10475 13078 29671 
1963 1997 2092 30014 
448 8836 9546 9874 11956 17766 23082 26799 30670 30671 31849 
11315 14962 15179 31062 33200 
6832 12594 13939 14290 27509 
14261 15133 18551 20094 
24094 30494 30508 31185 
264 265 2693 22986 29420 
1717 2918 3653 8688 9954 
59 2737 7087 29963 
7886 11452 14625 23106 23306 29130 31070 
319 566 3330 6134 26843 
1829 4657 25064 27835 28612 
692 2267 2810 6204 
13525 16666 21180 32534 
195 782 1176 7046 17084 31434 
1155 3064 26882 30749 
10230 14869 15355 27369 28977 31749 31967 
13 1662 2952 5459 11032 31404 
1379 2571 8070 9524 31225 
18904 19219 28258 30174 31982 
2673 3355 3566 9773 10095 
3839 3840 3850 13629 27435 29716 
7285 10148 11382 13284 22634 31482 
196 4342 18166 30809 31069 
816 1497 3031 5746 30585 
1528 2176 25503 30830 
100 562 4278 7001 18733 19652 30529 
942 1101 2331 3021 5754 6594 9480 11441 11839 12882 16127 17502 19599 20964 21067 21341 21429 21509 22033 22919 27530 28111 28245 28318 28425 29738 31652 32011 32382 32584 33344 33414 33507 33565 34032 
22754 22939 31350 33813 
322 5593 15350 31429 32946 
1814 1911 2797 2798 3205 4035 6546 
2358 3400 15805 30061 32424 32522 
151 152 3084 5438 
3154 3701 7699 9040 22618 30999 
1291 2476 5146 5459 10065 31638 
735 1975 2141 16813 
1107 1807 3954 11431 
1354 9221 9901 10801 21729 27780 30323 31435 
229 230 3214 4419 6258 
782 919 1876 6865 18627 
9886 10650 12509 14915 33062 
428 2136 6720 7987 31601 31673 
512 1309 1310 24804 29059 31121 31190 
2195 9700 11383 15476 32985 
333 572 1387 10353 19706 30616 
3539 14958 20987 28233 32768 
204 1944 2297 2990 15846 
3066 3119 19309 26250 30749 
2188 8201 9774 13851 16022 20093 
475 1628 1790 6948 19998 30837 31101 
438 5280 5281 13363 30473 
58 547 1911 1941 3938 4823 6422 6692 8777 20288 21398 24611 28337 30371 30679 31165 31984 33589 
552 626 1502 5577 13890 26939 31476 
468 978 5166 21776 32862 
1211 1212 1317 1458 3723 3779 3932 13329 13427 32047 32243 
821 862 1811 5289 5780 20655 29893 
3459 4198 5664 8456 31046 
987 4251 4717 5825 5965 25952 32920 33487 33729 
16860 19972 24222 25288 27139 30227 32879 
436 1914 3448 29108 31617 32297 
21899 27428 29488 29778 
1172 1173 10985 11761 33729 
597 1616 2153 2741 3571 20106 
172 3457 6322 8157 
150 12297 14747 14958 31305 
590 597 702 799 3571 5340 
3528 11151 14111 27586 32578 
291 1367 5249 9216 16500 29671 30703 
2320 5658 9491 9674 18124 22618 
2680 3459 19059 29305 31046 
1677 13429 17787 30750 33258 
28221 31178 31179 33761 
1210 3875 4432 5427 6754 26928 
5427 14793 23896 26860 32049 
7428 15830 18655 23151 29364 31675 32660 
1291 1589 1990 6929 10065 13331 
99 475 2652 6015 15187 29754 31101 
2069 4098 6153 9087 
889 8660 20551 31190 31913 
2737 5126 7004 18588 
537 1247 2848 5153 32652 
1366 1727 23192 32569 
580 1216 7268 23333 31072 
1071 2458 4020 4372 12426 13068 30964 31987 
8012 8199 19448 21341 29738 
1567 2503 10274 21332 30385 
394 395 662 8036 8309 32569 
2405 2641 2847 3938 31374 
349 913 1024 9681 11559 28357 
4320 23544 30622 32692 
15413 22813 28517 30836 33764 
1765 2241 7987 15015 31601 
328 9492 12583 25944 27692 32958 
23891 25060 31278 33201 
318 9858 10366 14652 20565 27388 30493 
149 333 2324 3957 13072 29671 
4949 8312 10954 12049 30331 32511 
1166 1314 6829 7940 12476 29703 30098 31190 
236 1351 2466 6926 20155 28206 30964 
1369 10124 11060 27514 
5762 5837 6648 23593 24253 
33 35 3749 3750 3999 
1842 5378 6189 6190 6406 
117 943 3578 5248 5754 6041 6042 6594 8235 9503 10959 11441 13836 21341 23778 24649 24791 26512 27947 28111 28451 29738 31217 31307 31652 31785 32011 32777 32970 33000 33247 33318 33694 33894 
1099 2747 9398 12463 18366 31072 
346 2324 2502 29671 32511 
494 575 799 5232 7645 15970 
12678 13711 27563 29671 30493 
939 3377 6205 16798 23333 31072 
1491 1831 3422 8994 12822 18384 
1131 1840 10014 12632 12730 12746 
4637 20997 30356 31227 31410 
1018 1027 2902 30493 32470 
2205 9380 25615 32630 33131 
1239 2308 6170 10475 18124 22618 
1116 2147 2785 5303 7623 25099 
2244 24975 27552 31190 
1017 1803 20274 32511 32958 
2305 3337 10270 14884 17657 29610 
1052 1316 11939 15684 30823 31828 32511 33387 
10637 15432 20775 28606 31251 31532 32861 
3617 11114 24166 25200 29922 
6098 7178 7952 13396 14076 31222 33367 
3536 7038 8822 26689 31232 
8365 27428 29488 30955 
880 1384 10070 28519 28968 31466 
20454 22499 24662 30810 31131 31763 31890 
9218 10084 18175 23549 28525 31410 33219 
736 3561 5577 6248 9178 12067 31916 
615 3154 3413 7284 7679 
288 773 3951 30402 31172 
921 1332 1513 5693 5970 10218 32826 33388 
2928 3539 10649 14747 31305 
2697 8834 9326 23678 24007 
3177 3239 5907 14117 31072 33998 
1166 2747 3301 6501 31072 31190 
4518 4713 5728 12049 30331 32511 33098 
147 1384 11883 11972 15529 17798 30149 31466 
149 349 20918 29368 30438 
132 1090 1189 2785 13269 14758 25099 
9190 30774 31282 31335 
2474 5138 6720 6734 14600 
4909 13402 27428 30955 33587 
518 5613 9501 28936 33181 
5021 8804 13167 20551 21745 29716 30108 31190 32709 
603 741 1024 4994 29592 32578 
1309 6076 7649 11203 14035 29780 
946 3889 5375 20155 30964 31987 
502 4705 19570 20031 21759 30481 31567 
1027 1098 1935 3198 3917 30493 32014 
3106 4058 6399 15362 17380 
2279 4936 6710 10662 32920 
6033 21027 21470 26325 27509 
653 2223 2249 2381 8961 15244 30154 
1300 31075 31304 33811 33893 
1989 3162 7893 19048 20585 30750 
1482 3789 23208 28577 31553 
841 3582 4013 5334 6207 21948 
34 1550 3768 6455 9293 30918 31779 
4886 10646 21398 22656 29963 30371 
1816 1817 2966 4146 15301 
521 2129 3090 3091 11345 
211 479 4897 7910 14420 14628 
3246 9508 14124 15618 17912 25698 31298 33181 
3869 7500 12186 32631 
2332 4681 9283 31125 
6710 20114 21070 27313 31612 
1814 2474 2798 5509 16477 
941 11848 12900 28578 31323 33834 
1695 3750 6441 11826 15069 
927 3616 4431 6455 13486 25719 
551 706 1368 1439 5459 5467 7525 13072 13153 16148 16943 20579 22962 25204 28334 29999 31404 31476 32515 
3218 3219 5687 7047 9952 
4886 4887 6589 30371 30679 32831 
4887 6589 9332 27287 30371 
17474 26310 30264 30537 31699 
1137 2830 3276 7207 31221 
7977 10861 17939 30670 31849 32057 
3003 6008 8592 30973 31347 31499 
7175 9781 10744 28817 
9537 20679 22830 26281 31350 
149 333 526 741 4994 7128 8464 
3729 15418 17637 17830 
44 7357 29672 30978 31323 
2433 2434 5400 9993 30149 
552 17142 21398 22656 22847 30481 
1465 2204 2205 7247 24255 32630 
502 4705 6692 7762 9048 20772 30481 31567 
15526 30994 31180 31196 
34 1550 4306 9425 11374 30918 
5762 10074 14585 24253 25158 32408 
1457 3723 5575 8179 15396 32243 
19 20 2999 6550 32230 
475 1187 1807 3742 11431 31101 
10238 11625 31345 32872 33250 
3756 4949 32610 33592 
2214 5484 5947 7992 8035 13392 16798 25099 27550 29368 31915 31929 33636 
810 7131 27563 30493 31404 
452 3856 20826 25620 
743 20715 21148 21997 
2391 14420 24687 26564 26750 
4342 5551 5613 20348 30809 31069 
17081 25766 28854 31227 31398 
734 1055 1098 8215 22416 32014 
741 4994 8884 9254 14599 
9764 10203 10941 15170 
2854 3182 22301 25560 29889 
1166 6829 7024 7940 18900 30098 31190 
2912 5760 11706 14642 27425 28145 28751 31397 31411 31827 32029 33412 
1301 1309 3101 5022 7536 
1079 1567 21331 21332 23838 30385 
5504 8319 12968 22962 27021 31404 31476 
438 2113 4079 7970 20073 
2324 3414 5715 10584 29671 
968 2235 7210 7804 31412 
246 701 1156 2535 3043 10413 31385 
4445 30222 31929 32448 32497 
1219 2796 3491 4538 
136 1460 4707 7366 27826 
4314 11490 12864 16934 26023 29364 31675 32660 
246 1176 3043 4382 4825 31385 
615 981 1055 3198 6739 23461 
7357 21334 29452 29672 31323 
3453 10084 31410 31417 31503 
346 4943 7577 9391 11163 32511 
428 670 955 2334 4374 31601 
9049 12302 18439 23283 29395 
34 1550 2314 4778 4834 10575 18512 21923 30918 
626 1502 4700 21514 29999 31476 
4275 7666 10666 13170 13245 31412 32243 
535 11371 21327 30977 32878 
6917 9843 10260 20733 31427 
939 3371 9398 16798 26258 27942 
2250 2929 6019 10458 29610 30438 
1256 1463 6026 7579 
34 429 1550 3280 11814 17763 17764 30918 
147 1102 1384 2847 3938 31466 
1436 4620 15644 31461 31550 
6684 12622 17161 17701 33054 
8683 10723 10859 30854 33092 
2063 15503 21980 25804 32485 
195 782 1367 16162 18627 31385 
3517 8417 12493 21331 23838 29920 
42 260 393 9301 28299 32420 
2126 4700 6649 19122 23139 31404 31476 
734 810 1254 4700 23139 27692 31404 31476 
337 428 1952 2334 4374 7091 31601 
1239 2308 6878 7346 8248 10475 11009 
9221 9564 9627 26911 31435 
139 4398 6022 7076 22970 
7325 9512 11630 31485 32017 
842 1622 1808 9395 11989 14341 
1372 13462 25179 29549 30447 33226 
913 7217 29549 30447 
147 1384 4536 11883 13891 31466 
15 11218 13118 14434 20756 
1497 4164 4710 4980 7954 8456 33123 
1259 1641 5926 7091 7836 30217 
6276 11181 17214 17415 
8560 8783 14389 15882 20228 
756 2184 3197 5135 11518 
2798 4928 5509 9194 11023 13844 
469 564 5712 8327 30799 
3620 10874 13362 16001 24128 
108 109 2138 4072 17590 
5890 11101 12622 21412 29958 
7274 22540 22552 27251 32422 
571 7660 21948 24253 31909 32408 
18573 26116 26920 31109 32032 
9646 16604 18340 26303 
2519 5819 14314 14842 20871 31283 31296 
6415 11029 16293 16462 21253 28040 31527 
10084 14941 17082 31410 31417 
3757 7804 18536 24923 31412 
6284 14247 17081 18175 21104 
1090 4050 4367 16798 27023 31544 
2778 5252 5526 9188 31347 32669 
1481 13283 13284 19475 31482 
4336 10131 14932 20821 31526 
15 161 8765 11218 20756 
774 1068 3205 4227 7292 10471 29870 
941 7357 14588 29672 31323 33164 
1489 11029 27692 32511 32958 
15598 19504 21153 28890 31306 31586 
14318 20128 20997 26464 31227 31410 
999 17987 26188 28208 29963 
2778 5252 9188 11807 22880 31347 
1466 2750 3083 6740 23835 31567 
632 1235 8656 14129 32234 
442 502 3083 4705 9332 19570 30481 31567 
4647 7715 9616 21104 31181 
1991 5880 27742 29523 
5143 5309 10521 11124 31564 
5221 21027 26852 31218 31505 
257 966 16471 18997 20021 29368 31915 
1115 1276 4389 5947 25099 
4313 6592 9921 11964 31466 33716 
1351 2222 5314 6487 10035 14077 
1429 1522 15191 16471 30233 
1429 8831 20165 27994 
15829 18100 31217 31785 
538 539 3928 7909 31298 
34 211 2250 4591 7910 9364 
731 8221 8805 9944 11124 31564 
731 1615 2509 8189 9944 29420 
5985 14590 18881 29171 31591 
3083 3110 6740 8058 27742 31567 
206 5634 7767 11147 14224 28542 
310 789 4515 6415 12789 15081 16293 31527 
388 2705 6700 15904 31564 32664 
999 2434 13556 28208 30149 31984 
2624 7225 14599 15592 27478 27663 
1339 1340 1421 7271 
4490 7428 8508 16048 23554 31675 31929 
282 1944 2279 5542 26135 31601 
3582 3671 6207 14823 32012 32048 
832 2982 4909 22436 27251 30955 32106 
1368 1500 3098 5996 10984 12772 24870 
19122 21657 29754 30008 31621 
416 417 1208 4054 7287 32852 
539 1199 3928 5780 
6392 26912 30693 31607 32778 
989 1325 1384 8213 9924 31466 
577 5717 6642 21412 22198 
16114 26852 31426 31505 
434 1638 2181 3759 4159 5028 8763 17496 31533 
2383 3110 6740 9674 12246 27178 31567 
1166 1314 6829 7013 7940 27067 30098 31190 
19898 23604 31636 31850 
291 10831 16212 21699 29592 29671 
844 987 2139 4773 14052 30463 
5455 9166 10345 30239 
82 13529 15452 26511 28627 32638 
3524 8871 11141 22669 31225 
749 4828 10514 14420 20030 20158 
669 5537 5630 17779 30749 32973 
211 479 4685 4897 7910 15365 20108 31637 
1384 7089 11964 11972 24317 31466 33716 
968 7334 24923 31412 
27955 31288 31663 31664 31667 31808 
6170 6233 11046 11331 29963 
1550 6049 8433 13118 14451 30918 
475 703 2769 2895 3588 31101 
529 2737 5658 8063 11162 29963 31984 32909 
1745 2434 4536 14375 21311 30149 
20662 31677 31693 31697 
593 1814 1911 21398 22656 29963 
2414 6808 8167 21891 23153 23650 31675 
3471 3716 3993 4791 31326 
2760 7987 27313 31601 31612 
1541 2339 3418 12485 29889 31676 33324 
3898 19972 20109 23002 32879 33298 
174 413 7361 12696 16001 17496 24299 
4901 5552 6045 8414 32381 
132 1090 1189 5303 7623 14758 19460 25099 
810 10972 27563 30298 30493 33838 
337 2136 4957 31601 32520 
7037 12878 19653 20964 22033 32994 
6311 7694 7986 15061 31670 
156 1188 1727 2334 4374 31601 
317 1200 5153 5994 9864 29711 31675 
2983 14055 23656 26912 
126 1572 7063 7064 
34 1185 1550 1875 4306 30918 
3144 3396 6111 8304 16481 
544 799 2184 2952 5340 5455 
3529 26412 27004 27586 29883 
2147 2785 10974 11317 16798 32294 
279 1824 4396 6630 11713 14134 
3436 6911 25084 29467 30703 31601 31612 
416 417 2199 4054 7287 15999 
2830 8148 10076 33453 
511 3209 3817 4106 
174 434 1300 2344 4828 17496 33811 
4526 5842 12245 14713 31833 
1482 1978 4293 6993 27943 28239 31553 
246 7987 21070 29772 31601 31612 
8365 10669 22516 26736 30955 
11406 17749 31623 31947 33380 
6440 7515 9326 23443 30535 
3116 8927 9877 10080 13207 31298 33181 
1367 1923 10665 20114 31612 
1910 1943 6812 8278 19776 20362 32091 
11444 11549 17402 17775 31749 
218 2508 10739 12981 31758 
3822 10337 12092 20964 21341 32994 
1289 1714 2822 8110 11482 14564 15617 24299 
502 2622 3198 4397 6740 9285 12783 31567 
3859 6619 10330 23942 
5400 9921 10160 14536 21311 
2977 3105 16575 19444 30529 
955 1532 6710 16870 31601 32920 
892 936 1928 23489 
928 1185 5438 19409 31125 
416 417 2305 26483 29610 
2579 11920 19571 25529 28176 
2998 5236 20252 29595 31748 
987 1173 3325 5826 33729 
132 1189 5947 8517 14758 25099 
2338 4787 7206 10881 31779 
150 915 3612 5293 8061 
949 1109 5980 12866 24909 
387 1259 5965 17395 19235 
2848 4591 5153 10270 13017 17657 
1567 5016 8353 11914 30385 33885 
810 1429 3529 27563 32578 
3529 11151 16873 28972 32578 
6369 8990 26852 28108 30526 30806 
3885 5016 11914 19562 33885 
1799 1800 1937 6464 12549 24299 
835 11421 12296 28780 30064 31585 
1685 2705 5349 31530 31564 
475 1238 1790 6178 6948 30837 31101 
1010 4788 6111 8304 30837 
328 1707 2527 11759 17128 27692 
388 5349 8234 9905 31564 33389 
2345 3563 3577 21122 31652 31804 
696 843 5340 13078 20912 22618 
1776 8537 20551 23100 31190 32709 32886 
388 731 7588 14520 18059 31530 31564 
2405 2641 18544 27654 31374 
292 789 821 4984 6547 6574 13236 31527 
432 1174 4300 4974 21184 
876 6736 9382 10224 16954 
1567 4913 9887 10268 29920 30385 
3980 4369 4836 5915 
7091 9793 16909 23716 25256 25764 31819 32830 
866 8600 16261 16262 31496 33349 
1216 2250 13328 14182 20595 
3619 14422 24662 31131 31763 
2311 6093 7173 13137 
5358 7318 8834 9326 23678 30535 
1325 1384 11958 14015 24317 31466 
1102 3395 4793 7001 21311 
1055 6739 16162 22416 
2941 6697 7320 15849 
3816 4106 4107 32874 
23 2928 3804 8375 14747 31305 
2926 10162 10349 12749 31305 
2928 10349 14343 14747 31305 
810 2525 4700 23139 27586 31404 31476 
951 2311 3336 6092 6093 10649 22725 
2889 4536 10596 29149 31740 31984 
5802 7036 9503 10564 31652 
25 1714 2075 6640 31277 
8846 14672 15829 17405 31785 
504 6724 7602 27112 32569 
424 1945 3762 5350 24862 28059 28538 
560 2480 3064 26882 31873 
2250 4892 4945 6551 7600 30438 
424 1945 3762 5350 8231 19352 28538 
2607 9832 13053 32036 32744 
6567 13961 20349 31886 32104 
736 1560 2642 2649 3137 9264 31740 31916 
211 1154 4573 19111 23760 31891 
13 843 2952 5340 13078 24473 
266 361 1520 23851 29138 31558 
149 811 11151 14681 30438 32578 
75 23270 30481 31578 
526 789 1500 2188 6413 6574 31527 
266 2239 16031 19072 20906 29138 31546 
150 5293 10629 11971 31305 
147 466 666 3412 6697 31916 
14 871 3915 6429 30955 33867 
293 789 6413 6574 11630 12374 31527 
138 2303 5783 10145 22970 
8357 8473 11155 13416 19425 31565 
257 5484 10837 17308 21879 31915 
7977 8132 10861 29880 30670 31849 
3750 6775 11826 31824 
1309 5334 5639 7013 10721 32709 
200 4531 5162 23049 28221 32689 32718 
1078 3245 4394 8829 23964 33885 
264 265 10745 29420 30790 
10511 15384 17749 31599 31947 
334 4091 5980 11987 23120 28249 
1913 3403 3923 16252 18767 
427 1440 2136 7987 31601 
789 821 5780 6574 12374 31527 
6567 20349 22436 30955 33587 
1530 3302 10216 11761 31060 
3066 3119 3471 26250 31873 
346 2294 2408 29958 31970 33350 
291 1940 5597 29671 30141 32511 
16950 22981 23341 33615 
1829 3822 4657 9713 20964 32994 
3135 5038 6912 24210 31891 32373 
1207 1271 6178 6356 18384 
1390 5999 6130 6813 31623 
51 7135 11886 19225 32433 
275 8473 20591 24365 31565 
3834 3993 12238 13469 16386 23760 31326 
2940 4962 6596 33226 
2016 3110 3167 6740 28337 31567 
3397 4639 4745 18683 28417 31918 
463 714 946 1066 7928 31987 
3261 16688 22313 31943 32004 
3713 7018 23891 31968 32520 33739 
3712 5727 15385 18957 31968 33739 
4026 5727 11591 15989 31968 33739 
761 1911 3205 7083 30626 30781 
1240 6338 11559 28012 28035 29549 
13255 17217 20661 32546 32872 
999 3442 4560 14233 15061 24050 
829 2062 7976 11967 28233 
816 6178 8304 11647 30585 30837 
5453 5821 5873 16183 30349 
3780 4703 12034 12746 14480 16457 
17173 17174 17231 17810 19476 
1078 3244 3245 16862 29920 33885 
1923 3110 6740 10324 25321 31567 
3839 11084 20551 23100 
9394 13764 20313 21899 28451 30955 
100 454 2777 10163 19528 
1166 2802 3873 9023 31190 32680 
17082 25347 30148 31410 33913 
1027 1056 1581 1971 29549 32014 
399 400 799 1351 4598 8759 
819 1495 1629 2077 
9102 18683 28417 31918 32995 
9358 11371 28719 30830 30977 
266 361 5804 10463 20648 29138 31060 
17229 19219 21341 28315 31982 
7764 7765 29319 31364 31991 
560 1646 16895 31326 32973 
1684 3314 5309 8234 10521 29420 33389 
3858 4329 4405 4406 8323 
700 1654 2346 6455 12237 23021 
319 566 1628 3330 18384 19139 
1714 2421 2822 4915 10609 24299 
11617 23549 31398 32544 33401 
1056 1971 5954 7131 29549 32014 
3095 18648 20313 32055 33322 
545 2129 2407 3091 31382 
494 597 799 2153 2839 3384 
3789 14432 15742 17351 28577 
880 9993 10070 11964 22110 31466 33716 
1098 2125 8215 28035 32014 32289 
147 1384 4838 5232 9679 15970 31466 
4628 6455 8463 10881 31779 
2918 7984 8688 14331 
788 22677 26134 30047 31230 
6853 7790 11040 19603 20591 
535 16010 25503 30830 30977 
3705 16166 24268 31552 33457 
5427 23896 26928 32074 
1239 1971 2846 7616 29549 31165 
913 1971 2191 4975 29549 32014 
8385 13470 28139 32080 
1169 1705 2304 4014 12294 32024 
105 1061 3733 4545 
9850 11257 14771 17480 32091 
279 872 1895 14134 20788 22416 
1628 2821 4905 5154 6810 
6205 6730 6810 16798 27187 33163 
1305 6304 13302 15862 31181 
4014 4548 11452 13929 31070 
3961 3962 6177 28822 31400 
6692 19733 26573 30491 31984 
3199 3614 8616 19733 30679 31984 
401 1991 8215 11309 11713 32014 
3789 4715 20072 28577 
816 7505 8381 16656 30585 
6567 7137 27926 29240 29958 32104 
799 1071 1351 8759 22142 30964 
1337 8566 8584 32887 
210 1389 2595 2906 5890 9747 
11466 13961 29778 31886 32104 
811 5847 10831 13711 31750 
6203 6265 11468 13715 20964 30646 
4631 8988 15940 16432 18569 32108 
3806 9774 10475 13851 20093 26245 
3898 14962 15179 18905 
2559 4736 10339 24687 27308 33388 
274 9017 16282 17546 30470 
721 3614 3938 8248 24050 31984 
174 434 9004 14564 16311 17496 23097 24687 
174 434 1048 16311 17496 24687 26220 33388 
1438 1999 2512 5884 30526 30806 
1746 17787 22909 29542 33258 
2370 5536 11101 12622 15348 29958 
263 2083 4213 4282 7790 
9332 21398 22656 29963 30481 
842 1098 1439 1603 2188 19805 
5975 6748 14840 26720 27801 
2426 3817 4106 16466 25683 
619 799 854 2952 7637 
6016 6748 13667 14840 26720 
280 2101 30098 32680 
16851 16881 18074 32108 
14321 19219 22506 28295 33847 
3491 6012 7908 9921 22549 
566 1445 8381 14678 
1061 1877 6338 7131 29549 31165 
812 816 3084 3330 25998 30585 
3447 8913 19776 20362 31853 32091 
3563 11839 21122 32197 
566 819 1495 4090 4916 
6261 20255 24549 32207 32270 
3472 5458 15904 31564 32664 
534 15978 24072 30830 33135 
5129 21484 24424 26116 26920 31109 
1312 14383 14623 16101 31757 31965 
211 479 1043 4870 7910 8212 
1629 2776 3355 7615 33351 
292 1931 3929 6547 7489 32511 
439 5592 6650 6697 31916 
999 3852 14810 22618 24050 30999 
149 7466 26933 27563 30438 32729 33975 
27734 31776 32217 32227 
1529 5826 7643 10662 29373 33487 33729 
3471 4791 6944 31873 
8231 15684 19352 33133 
3709 15268 16030 16292 29667 
2018 2254 4642 10151 30685 
3773 5630 12238 16889 27376 31873 
4905 10496 27187 27795 
2081 2899 27669 33309 33612 
968 1457 4275 6689 13245 31412 32243 
427 843 1440 2536 5340 5464 
2266 2921 6204 16217 23217 
149 5986 7042 27585 30438 
11924 12475 17884 32145 
84 1981 16658 21541 29862 
425 972 3993 16386 23760 31326 
1715 10566 18563 31150 
2912 5921 9581 19507 33412 
10669 22516 27428 29778 
149 2250 12588 19578 23968 30438 
2680 3459 4325 8435 31046 32289 
1590 2294 3378 4325 31046 32289 
4051 4675 4799 5237 22735 22993 
4409 4803 4804 12534 33351 
2812 12465 12841 14544 29542 
8553 10669 22516 26181 32055 
526 1345 5577 6069 13358 28191 
18925 19006 20107 32184 32780 
4847 9394 24649 26512 32197 
4282 8357 9247 24451 32324 33153 
7628 11389 11625 31345 32284 
3181 4162 5780 17260 22548 
97 6154 12162 13163 32329 
941 2268 10103 12489 31323 31804 
2149 5417 6929 8122 9330 20073 
482 1846 2922 18893 32993 
8012 12217 27530 29738 32197 
466 526 2188 3844 22426 31916 
2294 4949 8404 11105 25168 
202 526 616 8496 16100 26578 
551 854 25969 30891 32954 
952 2250 12588 21024 30438 
10448 21404 32142 32364 32385 
1384 5314 9152 10035 17798 31466 
3563 6535 7037 21122 32994 
14681 21699 27586 29883 
5537 6409 13469 23760 30749 
5577 10756 14111 16402 33020 33975 
5038 6912 19111 23760 30421 31891 32373 
808 2999 10629 13418 32156 
3312 3544 27856 32347 
5537 19956 26882 29662 29788 30749 
2431 3876 9181 12736 16127 
247 248 1132 1982 15586 17569 30098 
871 1535 16878 22435 32422 
593 1239 1911 6878 7346 11009 31740 
3337 10270 14883 14884 19896 30098 32680 
230 12492 27069 32354 32426 32590 32714 
560 669 5630 26882 30749 32973 
84 101 3169 5044 7450 16658 
5318 5341 6233 11046 29963 
736 3561 6169 9178 9490 31916 
1828 6429 14916 31009 31770 
813 1099 2882 15619 18366 
5789 13169 15845 16235 19122 30008 
145 1365 1614 6579 7602 27112 
1387 9396 10353 22966 30616 
79 2339 2846 5318 7616 31165 
325 813 1104 2966 28034 
735 2141 5289 32958 33521 
5975 6297 12555 30797 31094 
682 3792 22141 31345 32076 
68 785 792 5799 22092 32542 
3065 10368 10681 13118 14451 
11459 18555 19048 21157 29542 32433 
6009 6853 11040 20591 20831 26746 29436 
1569 3511 3522 13078 16982 32236 
2313 3459 4325 5890 31046 32289 
359 360 938 8375 13385 14958 31305 32768 
2205 3262 7247 32482 32483 
903 5763 9893 13733 20631 
1111 1926 10888 12587 25071 
349 1935 2622 3198 7265 29963 
9586 16159 26182 27762 32424 
4754 6054 22512 23572 27554 27917 33007 33404 33561 34022 
2076 7150 14129 32234 32311 
1648 3116 4296 5615 29549 31055 
1493 5223 9141 13721 
441 8571 10324 13274 
1153 1932 2213 11023 
3465 5331 20679 26281 28589 
1235 2874 4432 27325 32234 32804 
328 4099 11760 16441 31682 32958 
14373 21738 25276 27862 31595 
3812 5642 7673 9840 25298 
2874 8446 13710 26740 32234 32804 
28349 32334 32335 33647 
1645 2940 6697 7304 7914 19044 
948 3251 4509 5219 9573 31783 
191 1056 7466 21154 27478 
8827 10359 21435 27862 32532 
810 7466 11080 16471 21154 27563 
13895 14840 25199 27801 
328 1480 5468 27970 32511 32958 
3529 11151 14599 27586 32578 
2205 5928 12214 21045 33131 33742 
948 2910 3919 5482 9573 31783 
14321 16890 16891 25012 28295 31982 
7071 18192 23834 27429 29470 
994 1016 6292 9972 32542 
871 3584 11466 32422 32429 
4427 13186 30679 32551 
31 3600 6697 7914 12942 19044 
1166 5021 5022 6490 31190 
994 2222 2318 10319 32542 
13255 17529 31681 32546 
328 5459 5468 31404 32511 32958 
8973 10009 14170 14590 32546 
22941 23170 23590 23782 29526 32888 
1541 12485 17298 22301 24631 29889 33324 
521 599 3090 7935 11345 
2703 3539 8375 12489 14747 32768 
84 327 789 11029 29995 31527 
951 2311 3980 6060 6093 
1541 1749 2854 12485 29889 32959 33324 
806 1640 4337 4894 12644 
913 1367 7217 31678 32637 
1372 1848 2940 6595 33226 
2777 6146 7188 10831 31065 31347 
2807 3876 6212 9136 22158 
13053 23268 26030 32563 
4098 4921 6153 12644 
4929 9723 11337 18020 29238 33791 
3650 20640 21650 31754 33738 
97 3507 6154 13161 24867 32562 
7499 19366 25682 30508 32589 
813 1104 3714 4526 12245 
922 1994 1995 4329 7857 
943 3584 11466 30426 32422 
18755 19344 21775 27101 29966 31754 
143 4251 5965 6069 21088 
242 261 4325 19389 31046 32289 
1808 4063 12887 27274 29593 
326 5946 7623 17308 31915 33636 
8036 17480 29915 32613 
1614 2536 3180 7602 27112 
3162 7893 13861 32064 33258 
51 3162 11393 14640 32611 
51 829 5278 6093 7111 
2235 5622 8500 24410 26204 
326 2253 7623 29368 31915 
305 4043 9305 10095 24525 
424 1547 6344 9137 10123 28538 
1098 5063 18368 21231 32014 32637 
21740 22938 28744 33386 
913 3046 5613 10471 30447 
129 247 1132 15586 17569 29610 32478 
7694 10314 14071 15061 31670 
11547 17924 22181 26582 30549 
51 2044 3162 19225 32611 
3115 5843 6642 6724 27112 
143 4251 13640 21088 26010 
25369 30355 31248 32328 33202 
2260 2261 3619 7509 10385 
238 3078 4941 10828 26677 
919 1024 3148 3205 
731 1685 1934 7473 10521 29420 31564 32664 
5008 6623 8566 10079 32525 
1345 3647 5492 9332 13078 
2552 3077 6294 8664 32875 
811 3522 3530 11151 32578 
3995 19054 21831 29348 30320 
3053 28683 30627 30949 
2993 4844 11886 14958 
3980 5437 5915 32670 
2203 3995 29348 30320 30331 
1481 5492 19806 21248 31482 
410 5575 6022 7297 20503 32243 
4409 4410 5008 10079 10821 12534 32525 33351 
75 544 561 843 4371 5340 
319 566 1497 2917 18384 
966 1897 2955 3038 11072 13624 18997 31623 
871 1535 22037 30955 31770 33587 
6516 10097 12751 12752 
12324 18190 23486 29293 
526 736 988 5808 19908 31916 
3427 3490 6730 6810 27187 
4922 9430 10716 23718 32600 32937 
1429 6394 27563 30438 30493 32729 
843 1240 1424 1581 5054 5340 
100 3737 4282 7621 13892 31951 
12790 19109 20679 26281 32365 
291 1568 13078 29671 30980 
12801 15862 21342 26464 31181 31410 
713 7296 14370 29653 33800 
1878 5224 7655 10903 18046 
328 1298 1351 16462 17128 22741 29814 
149 161 4892 8765 10270 30438 
2516 8325 15387 24472 
646 3306 4305 8472 12186 26758 
1027 6394 10366 30438 30493 33975 
427 662 1440 2493 3145 17543 32569 
708 709 3559 18198 19005 
941 7357 9213 22685 30352 31323 33164 
519 1056 3532 7466 27478 27563 
149 349 2324 6902 29671 30438 
919 1024 10979 27585 30524 
1932 7065 7217 11023 16982 32236 
3612 7222 11498 11603 22518 26294 32768 
111 761 1911 4034 4035 14336 
551 552 2348 11264 26939 31476 
388 2706 6131 15904 31564 32664 
5828 8295 11465 28258 30174 32768 
31 2760 6144 9470 
434 1638 5724 6514 17496 27087 
1709 2110 2177 9446 11285 
185 974 975 1503 3125 
201 16100 29467 29772 30472 31601 
1452 5062 5658 6170 29149 31984 
2242 2243 3393 7054 25363 
16 369 2647 4206 4985 13496 20756 33163 
2721 5625 8228 18655 32660 
810 1024 3529 11151 27585 32578 
3231 17935 25235 28783 32829 
3108 7543 11177 15361 
11205 11261 14717 14804 22487 31913 32261 
1563 7708 20232 20528 23860 32826 
202 1124 2566 2760 26578 31759 
2680 5890 29305 29958 
4847 4848 5802 24649 30162 31652 
1563 5693 5970 10218 13504 31073 32826 
1511 6124 14622 28150 32297 
101 696 843 5340 7450 22618 
26 723 11018 32404 
1465 5054 12726 15418 17830 
743 978 2690 2935 32862 
34 1550 2314 6049 11984 13118 21923 30918 
149 1055 1056 1124 2760 31601 
292 821 1811 6547 31682 32958 
17081 25766 28854 30356 32544 33219 
2913 6294 8664 12835 32875 
2940 4228 4962 5075 7759 
7804 12159 13329 18536 32859 
3319 3833 12538 13402 
1237 2100 6659 33769 
476 6730 6810 10903 27187 
3134 18245 29741 33152 
2694 11769 18105 28609 32887 
10332 12313 13320 13321 13491 
5995 7419 9171 20829 24581 32660 
2373 3403 7164 10907 16252 18687 
1563 1782 2708 5023 7767 32826 
2452 6124 8639 12688 32297 
412 4483 17221 28271 28318 28425 
7394 11591 18092 28878 32163 
1459 1460 1563 4671 24299 32826 
450 5054 5394 5996 13039 30520 
7352 8364 10463 14771 15617 21116 32796 
8365 14321 16891 28295 30955 
843 5340 5464 7284 8741 30703 
293 450 4333 5996 10984 12772 30520 
1593 3828 10755 10766 30517 
3959 3960 16015 16036 
5047 20838 24002 27710 32910 
174 413 4023 12696 16311 17496 24687 
291 2324 3957 5715 17128 29671 
3162 9913 15412 19609 32611 
1169 1705 3325 8093 29845 
1409 2928 6105 13057 14747 
832 10669 14422 26736 27251 32106 
42 2590 4602 7768 10047 32218 32420 
7628 15602 31345 32872 
5146 7298 15030 31638 32631 
14977 15413 25491 28194 31360 32097 
731 1615 1934 9944 32851 
328 2126 10896 25944 32958 33521 
475 3887 5813 8765 25308 31101 
114 10817 13803 27970 28821 
1309 4018 5639 8537 32709 
138 969 1457 5575 20503 32243 
5575 6689 8179 13297 32243 
922 1995 2403 3023 6445 7976 16917 
1944 3807 4274 5542 6651 
3329 8673 13273 33307 
2605 3212 3213 18774 32763 
34 53 1078 2101 2503 2930 30918 
913 3046 4411 5613 13808 14124 
855 2232 16402 16471 18428 33020 33975 
333 6766 7341 16471 33020 
11107 16163 22685 29447 30352 31323 
7768 8970 16603 26556 32218 32420 32775 
328 5468 5597 12240 32511 32958 
810 3529 8632 11151 20918 32578 
24167 29316 29469 33230 
606 3612 20987 25138 32768 
808 13451 14343 20987 32156 32768 
150 915 8061 14958 20987 32768 
915 3612 6093 8061 13755 15409 
494 1218 6889 6959 7645 
4972 15304 18688 31655 
328 4099 16441 17128 30520 31682 
3922 7303 7644 12013 21423 
469 4040 8902 9188 19634 27667 30799 31347 
9664 15633 23035 28035 30447 
11625 15561 31345 32872 33406 
1387 7418 16732 19706 30616 33020 
561 1809 4921 13735 32937 33028 
1780 9367 9368 13690 32826 
2450 3986 17405 22325 32762 
2562 8015 21772 23084 
1563 5105 8226 10359 25842 30847 32826 
248 1402 5553 7068 31980 
808 12297 14958 20987 32156 32768 
95 1563 7708 27703 30109 32826 
1561 4874 5813 8765 
2403 4369 7976 11967 12444 
3993 4791 13469 16386 23760 30749 31326 
662 1440 2040 3871 32569 
1370 3336 3539 10649 20987 32768 
4430 4432 9492 10474 32804 
42 931 5391 13573 20631 32420 
1166 3415 14035 19712 22223 31190 32709 
14268 14771 17480 21116 32613 32796 
808 8738 13998 20987 32156 32768 
806 1013 1915 2452 2965 5573 
436 1013 2452 2795 3448 31617 
2737 5126 7087 33144 
1000 2854 25625 29889 31676 32959 
1337 2288 9293 33148 33149 
1109 1612 1613 7770 31783 
5828 11050 16891 28295 30174 
2854 12240 22301 24631 29889 32959 
490 5894 16973 26888 33131 
3519 7975 23932 28651 33165 
1326 2805 10566 16258 28687 33066 
2455 2854 3956 29889 32959 
1541 2854 2855 3182 8992 29889 32959 
34 1185 1550 3749 3750 10990 20902 30918 
4066 9885 11192 29996 33062 
804 4909 27428 29778 32104 
434 1638 3759 4456 8763 10142 17496 
4414 6557 12811 30891 32954 
810 3529 3728 25881 32578 33312 
4137 21179 25782 29773 33098 
605 1337 2288 25364 32887 
328 1018 1635 1872 32511 32958 
120 1624 1625 3649 32420 
1938 2555 14756 26843 33123 
15160 19904 19984 33113 
2657 5412 7173 32670 
2200 19066 29296 31068 32946 
268 4198 4307 5664 22352 33123 
119 217 1959 7620 33214 
14239 33001 33026 33215 
16068 25114 31113 31247 31248 33202 
171 1166 6206 7013 31190 
217 2681 6891 7253 7620 
512 1309 1314 2132 3415 5639 19712 31190 32709 
941 6973 7357 30237 31323 33164 
1310 12743 13166 31121 32709 
3246 4426 11278 25698 31298 31618 33181 
4065 10650 14915 21966 33062 
195 782 1876 17682 18627 19389 
1568 2324 29671 30438 30493 
889 1314 2685 6829 7940 30098 31190 31913 
5865 7854 27737 29482 32433 
3161 26148 29296 32640 33275 
1465 3998 4640 9380 33131 
4847 11702 26017 31429 32946 
5045 8392 12374 16462 17128 21253 31527 
979 1829 3564 9713 21122 
33223 33224 33294 33792 
436 7706 15038 28150 31617 
495 8228 15265 24602 29364 
865 2299 3491 16049 23109 
7341 14573 16471 29653 30233 
519 1936 22677 29549 30047 31230 
131 395 4433 7602 32569 
5780 6997 10175 12374 33234 
939 3337 21657 21952 30008 30098 
7519 16714 17997 27452 33226 
2870 7184 7338 22098 31060 
8873 11069 20110 23511 
2272 2528 3148 3205 33307 
5360 21148 33475 33619 
13762 14401 29595 29761 33333 
4167 8241 8357 20591 32324 
325 1128 2966 4147 10355 28034 
2495 7806 9096 15280 22743 32865 
5670 9109 27482 32028 
5226 5309 9126 32664 33389 
3097 7269 9900 24370 33123 
1656 7777 8450 10246 32507 
395 662 2279 2493 17194 26135 32569 
401 782 3864 7871 11309 
12854 14539 20557 27553 32064 
434 1638 8758 9004 11740 17496 23097 24521 
1482 3193 4391 11576 11661 31553 
5864 8600 16261 32972 33349 
9785 16260 29584 31442 33413 
1944 2297 5449 6651 16490 
5237 10079 29456 31671 33351 
475 3887 8404 25167 25168 31101 
4907 8632 10366 20918 30493 
2697 7756 17570 23678 27515 
2889 4536 7083 7098 30626 
3319 5443 7173 13137 
4807 17771 29529 33390 
1163 6544 15977 24235 
806 1915 2452 4951 8639 31617 
2250 4591 6551 10586 12588 13328 
573 1635 3395 10239 13852 
21214 23829 31536 33303 
3337 6215 6659 7940 8160 30098 33163 
5504 9318 14432 18169 31334 
328 1541 12485 13216 29889 32958 33324 
1457 5270 7804 8406 16147 32243 
551 11264 21118 30891 
129 2244 4591 11517 15586 19896 32478 
28178 28232 31707 33478 
1172 1173 4379 11053 32920 
2265 6639 8456 9900 11672 33123 
1332 1513 4854 23591 31863 
528 741 4994 7917 27585 
4258 4259 10320 29777 31603 
71 6467 19199 32359 33490 
10481 14642 16276 19507 33412 
11040 11521 19433 32600 32937 
2618 4552 32357 32613 33494 
16 369 3788 4555 4985 6659 13494 33163 
1685 5349 5458 33389 
952 2250 4206 12588 13328 
3629 9277 11603 31245 33472 
3261 6154 22365 31942 31943 
3390 5827 8968 12825 17908 
5521 6831 25278 27214 
761 1911 3529 3728 25881 26412 
1708 3657 11099 16165 33181 
1672 4913 13817 24058 29920 
5658 6233 6377 7221 11713 29963 
25 1607 10463 30217 32165 32839 
1084 6838 20826 25620 33529 
13423 14426 15385 20439 33419 
5304 27184 33580 33584 
2597 5926 9199 30217 33539 
586 14999 28220 29296 32640 32946 
572 3529 3728 25881 33838 
201 1670 4261 27719 29467 30703 
15503 25804 26660 30563 33562 
2316 5458 31530 32734 
1161 3787 7643 19761 32920 33487 
922 1995 3980 4369 7976 16917 
4225 5630 12238 19309 26250 31873 
1443 6838 7577 9391 33529 
2015 6838 8754 27933 33529 
2201 3868 5754 8012 17737 29738 30718 
20775 28606 30808 31627 
5041 12744 14859 28697 32834 
608 5789 16235 18602 19122 31190 
621 9023 9054 22735 27915 29595 
116 17185 19856 30877 33625 
211 479 7910 14420 16311 24687 26564 33388 
8834 9326 23443 23678 27772 
843 5340 9674 22618 30999 
149 2250 12588 18565 28376 30438 
749 2963 4173 4828 5207 25210 33475 
864 913 1762 3046 5613 27692 
2205 3585 7247 27550 33636 
1775 2928 6093 11879 12489 14747 
230 4999 6258 12181 
760 1809 13355 21999 30463 
2831 27509 33676 33677 
542 1563 11838 14926 32826 33659 
2023 2208 16838 21807 29889 
806 2965 5573 12644 17511 21230 
409 8804 11213 21745 24804 29232 
1983 3797 12982 30589 33131 
16068 25114 31113 32328 33202 33790 
2823 4164 4710 7514 16798 
6079 12256 15503 25804 33562 33889 
2179 10290 11905 26637 33709 
4631 16881 32108 32519 33793 
4723 12699 30537 32801 33713 
6156 6692 21398 22656 30481 30491 
1137 7616 10519 31221 33453 
502 1923 6740 7042 21759 31567 
34 1185 1550 15971 25477 30918 
2441 2442 5727 7641 31968 33739 
4567 5480 6642 27112 
22138 22862 33071 33597 
292 821 1481 6547 27692 32511 
886 14825 24941 26558 33516 
453 1024 5597 10979 31404 32511 
5162 27190 28221 33761 33804 
328 1767 2141 20274 32511 32958 
570 4043 5762 9520 24253 
922 1995 2403 7976 8501 11967 16917 
129 2250 12588 19578 22601 29610 32478 
1351 2222 5988 12578 25362 
876 1672 6288 6736 15839 
2884 18169 26720 27928 
149 3528 27585 30438 33838 
111 761 1911 2931 25881 33324 
11143 24473 27044 31842 32317 
11680 29149 30484 30491 31984 32831 
237 3078 4941 6115 
5901 14825 26558 27271 33516 
774 1068 2038 9537 20679 29870 
2902 3529 8831 16212 29592 30493 
1482 3789 6748 13998 20072 31553 
163 1054 3954 20798 28034 
79 2339 4412 6355 14107 20386 32958 
999 3614 22619 24050 30980 31984 
2081 7209 19610 30634 33309 
810 1368 1500 1975 11032 31404 
810 1707 2527 4700 23139 31404 31476 
3614 4313 7087 9332 29149 31984 
2931 4073 16782 25881 33324 
1575 8662 18088 18155 18715 
3453 6665 12158 14879 33891 
2802 6606 13166 22679 29703 
4446 31386 32773 33115 
3501 4762 9417 33210 
829 847 2994 3980 7111 
292 1614 6547 6649 7602 16148 
2829 7207 15474 31221 33453 
3309 3920 4140 24725 31838 
23541 24351 29142 29526 32888 
999 3751 5954 8248 11771 21154 24050 
149 1513 7466 20918 22751 25881 
537 6159 14503 15830 32652 
34 1550 2513 3245 6068 10224 30918 33885 
8295 14321 16891 28295 33847 
841 4899 8517 21948 31748 31913 
42 434 8141 13966 16311 17496 23950 24687 32420 
201 4901 7330 10987 12663 
2777 8592 10288 31347 31499 
5883 8699 11978 33055 
13022 27509 32601 33677 33687 
34 1550 2101 2930 4280 28868 30918 
7386 7569 9938 20440 33885 
855 2232 10353 19706 30616 33975 
855 10366 10756 11322 25642 30493 33975 
168 4964 7057 7693 13630 21831 
1201 2625 3815 9280 33567 
328 2931 26827 31676 32958 33324 
149 2232 14681 30438 33838 
1971 11559 27184 28357 29549 33580 
741 1024 2900 4994 8153 9689 
5078 5414 7806 19563 22743 32865 
771 2538 4811 9259 10713 
1096 4889 17668 27738 30669 
149 333 811 30438 33975 
291 2324 13072 29671 30493 31404 
1056 5497 7466 27478 28035 
966 4118 16161 17308 18997 20021 31915 33636 
3486 4655 31973 
12826 30869 32604 
13716 15024 31400 
24935 27207 28125 
8107 23901 30376 
4682 25223 33578 
3969 7897 32024 
445 25687 31650 
800 18070 30238 
2298 2302 18956 
7037 10007 10016 
9910 13316 24328 
7087 21060 30931 
5890 7840 9112 
4109 9344 31427 
1609 9385 19340 
1754 13541 29138 
1937 13382 29123 
23886 30939 31545 
1470 5219 13583 
25284 29443 30647 
9804 9805 31250 
11013 16541 29861 
7414 8784 28304 
6347 10189 20160 
9557 14163 30461 
3305 7425 22970 
10696 18985 27641 
18724 22974 29570 
10269 18151 27980 
1589 3642 4654 
20131 20202 30934 
2609 21769 30633 
1274 2325 4883 
12734 14148 14893 
4946 5741 24091 
3585 7738 30926 
1629 2086 19591 
5646 24302 29125 
11650 14005 18823 
4039 6274 21280 
7458 21947 30653 
1072 13015 25363 
1136 3545 22338 
28853 29981 30932 
742 16066 30086 
5519 6909 29187 
8628 8815 30676 
2792 12896 30588 
1095 10569 29330 
1763 7140 8727 
1075 15241 30118 
3591 21914 33093 
1353 5570 27530 
11872 12812 18360 
16029 16708 32060 
4 1280 1989 
7279 9436 31023 
6458 11921 13383 
2506 2655 2656 
574 3560 27759 
6445 8047 8984 
14708 14709 32234 
2857 6434 6954 
24145 29859 30262 
876 11207 19593 
7011 26075 28068 
5184 5185 30945 
13050 15153 22139 
16505 18966 31053 
11325 29746 30698 
1698 7346 23418 
8690 30812 32906 
13843 18936 30885 
2895 30900 31063 
13243 18170 29775 
2592 6230 7348 
2081 15322 30321 
6598 6599 8718 
5501 18136 26972 
4970 13026 18587 
23612 30639 31216 
2643 20596 30828 
8503 27255 30109 
10306 13736 30828 
14176 14968 31091 
1242 5396 26662 
10943 25061 28083 
5426 8855 21575 
846 20790 24438 
7953 20991 31222 
11922 27592 31070 
4212 4626 11683 
3769 15690 16235 
3678 4504 29003 
4513 24292 28034 
9692 15648 30289 
3609 3610 33833 
7950 11785 11976 
1756 2105 3300 
9281 15998 32309 
887 7670 10419 
10172 21162 29474 
3380 5025 33748 
1417 1418 24957 
12328 14742 31159 
6453 19952 29714 
2942 2943 23026 
2152 15069 23482 
19515 20535 29078 
7966 19153 30825 
28123 28124 31531 
2609 30665 31174 
18138 31132 33819 
7310 10403 20516 
2031 12675 27035 
2138 19075 29942 
2409 8974 26433 
2368 4127 4533 
9476 14947 15200 
5784 13570 20723 
1604 16916 22596 
3763 23930 31058 
578 4901 28966 
523 1077 2172 
779 1555 11913 
17101 25279 32822 
1147 17602 31527 
6653 21687 31123 
440 1157 31030 
17561 27854 32276 
509 6158 25923 
10734 12996 29897 
14430 14431 32143 
1349 9791 19152 
3937 17596 18058 
14547 14828 32955 
5179 24769 30902 
14436 14437 31060 
7947 18036 32324 
12326 17163 19644 
2202 2871 4842 
16757 26419 32024 
533 1020 9729 
153 154 8823 
18892 19992 33519 
1552 9308 29461 
1962 30983 31252 
1363 1364 14789 
10087 13926 33445 
8720 15571 31262 
20999 24030 28754 
19013 24988 31009 
25408 31280 33443 
828 2501 24375 
24250 26549 31284 
12314 13207 15238 
1222 14658 31350 
28562 31112 32375 
7959 9733 31292 
2533 8983 32630 
5430 17389 31604 
1523 7716 21166 
15798 31277 31291 
7609 21188 31708 
2244 19422 26125 
3081 4679 26161 
4786 7717 25402 
9540 9747 12439 
13565 23578 29724 
1047 4284 16393 
9488 11830 31916 
21330 22260 32878 
585 29191 29625 
4029 7050 10433 
36 37 31265 
6950 8901 27915 
25451 26442 29026 
2156 16494 17061 
5855 5856 29825 
23382 27853 29191 
4750 5119 10207 
582 13634 33711 
2718 3292 9545 
345 782 1297 
2573 31150 31390 
3619 6937 23598 
11504 24929 31407 
1758 19994 31231 
13648 22783 25713 
20848 28939 32710 
194 11765 23687 
1133 5251 5779 
9050 10663 16451 
11979 20813 32511 
19980 20584 32796 
20866 21671 29074 
6 3986 31405 
3364 6739 30993 
11495 18697 31385 
3934 5882 14859 
14603 22649 31409 
2803 19985 32848 
5822 17571 31650 
15559 15560 22270 
5940 5941 8260 
14590 23821 25861 
22430 28157 31712 
2511 8242 19961 
6006 26207 31467 
2395 3346 10740 
4425 12484 27925 
991 992 4189 
576 3004 4771 
31431 31478 31479 
7223 11451 21333 
72 566 8418 
7925 22998 32419 
1891 5251 16642 
986 3521 7141 
4976 5954 27073 
6162 18740 23247 
6923 8968 29836 
7605 8822 21978 
215 2785 6088 
2913 10951 19731 
9909 13097 24525 
1488 10553 31494 
1549 10638 30918 
8096 12053 21021 
173 2545 14495 
2154 5278 28812 
970 5904 16731 
29004 31539 31726 
1992 2817 25640 
3243 7336 10723 
1998 16462 25548 
17197 19278 31537 
888 1910 21232 
3670 9711 10234 
11342 31555 31624 
165 1005 1006 
3318 3319 3513 
166 1830 13790 
1191 15475 30934 
2109 15835 31886 
655 27974 31070 
1766 14476 30871 
4319 6171 12366 
1425 2082 33307 
21941 28867 31838 
4603 10179 11588 
32 2137 3148 
752 9972 12959 
9950 11565 16180 
10185 17625 20905 
25001 29799 33070 
5686 6263 22970 
1479 10151 31424 
7437 17405 28354 
3610 18524 26405 
5542 6120 16144 
7041 9276 22209 
1279 16678 31290 
3289 6065 16178 
6201 7449 10088 
8778 15520 22981 
11234 12674 14235 
4394 7905 15713 
2389 29206 31625 
10619 16429 31542 
4908 15895 24056 
11685 30187 31176 
8084 11528 16756 
2177 2286 31202 
1906 15996 23061 
286 15223 31644 
9717 13708 30469 
21249 23381 31652 
2606 3304 31846 
6520 21948 26502 
20867 26063 26159 
9035 13651 31903 
3466 8360 8361 
6327 10178 29492 
5139 8102 15516 
11378 12091 29044 
6476 30097 31704 
7661 10128 21955 
2953 30236 31733 
2019 2034 2979 
20940 24464 31736 
923 11664 30506 
10605 19145 23245 
13575 21508 30517 
284 2804 31745 
90 91 1681 
1666 2699 12208 
1144 29617 33406 
12718 16948 19340 
1536 29237 29778 
9090 31107 31771 
4224 5752 12585 
7415 12434 19168 
5489 5490 30593 
1889 2188 5579 
244 6435 7763 
2800 14506 21200 
3841 31793 31794 
11502 23121 31798 
15469 21016 33098 
5340 13522 18227 
258 261 26646 
31800 31802 31803 
4488 23406 27975 
2764 10110 31745 
650 10887 26758 
5515 8162 8163 
733 2404 33234 
12205 12369 30486 
8097 15872 30918 
172 1516 17152 
7719 16022 18383 
13038 17496 27340 
19485 21010 29964 
14499 31841 31874 
7340 9027 11661 
10801 14453 25043 
14081 30185 30671 
435 1029 31851 
8594 22845 29656 
6680 25352 26857 
5058 31326 31622 
20337 31209 32868 
1831 3935 16903 
1021 2451 31617 
18967 23144 31894 
241 8492 10414 
24703 31844 33043 
19717 28219 31958 
1398 10358 29427 
1514 11128 31046 
6481 18149 21601 
1378 31783 31784 
1891 4148 31907 
109 3082 13403 
777 10570 31650 
7148 14029 20641 
4663 13049 31950 
4304 7457 13851 
2155 12800 33298 
1580 7565 20525 
2878 15407 31966 
23471 26774 31961 
24990 31197 33319 
7101 13436 30784 
1454 7854 31869 
5707 24065 28507 
10114 14757 32144 
13694 29138 29852 
741 13254 29453 
8832 16978 19469 
24805 29457 31760 
3355 14460 15358 
10749 23068 32099 
1997 5007 31156 
19933 25142 33226 
3241 21172 31951 
1101 28231 30920 
11661 27886 28033 
20998 30618 33577 
1025 1026 12489 
8238 14641 30493 
1195 20911 30835 
12587 16227 25153 
237 5599 26211 
14079 19253 29396 
8650 11154 12607 
3746 12408 13430 
8232 12838 24038 
856 4281 9313 
19596 32071 32158 
26983 28489 29363 
2546 24293 32050 
7286 8566 22162 
2707 2708 11714 
3680 9344 15302 
1039 1240 4586 
4766 18399 21984 
2224 12203 32309 
6549 15203 29568 
1824 7267 30476 
5872 15067 32389 
16647 32112 33193 
821 3088 7192 
2599 3051 19998 
385 1467 3602 
6043 6969 28854 
3074 3077 4321 
7879 10071 12073 
11809 32141 32910 
4066 4386 4387 
8918 10372 10735 
3827 14282 16420 
2059 26024 31610 
1460 18167 32161 
3446 4195 19552 
4477 16338 27700 
13187 30542 32505 
877 8767 12627 
2816 3263 26758 
10588 24145 32191 
11044 22490 32628 
17498 18167 29230 
5745 8963 32199 
4500 8568 16635 
2840 25908 26044 
2163 32212 33059 
10795 10888 29550 
18279 27319 32106 
23006 28780 32107 
7876 28617 31896 
16308 18242 31527 
11844 13207 28956 
1468 12311 31916 
748 19348 31172 
11063 31650 31666 
3464 6249 14336 
2792 3456 32206 
1193 1264 9338 
9003 31948 32280 
1508 10532 20406 
26469 32227 32268 
2521 3304 17131 
4758 7817 17507 
17690 28827 32998 
1794 8666 29613 
2755 8098 12023 
1835 2404 8687 
24813 31318 32313 
2620 6060 14056 
597 25611 32258 
2665 32295 32512 
438 3092 12123 
3486 5006 9030 
1969 6234 31007 
9016 18680 30470 
15315 18288 32457 
5019 8104 8349 
9118 9968 30616 
5054 12125 13756 
3767 21297 31675 
1707 32369 32370 
1975 4508 32380 
6208 21005 33196 
1234 2651 3385 
16654 24531 32396 
2506 6713 6770 
32399 32400 32407 
14461 15104 22618 
7241 25166 32690 
530 26113 32439 
29926 31020 33151 
17400 25094 25095 
1042 7798 11267 
11537 17751 31553 
1600 3328 31283 
6053 8067 32640 
4084 12030 27884 
2446 5006 11100 
2370 20175 23854 
6119 8889 32488 
3372 8009 29293 
1226 16073 17191 
3627 4993 31527 
1236 6460 11071 
17734 19095 32826 
4277 22886 27438 
642 7611 32734 
2552 2576 8388 
4181 4606 30349 
1975 5914 12603 
11390 19775 31601 
499 6568 30347 
5350 24858 27043 
5573 26225 28550 
16003 32309 32550 
1259 2738 27829 
447 12861 25853 
10823 16688 28207 
5887 10884 32234 
6523 6784 22735 
7282 11039 28142 
3028 8561 30465 
23819 25249 28300 
11194 20676 24347 
5990 8146 14640 
7045 14718 32895 
12341 17209 20647 
14940 18867 29403 
2602 20964 32599 
7827 9151 12693 
3830 4912 9407 
13527 14374 31595 
23149 30951 32668 
366 18833 28499 
6029 10911 31913 
3914 22045 32923 
13334 15412 32579 
18313 20666 32518 
1242 1243 21286 
5319 5628 7702 
4298 8662 32666 
2368 4660 12552 
6264 11725 31427 
27082 30637 32988 
19329 32573 32989 
2046 20280 33543 
9756 22491 30435 
1695 11024 19403 
3254 7563 13956 
5695 9600 29332 
3468 21104 32708 
3826 4356 13349 
3518 10409 14090 
929 2738 6236 
1447 2319 6212 
6083 11186 33131 
6552 13467 27550 
60 1012 31984 
4417 17260 32608 
29730 29739 32890 
7546 8155 10072 
4466 5265 32776 
1764 30238 32760 
11995 19103 31323 
440 4522 11248 
12823 21048 31053 
16017 29085 32730 
6771 20258 20259 
1650 4205 6045 
16643 31371 33116 
1839 12730 16111 
2808 4269 33071 
18614 27738 29683 
4329 4330 4514 
3918 4505 4631 
20107 21564 31746 
19815 30068 30871 
3509 16988 20065 
27402 29074 30221 
700 3009 14008 
222 223 8851 
170 3883 5592 
24138 24139 28583 
5216 5239 5940 
973 2205 6235 
1693 29863 33542 
823 3176 14182 
5444 12653 15442 
9820 10716 28660 
23223 25156 33052 
19897 25543 32143 
4558 8433 11304 
23302 24691 33409 
3510 21002 21157 
20597 32747 33189 
9406 29090 33668 
3571 7849 32828 
8288 10863 32991 
3226 3348 4590 
23510 30212 30830 
9821 12053 20286 
6920 18799 31298 
874 1562 6874 
28368 32830 32948 
5095 16740 33029 
1942 31112 32843 
25733 33094 33437 
1217 1465 25589 
26202 32932 33140 
4120 7705 10557 
14771 15485 33117 
20425 22905 31623 
15663 18974 33059 
5161 5605 11527 
11673 16641 33130 
25620 32374 32966 
6990 20007 31466 
12883 20964 27387 
2715 14352 33837 
9206 9207 29138 
307 31819 32939 
12515 30117 32309 
15737 18655 26372 
13477 21171 33168 
10057 10196 18288 
1488 10976 20078 
15203 33141 33205 
300 7221 18837 
1192 2910 2911 
3581 4035 6617 
3803 8214 9422 
597 1899 5945 
25839 32830 32960 
3165 5614 7144 
10697 30041 33178 
8726 11397 13545 
531 2790 19672 
2072 33249 33758 
2039 8188 20679 
847 3695 32819 
3804 7810 27932 
6884 32544 33295 
12511 29614 29870 
6583 11082 33483 
112 12355 21764 
631 1458 2262 
1807 10854 22073 
744 2700 31916 
11988 22718 25092 
6935 9323 13630 
459 2515 7665 
2792 7904 33061 
29085 33362 33364 
1871 17773 30918 
712 1140 1765 
4782 29821 33341 
3205 3463 6661 
3821 20932 27925 
9807 17496 19442 
4394 20168 27711 
6089 20869 24989 
4135 31553 33479 
846 5288 13455 
2246 13036 31007 
1659 1660 11817 
731 6989 20408 
6471 7745 8093 
1287 9134 33457 
4669 26266 30463 
18143 33367 33368 
9094 13853 28542 
3288 16888 27376 
900 12812 33220 
11916 13391 31405 
1848 11209 33084 
6983 8371 23805 
3100 3791 33307 
29067 32600 33538 
2004 17051 20756 
2412 4996 29138 
10421 33558 33559 
7788 28221 32663 
586 17932 33504 
24331 24690 32359 
8755 25043 33551 
33585 33586 33755 
407 12315 31046 
2883 10662 12805 
7554 22303 29889 
5525 7273 31916 
5237 13293 14380 
2619 10486 15070 
31284 31295 33632 
18145 22856 32064 
3718 28271 30234 
8832 11686 30327 
12718 19974 22095 
5726 6920 14242 
7177 28323 33361 
7406 16506 29842 
20916 26284 33725 
343 3708 9004 
18492 25343 32887 
5412 7750 32531 
7612 25976 30898 
15323 19581 33659 
6267 17236 33683 
7754 9401 29348 
13745 24419 31306 
695 5209 10406 
21298 25730 32966 
1026 10061 33722 
10124 18912 33805 
865 14972 23755 
3395 7030 17979 
14134 24736 30425 
58 14677 17664 
20417 23216 33848 
6182 31400 32615 
3049 3050 11903 
2827 2888 13651 
408 12136 22162 
1665 25072 32875 
15879 33872 33873 
757 2077 5978 
5829 14603 15702 
24483 29420 33150 
17038 20944 25713 
3224 5763 8344 
3898 18972 33606 
5090 10739 13335 
20242 32544 33943 
1976 4956 33507 
2378 6851 12801 
2242 7409 7685 
18469 32184 33047 
2235 24066 30366 
3247 21355 32542 
24830 25931 32534 
4439 10463 33887 
12533 30297 34009 
11936 13296 22970 
16939 17016 28300 
5197 32826 33330 
15733 19994 25252 
7559 17843 30061 
2556 32638 33514 
6936 10169 31909 
4978 7910 11678 
992 7295 33313 
