609 12343 17739 32887 33238 40571 
1658 4909 5754 8229 37051 
22761 26060 35614 37710 
2138 2139 6639 8189 
727 1647 14213 21980 34383 35886 
25 26 2840 6843 32404 
951 4852 7022 7976 35354 39827 
12393 13200 26659 37731 37831 
52 12132 17056 21459 21460 37498 37872 
4701 7519 8283 24876 28035 31880 37498 37872 39406 39545 
1421 4637 21342 37472 
12485 13216 17030 33324 34583 36520 38632 39359 39459 
71 72 73 7558 
10748 10865 32613 37104 39090 
1513 1564 8110 10027 14236 14420 
285 1309 2802 3851 4904 4905 5021 5906 5907 6489 6490 7013 7655 8660 10496 10903 11008 11084 11213 12743 13133 13798 16922 20551 21745 21816 23100 23846 24804 24975 27187 27468 29232 30108 31190 34189 34593 35244 35393 36681 37538 37666 38373 38497 38914 39009 39812 40452 41530 41566 
296 297 312 1327 33859 40357 
3453 6284 30356 37352 
156 1672 2057 3245 4913 9240 16862 20892 
1628 3330 4904 6205 8765 10496 27187 37817 41412 
420 1111 1549 10795 37574 
2523 3549 5802 12882 21067 37636 38849 
1581 1648 3745 4537 8909 12663 
432 1316 2736 3184 3763 3865 4027 4990 5777 7100 7263 7412 7461 8971 9842 16979 19956 21087 21103 21184 21756 24380 25135 26288 27043 30289 30823 30832 31828 32511 33387 34849 35121 35231 36611 37834 37857 37949 37952 37958 38290 38378 38407 38903 39454 39455 39766 40309 41222 41568 41636 
3209 4050 4051 35400 
1124 1941 6196 11691 22656 34473 37888 
90 321 422 544 2022 2184 2338 2554 2952 3890 6970 11300 11456 16067 26135 38117 40148 
477 1532 2302 3890 40148 
17904 29775 37254 40760 40870 
568 9124 15782 25049 27785 
8836 10742 15086 25931 32534 34488 
242 1438 1714 12696 29943 33114 40889 
2044 17123 29542 33004 38944 
6239 10015 12632 12730 12746 
427 1365 1366 1440 13191 36537 
1513 1564 1714 2817 10027 23263 35639 
8913 10019 14599 14704 34928 36137 37834 37910 
1568 18958 19706 34928 36137 
59 9383 10395 41515 
871 1536 3584 6567 7274 7608 7777 14422 17778 21899 22123 22516 22540 27251 27319 29240 29488 31131 32055 32104 32106 33408 33587 34673 34910 34973 35430 35505 35578 35624 36829 37005 38329 38684 39250 40043 40851 
118 7412 9171 13984 37610 
1643 2537 3484 18997 37300 41408 
11635 12594 14290 27509 33677 38837 
1359 5802 12882 21067 37636 37797 40501 
939 940 7481 12018 14434 16358 
3840 11631 17926 18882 36681 36740 
2592 6230 8112 34194 36845 39126 
21 114 207 442 551 552 626 706 735 872 1017 1018 1368 1480 1707 1767 1803 2052 2126 2246 2284 2348 2502 2525 2526 3529 4054 4417 4593 4687 4957 4984 4990 5054 5459 5467 5597 6355 6547 6649 7131 7525 7553 7602 7976 8058 8129 8155 10572 10896 11029 11222 11760 12603 12968 13036 13072 13153 13558 14107 14810 15151 15717 16500 16943 19122 19777 20579 22706 22962 23555 24452 24550 25204 25515 26098 27021 27692 27970 28334 29671 29999 30233 31476 32511 32515 34710 36984 37319 37599 37846 37968 38629 39355 39675 39724 39738 39796 40128 40239 41109 41560 41579 41585 
769 4445 11919 37462 37589 39332 
21831 30320 33529 40613 40913 
1823 2935 5207 22352 35773 
2463 3140 9665 17610 29323 38026 39236 
2138 4494 11738 34669 40248 
5062 5658 5880 9332 11816 37800 
4682 7252 12030 28439 37016 
536 4172 11406 15340 28193 
21268 27460 27461 39034 
2821 4594 4648 5152 6015 
2408 6642 21412 31970 37812 
3564 12883 30646 40871 41632 
3815 9832 13053 32036 35627 37061 39716 39722 
8134 12801 24941 26558 41210 
1122 1628 1807 10853 22073 38176 
599 692 2407 7019 39578 
16793 20228 20556 37745 
2737 7087 9774 30679 30931 36760 38774 
835 2922 10991 36166 37823 
34437 36309 37448 38975 
477 4321 6810 10911 37817 40168 41412 
4226 5761 5820 7686 8567 11527 
2751 5720 31060 36049 38249 41607 
10685 13567 37593 37731 37831 
4754 4755 7663 22512 25981 33007 33561 35672 
2324 4247 14599 24813 32698 
2641 4761 8051 31374 37780 
1698 5577 10366 14111 14681 37834 
819 1495 2077 3443 4916 19032 
1642 16048 16583 16770 16934 37047 37065 
20675 31112 31113 32843 36188 
1210 4352 4609 6755 9344 34307 
191 741 2187 4062 4705 12573 37834 
6143 11847 14050 21831 37842 
117 5248 28591 36508 38721 
8025 35213 36803 37734 37975 38451 38831 
1534 1847 1848 2940 6595 33226 
536 4739 6561 10811 18211 18908 28193 40387 40785 
4887 15824 20288 21398 22656 30371 37100 37800 38640 
551 616 1055 1056 1124 1560 2479 2683 2760 2806 3436 9693 15999 16100 21070 26578 27313 29772 31601 31612 35395 38227 38792 39215 39819 40359 41409 
1998 8237 8541 17260 24452 26288 33524 
1068 1176 3414 10665 16664 
3652 6796 31513 31960 37909 
196 1648 4705 7466 19706 37834 
2214 2537 4527 5484 27550 29368 33636 34291 39119 40773 41408 
8869 23301 35069 35317 36823 37855 
24691 35013 35069 36823 37855 
5537 6944 34154 37857 38440 
4887 7032 14206 26411 36760 40850 
544 1410 6945 8766 11816 21807 
6154 10593 11280 19972 41617 
2923 12215 26582 30921 38287 41117 
125 2317 4105 9239 40118 
168 414 864 2203 10298 22975 40613 
3948 4013 6648 17667 30270 33450 38176 41118 
23888 34414 35192 35374 35887 37848 39483 39835 
740 919 1367 4062 10366 37834 
13466 19353 21180 37860 
694 1634 2322 10195 12644 17186 17431 37897 
1163 5141 6452 6544 24235 
1978 6218 7807 21254 31553 
1194 1774 4069 6950 8409 38944 
3208 3348 5881 13328 32478 
2332 4681 9283 30837 
138 870 6892 7210 15244 16147 
248 348 1561 3679 5553 11008 21691 
2313 5717 11101 16362 22198 37812 
2503 4913 20892 23964 
52 5339 17056 32607 37498 37872 
3530 10366 10879 19706 27586 37102 37834 
433 14541 16572 20426 39315 
1709 2110 2111 2177 11285 
1157 1442 2480 2481 9486 
2829 2830 3276 3277 7207 7208 7616 10076 16726 19605 21115 22697 26704 37870 38399 38948 39925 40753 
461 2485 8650 10512 20940 22015 24262 38800 
5484 8035 16798 25099 31915 37300 37390 41408 
2537 21879 33636 37390 39324 
318 2902 3728 5577 10345 10353 16471 19706 27563 30493 36137 37834 37910 38615 
15611 18323 37025 37397 
417 2199 3847 10397 36603 
7100 14948 34831 35597 37952 
1877 1971 6338 7380 40186 
2561 32628 36845 40868 
5145 10038 25842 25844 32826 36336 37663 
10006 14926 36336 39075 
5101 5102 6948 13519 23218 
6339 7707 15829 21202 26907 
2352 10298 21141 24166 37842 
3944 10392 33916 34421 36880 
267 8767 21970 24301 26135 
7885 8068 23871 37758 38456 
11257 11716 15650 34604 37835 39100 
5269 5270 31674 36869 36909 39776 
4391 5507 6748 28191 36667 38267 
1367 1522 3957 7341 37834 
6392 6393 26912 30693 31607 32778 34989 35230 35504 35951 36492 37652 38013 38855 39070 39184 39221 39464 39543 39923 40033 40332 40484 
1354 9221 9564 9901 10801 21729 27780 31435 34605 38137 40010 40486 
5056 5339 6055 14052 
2279 15694 22838 32852 40259 
343 6050 9121 13710 26476 26740 32234 37499 38228 39011 
3718 15416 21341 37758 38456 
1490 2516 11218 13118 37817 40168 
35093 37899 39092 39241 
1264 1798 2614 3191 20737 
451 16658 23387 27610 29547 37901 
786 4280 5581 7181 15779 40867 
469 3299 9170 9395 31347 35778 
7543 11177 20602 39145 39514 
25 415 2840 3449 33722 39670 
194 8727 8728 38961 39282 
525 10839 11275 12334 37894 38872 
1479 2481 8784 26637 41054 
20 1274 2518 3371 15713 
148 437 3529 5497 10822 27563 
165 1005 1006 2596 12881 
6043 13936 28854 37518 41488 
2960 10409 31417 33971 39612 
27039 29053 33956 33968 34832 38637 
1092 5720 5804 16085 36977 
835 13514 31585 36166 37823 
14300 16018 21379 26673 36610 39012 
428 2493 6723 36304 36537 39477 
1903 2373 11658 13406 38682 
300 9941 12098 13810 22636 37800 
33837 35751 38353 38837 
892 936 1928 9915 
6304 35771 37811 37918 40445 
6645 29272 33467 37921 
11258 11716 15650 25754 36715 37835 39100 
14081 19874 30695 34414 35751 35887 37004 37924 38353 
5543 6991 11330 37702 37760 
3762 12312 16758 30618 38903 
258 701 1367 1368 23139 34252 
1958 3384 9477 10070 15529 28879 38459 
597 4098 4921 6153 12644 
29662 33472 34154 34831 36944 39179 39581 
1118 19956 33472 34095 39179 
95 649 2660 3254 9004 38055 
333 6069 20813 21118 25969 31836 
921 13568 17475 19335 37436 
1401 2317 2370 19389 23854 
1960 7628 12344 14152 14153 14168 14857 15037 18729 25156 28626 31649 35883 36092 37440 37935 37993 39553 39629 39770 39961 40503 
11013 13224 14303 17373 37936 
1672 5581 7181 7753 15906 
3733 4639 5497 6338 7131 32229 
2619 2623 34784 34925 
1042 1047 5224 9909 35371 38082 
1589 3642 7790 9777 13894 
10637 17261 30808 32861 37945 39357 
772 3472 19330 32664 38846 39992 
14937 32947 37546 37869 
2050 4750 7657 12470 12817 37606 40240 
1000 2339 7554 12240 37685 38632 
196 1648 4342 4705 12887 29549 37834 
13470 28139 28517 31302 31725 36087 37948 
11822 13274 18383 20994 
631 1374 12724 18538 35651 36162 39144 
1704 3367 4262 4288 7745 8009 8093 9398 11172 13758 16478 17478 19241 28870 35087 37947 38500 38776 
812 11008 14678 15156 37574 
9159 16617 30355 31113 31247 31248 36876 37546 37940 37951 38161 41105 
2822 2840 10179 27522 32404 38007 
19 20 2518 11612 11798 
1434 21509 23839 27947 37636 38721 
4712 8821 15089 35380 39892 
32 1500 3627 11029 15955 32928 
31496 32972 33776 34482 37394 
10220 11218 12845 15299 
2923 22181 30921 38287 40063 
1000 25625 29889 37685 38632 39459 
101 1329 2827 12732 13651 29360 
11753 17780 29662 34095 34831 37857 37952 38440 
466 1220 1560 2137 11859 36042 38868 
437 3529 4247 4907 7128 10019 14599 
8863 15169 25642 30616 37834 37910 
712 1062 1581 2325 6758 
580 1562 4012 14717 37817 41412 
1698 3522 5283 9254 33838 37834 
13522 15224 21894 30481 35226 39549 
1359 24791 33000 40501 41518 
595 3175 5315 6416 21231 37968 
626 1590 5577 7148 
10194 11091 13224 37740 37936 
2923 24510 28709 30921 32107 32993 
8228 9751 12101 18655 37065 37983 
52 17809 19222 20879 28750 37872 
149 1698 4705 8632 22751 37834 
18905 24486 31600 32244 34381 
1404 2184 5135 12540 14745 
596 3704 5315 8008 8783 15151 19798 24736 28647 37968 39724 
2119 14948 18842 34849 37952 39796 
33 35 3749 5470 17537 
2516 3733 4133 4778 8433 9425 10220 10888 11008 15304 37574 40168 
2753 6040 6795 7212 8625 
718 1200 10447 11171 11494 11687 37895 39123 
232 695 4527 5209 6649 7995 8327 9580 14346 25488 38179 40195 40712 
33367 33368 38286 41250 
13 173 1527 5135 38117 
333 572 602 6169 37551 
3549 4909 8553 10669 13402 14422 17778 18279 20313 22499 26736 27428 29488 32104 38684 38849 39250 40851 
20 1274 2325 28455 
4758 10278 32708 34285 36431 
477 4513 8082 18786 19578 37817 40168 
2055 3990 4727 12233 41018 
2715 2747 4206 4874 11634 
11158 15416 33344 37082 37758 
9398 15011 16478 19244 35773 
1 4989 12101 20856 29711 37983 
14672 28591 34032 34902 38721 
21429 22033 34032 34902 39027 40871 
6042 7885 8235 10959 13836 23871 29738 32593 33000 33318 33694 34032 36508 36509 37797 38721 40501 
1665 1666 5079 6897 37545 38007 
626 1662 2325 7484 33975 
2778 3003 14922 25488 36687 
966 2253 2537 13392 37390 
23887 35887 37646 37848 
747 1421 9558 20701 21342 33891 37999 
1941 7221 8063 9026 37100 37800 
427 2022 2184 12540 14745 35821 
7628 7668 13107 22141 37613 37935 
1791 1792 3239 3444 16452 
1814 2798 6661 13283 35665 38626 
3629 6049 7159 8082 10220 10368 10983 11984 12845 36950 37574 40168 
1118 29131 31413 34095 37857 
447 9343 9674 40212 41411 
14893 16204 16275 20838 36791 
1434 28591 32970 33894 36508 38721 
3003 10644 18068 35219 36687 38179 
317 3766 5153 8167 20829 22921 23152 23650 24056 33724 37065 37983 39926 40726 
7049 7487 10463 18043 40633 40722 
13895 13896 14630 14840 19162 25199 27801 34688 38029 38517 38957 40227 
13954 16867 16868 26714 40111 40249 40465 
6758 9178 14573 22886 36638 37689 
273 1354 15588 25864 37838 39222 
178 3388 8628 24748 39902 40939 
1209 5804 12170 16870 39301 39392 
1915 5573 6853 9009 12644 39919 
3026 9425 10795 12587 13014 37574 40168 
345 1297 11458 17023 34705 
9106 9583 27221 34383 35886 
1 6809 8168 23554 37983 40479 40726 
471 15172 17236 19252 41042 
900 12316 12812 33220 
7790 7947 8473 21198 21603 24365 25630 
6714 12896 16351 20737 23442 37943 
49 1642 5134 9134 28371 38249 
4247 9396 14599 16771 24813 
1513 1564 1714 10027 14564 23263 34053 
1984 2260 27251 35430 38340 
602 3561 5445 6926 18133 37551 
273 1354 4863 4864 25864 36188 
138 859 2665 4330 6030 6042 7875 8010 8033 8235 8573 9815 12267 13446 16155 17737 22499 22540 26342 28369 32197 32295 32512 36560 37636 38081 38123 38849 40851 
1684 1685 26833 38083 
822 837 4477 7176 8763 
48 14314 18718 32849 36303 36335 39850 
1 7428 37983 39926 40479 
421 1445 1926 3749 4133 4920 6528 11008 12587 37235 37574 40168 
1140 1274 2233 4031 13153 26173 
8 2311 3980 8532 39928 
3160 4573 4935 6670 17105 41491 41494 
2297 5450 8934 31101 
3153 9490 34695 35817 
864 1872 2099 2187 2580 4434 
13474 14393 15281 29648 37975 39436 
1354 6856 15789 38137 40211 
1483 20675 21349 26071 36188 37838 39222 
3886 11740 35698 38021 
309 3198 4838 6945 7465 11025 
48 2912 19688 22669 26458 36303 
799 3267 10660 12142 17391 37748 
7685 26535 31418 36497 38027 38708 38901 
3597 7955 9429 10919 37815 
2138 3211 4072 6209 11506 12168 12408 
52 7519 13727 32607 37872 39603 
10821 22735 27915 29796 41056 
7254 7440 7577 15753 27478 
2408 6113 11931 14599 14704 32698 
1 25655 29711 31675 37983 40726 
138 139 870 968 2235 32750 
97 2132 3305 6989 9228 
5140 5157 8794 14307 15744 16023 37385 37386 
412 942 28111 36509 39027 41405 
3827 4270 16420 17393 36754 
1367 3647 6945 21807 31730 
25369 32619 36309 36746 
18718 21435 29472 32121 36303 39850 
5249 6945 10987 21807 38792 
1155 4322 29662 34695 34831 
3482 4225 19309 25955 36044 38573 38742 
31573 37206 37207 38126 38289 
1365 1727 6723 23192 36537 
2244 6145 32886 37666 38914 
148 1534 4247 14599 21179 29773 
422 1681 2022 2178 2184 2301 3197 5585 9931 10863 38117 
5283 5497 9254 25881 33838 
6115 13297 15396 31412 40311 
8369 13079 26677 34421 35944 36880 
333 1568 6069 9396 19706 
26071 28922 36188 37417 37838 40801 
200 4531 5162 35924 37970 
1144 14764 15561 37935 38133 
3267 6935 9670 10660 12142 37748 
8648 14650 15561 21630 32076 40929 41323 
6269 30057 36048 37273 38143 39133 40084 40887 40908 41305 
6523 10745 39947 41056 
7565 8341 23945 29556 38805 
1424 3405 4545 5497 7440 7577 
6171 8155 10604 24736 36151 
392 15744 15933 16023 24938 37385 37386 37967 
309 451 4838 5146 10660 16658 
7361 22112 26983 27702 36017 38651 
242 4477 5371 7176 13853 40889 
1642 5804 28658 33922 38249 39301 
25978 29584 34664 37808 38112 
1424 7440 7577 12168 12408 13797 
9297 14393 38097 38099 38160 40634 
655 2122 4262 6103 6639 7258 18496 37947 38500 38776 41367 
3501 4762 9417 33210 
1013 4003 8356 11040 11862 15970 
11968 15587 25472 26275 31112 37838 38251 39162 39222 40829 
2102 3343 3571 4993 12374 26883 
1907 26750 32911 34121 38055 
1176 10414 10665 18697 40095 41002 
75 424 547 2626 8129 12678 31567 37466 
2650 11008 17773 30918 37235 
1952 2643 6724 23192 36537 
12586 36258 36379 36479 
31113 32843 33191 33790 38107 
22589 29049 33457 35004 41128 
201 2566 4572 20456 39215 41409 
3868 6079 13200 36508 37731 
9537 17814 23507 38020 40478 
771 3299 24024 31347 38179 40712 
35192 37924 38353 39835 
473 489 846 5323 8179 
1648 1824 3745 4537 8583 8924 
2022 4010 4441 4442 32220 
33556 34635 38057 38328 39833 
628 3302 7374 14436 28658 34821 36049 38159 38249 38338 
3341 28781 28826 33891 36774 
521 599 2129 3091 11345 
23553 35680 36909 39776 
36 9511 16018 30606 39012 
1180 1746 13334 21157 22856 38267 38355 
5877 10626 14880 17291 25039 
3088 3491 7329 9383 39758 
14321 17418 30570 33847 38204 
8846 23778 36011 37448 38975 
15416 28318 30234 32382 37758 
10254 22506 23754 30570 38204 
888 4263 8770 36166 39202 40545 
730 8770 20213 32922 39202 
467 468 5610 7900 
2785 2955 3740 18715 18908 28193 37280 
691 15042 23954 24253 32408 38176 41118 
1091 4930 5445 9182 37689 
602 3148 8913 27994 36301 37910 
2614 6714 16351 33061 37943 
1958 6482 9741 10070 28879 38459 
48 15976 23860 36303 36817 
1549 3065 9425 9906 27095 37574 
4044 11161 15238 25698 31298 41303 
1233 2688 3562 5057 13274 16022 18383 
1629 2086 5305 14717 33769 37817 39422 41412 
7677 14352 27806 34414 37646 
114 595 5289 24289 33649 37968 
3536 7342 30729 32604 38082 
5497 7577 15753 25881 28740 33324 
935 3554 9392 33524 38087 
1684 1685 2705 3472 37616 
385 3889 7637 9967 10080 
374 385 702 2110 3602 4598 
2320 4289 6169 9490 17765 
1169 1170 2235 5622 23649 35764 
494 574 1226 2409 3384 9679 9880 
22018 23599 34285 36431 37786 
1684 1685 5226 5309 5458 
5997 16054 25364 26950 38491 
49 2751 4036 28658 38249 
8218 11897 17877 38189 38242 
739 2138 4072 4284 5003 33809 
743 21148 21304 21997 40546 
3944 8369 31896 33916 35944 
4897 10472 22025 37309 38566 
2182 5625 5995 9171 37047 
246 1671 6596 14176 20734 
9297 9306 9685 25493 38156 
136 1033 9750 32112 35795 
1401 2370 4874 15349 19389 21412 
265 3314 25062 35179 41056 
13674 29857 38273 40465 41251 
1513 1564 8206 10027 10304 37780 
6154 19972 22145 36552 37288 38210 
10834 15000 25013 36402 38097 
4683 12812 18360 41259 
3268 3825 7790 8023 21198 25805 40009 
2702 10298 18582 34204 37842 
85 4519 5551 6169 9490 
3613 5119 10207 10208 
28740 38288 38643 41414 
8122 8473 14299 38487 
451 4165 4643 5256 6891 11539 16658 25362 
1411 2750 4397 9040 29523 39549 40212 
791 829 4368 9546 14563 30880 40489 
476 1122 7458 21947 38176 
1536 11466 19448 28258 30426 30955 32104 40851 
136 8788 9750 34496 35480 38141 39238 
595 596 1950 19167 33649 37968 
1411 8058 29523 35518 40212 
4414 15477 22998 25980 27006 27523 28588 30098 31147 33172 35151 35252 35757 36086 36102 36944 37150 37178 38179 38745 39179 
26071 27762 28104 36188 37838 
1120 3198 5436 6945 10987 18450 
1068 1176 1671 23847 36641 
100 3701 6212 16658 22158 38913 
7252 8187 27884 37016 37151 
30537 32801 33713 34284 
1122 3948 7660 22073 38176 
903 17362 21754 32613 36117 37249 38904 
571 1122 14585 15042 23954 30653 38176 41118 
3949 33859 38159 38338 
2618 4552 33494 37249 40342 
2999 6093 10649 11971 38750 
2320 2624 3889 6169 10739 13078 
2374 30808 31251 36186 37945 
810 1153 12678 15753 25881 36301 
149 2624 5283 8632 9254 25881 
5273 5563 15358 16161 37300 39324 
128 701 1671 6107 6597 8335 20734 
16626 35015 35016 38316 39016 
2751 10216 27426 28658 38249 
4109 5014 5243 7639 8079 
4447 16325 22648 22856 33258 38267 
422 1404 2849 4433 38117 
3563 4657 21122 22033 27941 28858 28859 29609 38326 40871 40964 41632 
941 6973 33834 38857 38975 
879 7091 7252 7487 14225 33971 35228 39612 
75 101 424 7042 8129 10475 
3578 4485 24649 32197 32422 39027 
4677 10355 14776 34183 37589 
2751 3899 25399 28658 38249 38348 
11371 25930 32186 36029 39888 
1301 1651 13932 20648 36049 39203 39301 
2537 8035 10941 15358 19460 37300 
20434 33604 34833 38330 
2523 7791 11189 35128 38123 38849 
3143 9223 20591 40009 40439 
10669 13402 22516 38340 40056 
11769 13819 14582 36625 38315 41204 
1205 6838 7226 8071 21540 37436 
877 1509 4629 4630 10885 
285 2883 3847 22838 36603 
23763 26924 27459 31496 35784 
14194 14195 30791 38348 
15588 25472 26071 28562 36188 37838 
14090 24725 28773 36398 36845 
51 601 4860 6704 38355 38690 40415 
969 7804 7811 16147 32859 39071 40311 
45 508 967 1138 14672 
3087 6273 22664 24737 38324 
569 7831 11056 12059 15337 29014 
769 4384 13112 31929 37462 37589 
6041 6042 18100 33247 38721 
7060 9668 9692 19104 33387 35183 
10636 10652 16679 29032 38011 38020 
663 4611 6531 32220 40148 
1005 1027 1274 2325 
551 11264 11979 25264 39142 
109 3082 3101 15216 18700 39152 
2033 8365 11466 27428 32104 
1011 1729 1809 6196 12814 26288 
774 6302 14672 32777 38721 39161 
2768 6036 10903 27187 29610 37817 
263 12700 17408 37677 38114 
1975 3110 16022 16082 40212 41143 
774 6041 27530 39161 40501 
3718 28425 33414 37082 37758 37797 
2592 10409 36845 38336 39126 39672 
4447 4860 22648 32611 38267 
1838 2222 2527 6891 8444 25362 38530 
6820 11180 17206 21671 38393 
6304 12030 28439 39286 39750 
12316 15367 24690 33165 33220 33994 
1 317 28181 29364 29711 36836 37983 
9192 9193 36368 36369 38396 
5101 16484 23218 24895 29361 
7559 8290 9260 35339 35733 
560 574 1436 2480 9811 
394 395 1796 2218 6064 39477 
418 1729 2452 6488 
4059 8114 27918 37971 38541 41426 
447 2326 17124 28041 40212 
37560 37561 38405 39052 39063 39083 
6373 9696 16940 37857 38407 
21429 23871 27530 27947 28111 34098 34902 36509 38721 
5497 6999 27184 30447 32760 
3727 6092 6093 10649 13137 
574 668 1851 2480 38814 
631 12524 15884 18214 36917 39144 
1137 4390 12126 38948 39925 
569 4044 4313 10660 15238 38459 
552 8464 11660 26513 27875 
2446 5006 11100 37026 
27835 32599 36203 40871 
2438 2661 5201 26750 29943 32911 35639 
3282 4696 12168 12408 14046 
6287 19820 19874 37723 38353 
707 5517 11535 35283 37100 38640 38774 
136 2423 9750 15087 37428 38149 
1200 2436 9531 9629 21685 39123 40718 
317 2104 6159 9864 11321 37589 
200 9286 10060 10084 26558 35228 
3253 3649 4775 30338 31629 
136 2423 8226 9750 18718 37385 39850 
5570 12216 23300 38204 
997 1210 4352 4432 5427 
5269 8406 23144 24134 38423 39776 
595 596 1950 15515 21479 22700 37968 
2019 3535 8695 21392 39180 
82 2394 15017 33328 37309 
1091 1487 8913 22886 30463 
144 427 1440 2136 15694 32852 
1042 5928 8071 10557 12861 
4838 6889 7089 14618 16658 38459 
983 7467 12306 26171 29138 37651 
2523 34715 35128 37132 38123 38849 
5201 6896 17496 23263 26558 32911 38055 39886 
19514 23185 24167 25314 29316 37208 38351 
3168 7214 9218 9893 39612 
441 7938 9295 12524 20273 24134 32243 
1341 3617 4663 4949 39152 40956 
31 783 1502 3819 13064 
146 1521 5548 7450 14972 15827 19475 
5188 7252 8376 24004 26558 35228 
297 1327 23858 33859 34821 38338 40357 
3189 7358 17277 17797 27281 34383 38476 
2862 24874 25246 32510 38374 
12839 14055 18987 28692 38491 41082 
5455 9166 10345 30239 30298 
7790 9777 11200 22008 29436 
9628 9629 28704 29295 38427 
2357 2462 3997 5146 9597 
2661 8011 9004 11408 26740 29943 36174 
1620 11835 13145 22888 
12 6068 8381 10368 13118 15299 40168 
26996 30729 38082 41226 
579 1807 6272 10854 40615 
4314 5582 8227 39280 39332 
3418 5649 12485 34583 36361 
60 573 9131 22656 35953 39758 
536 3740 3741 8662 20037 28193 36299 
7668 12586 13107 31648 37935 38796 39629 
3245 4280 5581 7181 15779 17823 
23197 25338 28218 34886 38295 
5420 6525 23308 38524 38525 38898 
9349 24072 31569 38522 
417 2288 6346 7184 14672 
949 1196 2343 2658 5980 
774 19465 32011 35744 37758 39161 
317 496 2104 11321 22921 39332 
3910 6243 19368 31488 38527 39988 
943 3374 11466 25012 30955 39107 
48 9229 10924 11856 36303 36817 
16949 32892 33615 36048 37378 
5997 11769 14582 25338 34540 38491 
11731 31024 34881 38542 
32 1811 4304 10896 23875 39355 
19249 24527 35935 37456 37845 39860 
9912 10372 14639 20986 40494 
349 1024 1514 2408 14193 19389 
650 2000 32911 34825 38324 
5900 15024 20108 32615 
2145 3225 4453 4665 5175 7557 
6358 9181 11167 21067 41518 
15122 17443 18897 35569 38706 
3500 11735 18500 20273 36346 
29049 35004 38562 38810 
11141 14324 37254 38312 38350 
32584 33344 37082 37797 39161 40501 
7912 8665 21764 37309 38566 40492 
2119 28538 34831 34849 37952 
5249 7874 30703 35395 38792 
21341 30718 32970 39161 
529 2737 9332 9774 36760 
777 1651 32112 35795 39203 
8388 9796 38273 41353 
2220 3449 33722 35448 35449 39670 
251 22638 22916 22917 34296 40880 40939 
2313 6684 15348 15349 31970 37812 
4098 6153 21858 29117 38574 
4628 5503 10585 21254 28233 
2923 28709 28780 30921 38287 
165 712 1005 2325 2596 6758 
348 1875 4738 11008 17773 37235 
98 1230 9912 11193 14747 36504 38690 
281 8836 11956 27975 29880 
405 829 3980 11193 36504 
3341 28677 33891 34176 40674 
10585 12824 31334 40708 
202 560 647 3646 5630 6794 38440 38573 
386 3367 5522 6320 37947 
1745 14206 30679 32831 36760 38774 40850 
2122 2282 4043 8893 9770 24064 37538 
446 4322 5630 34831 35597 
1033 3920 31650 35795 38419 
2147 2148 3740 8996 9479 
8675 23668 24494 28002 
155 2294 15520 23833 34299 37812 
1705 4548 11922 13426 14625 39356 41131 
48 5105 11838 15286 36303 36336 37428 
602 713 3148 8913 16938 36638 37689 
1800 3982 32776 34978 
2292 2293 19680 23043 38608 40808 
7676 10912 13906 14764 15561 40880 
6469 6585 9918 26744 36995 38411 
425 669 1631 3716 3773 4791 19956 34831 36104 38440 38573 38742 
202 3066 3153 5630 7546 16291 38573 38742 
15537 16204 24904 25687 38344 
716 6011 26281 30412 38114 
619 11742 15959 19041 19056 37493 37856 38411 
10071 12073 17737 36956 39210 
5577 16681 20165 22751 38615 
13806 14905 15732 29474 37975 39436 
4217 38630 38631 40940 
299 2016 32009 38773 39255 
5252 9626 9723 33968 38637 38938 
21738 32404 34621 36818 38163 38610 
12655 21430 29559 38644 39441 40947 
2622 4260 17124 19570 20031 20114 21759 22619 22847 30329 34596 36102 37802 38719 40609 41101 
1541 2855 34860 38632 39459 
494 5982 13616 14686 25387 
432 2309 3167 9316 9346 19098 34255 
63 172 6032 25934 27346 37699 
6596 19942 23969 37551 
3023 3593 4369 13057 40348 
8799 9711 38323 40065 40080 
454 5986 19733 32831 38640 
2057 3362 8061 22518 32200 36504 
13287 14650 21630 35047 37177 40929 41323 
2738 2820 3707 6191 12547 
118 2187 4304 4990 13072 18704 
6251 9629 14032 37493 38411 40718 
15394 19249 30542 35935 37845 38035 
233 5209 24024 38179 38672 
574 668 2357 3384 3997 9811 
333 464 1669 3735 7569 29368 
943 1434 23778 28591 32970 38721 
4453 7393 11389 11625 14099 24642 
414 7774 27515 38202 38651 
1005 1173 7745 11301 
19835 25106 38683 39899 40915 41235 
757 1078 1567 3927 29920 33885 39107 
943 8982 27947 32970 36176 
432 3288 5646 6308 7616 9316 
6949 11153 16378 29542 38690 39338 
1048 2098 9004 26558 27826 29943 36174 
348 2132 7062 7818 11008 38914 
15311 16235 36625 41204 
2478 23860 30847 35458 36817 39850 
1385 2940 2941 6697 7914 
12078 14772 31113 31247 32619 
1 11097 21297 37983 40479 
77 78 391 5491 17778 22540 
180 1423 2661 24636 26220 29943 
5990 10684 33723 39496 
2031 4175 24907 28564 30691 38947 
1000 7131 12240 37685 38224 38632 
1614 14820 15286 20269 37428 38149 
2001 7209 19610 26310 31405 41389 
50 11153 18024 30750 38355 
394 395 26135 39477 40148 
2228 3641 6229 16701 33608 34028 35882 
7131 7762 32760 38719 40609 
1091 2320 3562 9182 19343 22886 
5694 10038 36336 37428 38149 
4657 21122 27947 28111 34902 38721 39027 39161 40871 
4311 4317 6040 6112 12844 
3898 18905 20398 25288 39132 
4705 10406 19706 25881 37834 
1994 1995 2236 2657 4197 6950 
3451 7135 12854 17374 38690 40415 
11468 13176 22033 30646 38591 
9664 13462 15633 28035 30447 38711 
3704 12528 17592 32470 38290 
12443 13079 19405 19646 36880 
418 1226 3928 3997 13907 16073 
52 7642 15634 19222 37872 39545 
682 7628 10238 11625 16246 21629 22141 31345 40850 40929 41323 
713 4020 6926 11233 12118 12888 37551 
966 2214 5563 6582 39119 39324 
16949 36048 38645 41305 
5157 8794 16616 37385 38722 38723 38737 
5407 7494 19145 23245 
6218 21254 23393 26720 36667 40714 
10286 16647 17212 21765 32112 
1237 4328 9887 15872 27095 37574 40168 
3451 12854 13429 35964 38690 39338 40415 
2213 7087 22549 24050 24735 38626 
65 1122 1607 4669 7550 15042 23954 38176 41118 
880 7790 7947 9223 13735 13894 
424 2309 4371 8129 8248 23821 
2450 6041 22325 39838 40648 
1838 3047 5314 9152 14015 25362 28879 
10087 12945 15798 20200 33445 
22714 23179 24136 38759 39322 
22119 22358 37988 38762 
3127 4200 20839 20985 38475 
9133 11714 34854 38766 
5357 6038 13784 36754 41041 41183 
2798 4928 13844 17950 35665 38626 
14772 25369 36876 38161 
2098 2966 4854 24636 27826 29943 
1547 4974 9137 10604 35597 
7652 13107 32007 33406 36334 37935 39553 
539 1068 4655 4993 7909 
1746 5865 9912 20986 38267 38355 38690 
3510 9913 17123 21002 25804 38944 40924 
13 2184 8792 12505 12540 14745 38117 
3370 5715 9490 17765 36638 
6195 18227 27178 29523 40212 
21 1998 4789 8541 17260 24452 26288 
1884 4778 9425 14678 
1534 6108 18943 26901 33226 38711 
5986 16129 20558 32831 38774 
6625 8640 9468 37947 38776 40245 
2454 12701 13097 13640 27933 38776 
16348 20426 23434 25842 28011 35012 38766 
5062 5318 5658 10395 38773 41515 
1467 2073 3685 3963 9870 21184 38903 39433 
1991 4138 18124 22619 35226 39255 
2204 2205 6083 6982 12214 14344 27310 38791 
17100 18838 22003 22278 30713 33034 
5273 7651 19623 37390 
5575 13245 15133 20094 38795 
5602 15762 24036 33805 37293 38323 39543 
122 566 815 1513 4916 5389 7767 13694 37600 
729 2283 5034 6048 38457 
58 3744 29963 38773 39937 
5575 7076 7310 7495 38795 
1124 1522 1581 7341 7965 18863 
2747 2882 4206 8835 11634 38079 
1539 2061 2826 3980 8501 38751 
2702 2754 2898 3114 10298 13630 37842 40613 
52 6117 8108 12230 13687 19933 37872 39406 
14261 15133 18551 38795 
22711 36262 36378 37772 37773 
1071 1351 1851 3039 11312 38814 
1829 9713 9714 13826 37165 
1093 1293 19695 35251 38807 
136 1139 9750 12470 29138 37713 
3443 3616 11507 13486 21500 
7519 25760 28466 29813 31126 
202 3066 5630 16291 26250 37857 38573 38742 
6422 22847 26939 28740 34596 39537 
1128 1816 1817 6215 15301 19355 
271 6555 9980 34770 39149 41447 
3460 9269 28745 37172 38608 
3685 12834 22057 27043 29614 32812 39433 40088 
1734 6014 8344 9903 37947 38776 
14940 18859 36117 37137 40445 
973 7910 10472 12010 38488 38566 
8295 28258 37721 38204 
348 848 1445 14451 17822 
1948 2610 4114 33084 38858 
2500 2533 3998 6900 12214 38791 39670 
167 4231 7580 15980 38427 
15679 18086 30297 38845 39092 
191 401 574 741 782 5988 25362 
574 1479 2481 4619 5988 25362 
9832 13053 18284 26030 38839 
2890 4636 14299 38487 
1 5625 9171 16519 18650 18655 37047 37983 
986 3756 4737 8754 11283 39152 
144 427 1821 2241 9162 37599 
663 2536 27551 31126 35647 
28651 34379 34811 39471 
223 226 254 1747 4548 8851 33388 
8514 22921 39718 39727 
466 4242 11859 29500 36042 38868 
886 2660 5201 12696 29943 32911 38055 
969 2001 7105 18897 38790 
4386 4387 9886 14915 33062 40406 
3231 36451 38744 38911 
28296 32505 32645 32737 34231 
17686 31277 36890 38915 39163 40749 
4874 7046 9165 19247 19389 29958 
4134 5775 7700 30064 37823 
7808 8226 10038 35012 36336 37237 38766 
27425 31411 31827 35202 38872 
144 427 503 504 40148 
11968 26071 37205 37838 38107 
144 399 427 1765 6579 39788 
1073 7141 11704 38609 38934 39450 
18665 22659 30238 32317 40405 
4111 4300 13867 29614 40088 
2442 3713 9401 17703 38371 
2345 3817 6280 19542 38958 
3403 7164 9025 38393 38942 
3685 3809 15684 35183 38290 39766 
233 20865 23912 25488 30799 31347 40195 40712 41661 
4175 24938 37385 38723 38947 39098 
177 614 814 3919 38856 
14582 15845 27389 36625 38962 
15394 23549 37456 37845 38035 
7428 15959 38946 38953 
196 1413 1648 1933 4044 15238 
451 1815 1958 10070 14618 16658 28879 38459 
4534 6084 14631 18161 30645 40661 
731 6989 20408 39189 
144 427 1440 1727 4374 9869 
4930 8348 9831 36638 37689 
2694 4648 5152 9003 9654 38315 
12839 16235 36625 38491 38962 
3718 15416 21429 30234 34032 34902 
52 3872 6718 10273 12230 19286 37872 39406 
3923 18329 28590 38682 
850 4392 4539 37339 39021 
5157 18895 30691 31614 37385 38947 
17779 28046 35597 37857 37952 
2610 3173 5034 6923 38457 
2717 4797 10664 12337 30173 
2939 4775 10548 12722 31629 
14960 27280 37448 38975 39057 
58 7450 8590 16302 21894 35226 39549 
38977 38978 40834 41044 
6839 29164 29684 37508 38042 
474 969 2001 13675 
22685 32497 38975 38992 38993 
1833 4018 7013 9945 10496 12200 13167 
17212 32112 35115 36353 37773 38782 39457 41023 
6184 7435 29544 31192 32112 33196 
1698 10366 10406 16732 37834 37910 
3841 7451 15841 24293 
2138 2139 2555 4072 15464 
2138 3101 3617 4072 29645 39152 
48 10038 16627 18718 32849 36303 36336 39850 
5570 5827 18904 33847 38204 
1172 1790 6515 8093 19235 38776 
6540 27472 36784 38305 40552 
2784 10451 15340 28193 37534 
48 7050 19889 29267 29695 34350 36303 36817 
144 427 1188 6579 35821 
22664 29582 34956 38481 39001 40618 40912 41149 
15169 16471 30731 33975 37910 
1101 4956 6927 29443 33507 
5760 6538 8503 11706 12938 17419 35376 
14772 32619 36309 38634 39026 
349 1429 3198 6338 6849 7341 13078 30233 40186 
16921 19095 39032 39303 39309 39604 
5333 9112 12224 13065 37666 37812 
1710 5260 5313 8577 37633 
1995 4618 5376 7976 15100 40339 
35282 37507 39036 39154 39219 
3055 11637 12249 33245 39033 39918 
239 4757 14462 24615 31363 
3949 8036 28658 38159 
52 1551 6421 23035 37872 39545 
432 578 5646 8979 9959 39937 
5841 6718 10273 11453 15633 39406 
3949 7374 8036 38338 
11706 20949 33751 35798 37014 38872 
138 870 969 2235 7804 32750 
224 225 756 4290 
5784 6284 21342 39527 
850 1632 3335 4244 12005 39046 
21148 33619 36766 39177 
12327 20266 24167 38351 39062 39610 
3027 3331 11998 15450 18029 29003 38587 
11258 12187 22718 31889 
1444 2002 10366 10707 12408 37834 
7318 33136 38471 39442 40061 
31870 32112 33136 40061 41023 
948 1336 20907 21420 33994 
7120 25695 31096 39081 40265 
5070 21507 31968 39096 39815 
5360 21148 30572 33475 33619 
25364 25793 27645 38618 40119 
737 6342 7153 13907 21378 23789 
3322 3603 4034 12418 36431 38203 39106 
313 1995 5437 6060 40339 
1895 1991 18368 21231 39037 
75 424 1415 4789 8129 15418 39355 
25502 28489 37147 38395 40482 
575 3116 4044 15238 41303 
560 10620 29614 35849 39433 
16 4857 26582 30549 41631 
14999 38975 39057 40178 
191 4705 7296 8632 14704 37834 41372 
2179 4342 10304 16628 17225 31055 
2906 3999 5470 6455 17537 24061 38371 
28587 34249 36298 37147 38395 40482 
595 16688 22706 37964 37968 
1707 1931 6547 9492 33236 35596 
3869 11479 19295 27103 38265 
155 3378 4644 23833 34299 37812 
18905 20109 24222 33298 39132 
1363 1364 1799 1910 9929 39328 
1715 4477 10696 17561 21917 27700 40889 
245 962 4360 8824 9463 
16031 21725 28299 35242 35317 36823 
7022 29243 29690 39036 39154 
1057 1058 2898 4487 24439 36416 40613 
10924 19521 36335 38906 40577 
4102 11811 20826 33529 39149 
4989 5625 5995 20856 37047 
1325 2737 5062 6233 22656 31567 41575 
2373 8892 18767 26815 28262 37431 38682 
3744 4586 8777 36149 38773 
1977 1995 12444 12805 39827 
3535 11968 28027 39162 39180 
1941 3938 5517 11162 22656 35226 37800 
5134 21011 21932 39301 39652 
7214 9218 35228 40296 
2074 3517 10268 22665 25012 39107 
9442 14645 18912 22484 38209 
1589 2102 3571 5459 8866 36612 
196 1648 4342 4919 12887 13078 30809 
774 4657 7717 33318 33694 39161 
7189 15558 25039 29328 
718 7428 7674 12683 37895 38946 
23302 28296 33295 36784 37028 
1673 5504 6166 14343 15477 19928 27006 30792 
3447 24367 39133 39209 39248 
2417 5412 6950 12444 39827 39928 40348 
870 14321 18774 25012 39027 39107 
8807 13774 15552 18132 21645 23206 26364 39772 
285 2883 6710 39166 
11716 17211 18419 33920 39100 
6712 7952 7953 30197 39093 
622 1453 1919 7938 9176 12524 22986 
4483 10734 36829 37132 
347 1927 4394 6058 16862 19593 39107 
4596 29227 29230 38332 40997 
144 400 427 1727 23192 
631 9008 9418 11794 16955 39144 39992 
22085 25460 32392 35839 37736 
300 5517 6692 13810 37800 38640 
7120 21360 23872 39081 40265 
580 875 5224 7910 10494 27454 
2737 7087 9332 27287 30931 39255 
1789 4456 5764 6725 9483 9728 
152 3081 3082 3101 18700 20499 39152 
571 2053 3582 4477 6583 7079 14823 23593 41118 
4477 6583 7176 16606 33483 37711 
15594 27690 29392 33708 33884 39236 
17 2647 4892 13327 25080 
8405 12449 12450 32542 
7358 9018 9106 35886 
4224 5753 6463 12807 
810 3531 6849 10756 12678 25881 36301 
966 5047 6582 7992 32294 39119 
12746 12747 39235 39268 
1325 7450 14536 28041 28740 31567 
412 11441 34902 36509 37797 41405 
23871 27530 32970 33414 
2453 3055 9918 26744 39123 
3675 9261 10397 21142 23890 
621 9418 11259 11794 12442 15400 39144 39992 
621 7938 9008 12524 12659 16955 23604 39144 
766 3684 12510 34695 35597 39281 
4887 18304 22652 26411 38640 
5587 19231 20395 23244 35702 39149 40831 
10359 31296 36303 36335 36922 
1995 2236 4924 6950 20514 21955 
16674 19567 29245 30086 38263 
2463 3140 38848 38921 39290 
148 1534 4247 14599 19706 30493 
1635 7939 10258 12090 39772 
1479 2018 4642 16342 30685 
29044 31784 39267 39299 
647 2432 4886 15648 35597 39433 
11043 11160 36884 40890 40939 
31578 34256 34596 40609 
1884 8764 9960 14678 16227 
564 2749 6470 9173 40195 
4856 16520 22685 38975 39628 
774 1359 2331 19599 39027 39161 40501 
18710 26171 30949 35210 39299 
11317 15537 38344 39298 39302 
91 1532 6710 7602 39166 
3222 16877 38660 39310 
3764 4922 7073 11040 32675 39224 
2080 18419 33920 34275 36883 
3566 4018 7013 7481 9773 
3286 25815 28897 37507 38581 39304 
5341 6740 9332 15827 39255 
136 1139 2708 6432 9750 29138 32112 
5792 14307 24223 24921 38167 
305 306 8024 22915 40524 
9546 23082 37426 39039 
2502 3412 7874 35395 37846 39215 
14231 19126 20587 36876 37940 
3991 19685 26306 35440 41216 
15679 22714 38759 39092 39322 
647 4143 10830 35597 37949 39766 
22489 32628 33631 39321 40868 
2830 5573 10076 17371 38076 
347 757 1567 1927 4280 6058 11945 39107 
810 3531 5445 6849 13197 36301 
11589 16772 26686 35672 39335 
20282 20776 28041 28740 29523 
51 6704 10661 38267 39338 
1217 6935 9724 36641 39251 
1436 3046 13741 17295 26637 
495 5994 6264 11919 31511 34599 39332 
28456 33433 37160 37701 39177 
831 885 5780 5801 7462 7567 20655 39355 41109 
122 856 1513 5389 7767 13694 33292 37600 39033 
1252 2880 5496 5891 20191 
27122 37236 37681 37864 39360 
849 1632 2922 14349 35330 39372 
8778 21101 28030 39273 39495 
4645 8167 20829 32660 39332 
22941 29526 32888 38508 39095 39388 
412 10959 27530 32011 36509 
3899 7768 28658 34821 39301 39652 
925 2453 5017 14796 37416 39123 40707 
590 1119 1120 2725 17514 
528 741 2187 4257 5551 18448 
429 1027 1581 2325 3027 
2187 2320 5551 6169 6310 18704 
52 7279 13050 13727 15633 37872 39603 
122 494 856 1636 9880 25561 37600 
966 5947 6582 7829 21297 39119 
1321 5134 8505 11761 34821 38249 
10291 15739 22665 34599 35391 
3850 4276 10721 14035 31121 35393 38914 
11377 12985 14878 36973 39323 
258 494 701 3463 5551 17454 
7868 23487 30085 39222 
2949 5646 9189 29598 32936 40968 
1303 7618 7765 20131 32613 
172 1638 3457 8650 10249 41208 
647 4886 4974 8971 35597 39433 
3403 7164 13406 28590 38682 
1507 1508 4555 10706 16079 
3767 5153 5993 9302 9563 22921 39332 
8431 9406 11005 14730 17584 
1275 3355 5627 5978 21540 
639 6917 8709 9948 14785 
2934 16382 21934 26276 34469 
202 2308 3066 16022 31670 38573 
2747 3749 4555 11008 17773 
774 9480 17713 27530 28245 39161 
769 3311 13812 31675 37462 39332 
20981 21475 22941 23170 39388 39667 
569 783 1344 3846 12059 13064 16409 
2541 2542 5699 12547 12548 
520 1839 5695 12730 16111 
424 5058 16386 34831 39732 
3076 9169 9580 16286 38467 
3198 6739 6945 10739 13078 
25 1229 2075 2840 38007 39471 
23 1280 1746 1989 29482 38267 38355 
14248 20841 21430 29559 33961 40947 
1118 12238 16386 23760 27376 34095 37857 
477 2738 2820 12547 12587 40168 
3535 13713 39162 39222 40801 
4037 6014 8344 8426 13640 37947 38776 
1500 1707 1821 2187 12573 35544 37599 
3185 7504 9908 12312 24862 38903 
1991 7163 22656 29963 35226 
4305 5842 7950 36557 39183 40554 
97 3507 13161 22193 24867 32562 
4190 7412 25135 39433 39937 
149 27994 30493 32578 37910 
7022 29243 37291 38153 39529 
4591 15459 17657 25080 32478 41369 
3101 3617 4949 14478 25200 39152 
4052 4623 5531 9463 11244 
191 424 8129 9391 21759 27563 40133 
16769 21475 23170 23541 38508 39388 39667 
12728 12857 23367 31963 
172 683 1252 3637 4624 5891 14023 
2878 10729 12248 14056 39166 
432 559 560 1000 23005 39433 39937 
560 30749 37857 38440 41256 
4404 10043 14733 22441 29273 39286 
2523 9406 37132 38081 38849 
942 11839 20223 37132 39027 
2675 7715 12801 21218 21240 37352 37999 
1411 1824 29523 30476 40212 
136 1081 2423 2478 9750 32112 
3012 9176 11609 21197 21710 34684 38385 
195 401 782 20006 21184 39433 
311 4972 6709 22206 
6718 8108 13727 20879 28750 37872 39603 
621 6689 9108 9418 11794 27915 39144 39992 
36344 37273 39595 40084 
2969 14538 25951 39600 
1467 3865 5350 7213 21184 39433 
11403 11922 13929 30600 39356 
2280 2899 7673 12408 24395 35264 37341 
7252 8700 11736 29726 39612 
1097 3216 8119 13658 15371 16666 25931 
848 1445 1695 3147 4362 41383 
1304 13713 21349 39222 39480 39954 
48 1139 3272 29138 36303 36817 
6122 8842 15683 33683 41042 
1695 20082 23573 38223 41383 
2235 4066 17584 22538 
4844 5665 7659 36504 
810 3531 6338 6849 7130 36301 
8 1180 18365 23623 38355 
849 2922 4097 5942 35753 
3593 4369 5412 22630 40348 
1174 7242 35597 35849 39433 
426 4069 5347 6950 9912 13116 38944 
10216 12211 18581 28658 39301 
59 75 157 424 547 8129 12678 31567 
1536 17778 32422 33847 38818 
16341 19099 19100 39257 39599 
3850 4861 11602 17926 24804 38914 
6311 11286 18332 24177 38561 
478 2305 21078 39603 40046 
1212 3723 7938 12524 13297 20417 40311 
11257 20202 22792 31096 36714 
6956 10844 17475 37314 39593 
155 2680 11884 19059 23833 34299 37812 
155 1590 23833 33350 34299 37812 
7677 23887 27806 34414 37848 41213 
4391 8558 11537 13418 40840 
75 424 547 1521 2900 8129 13078 35596 
1532 6710 15015 15121 25625 
2135 12818 38874 41245 
757 1567 3244 5395 11945 15839 39107 
39694 39695 39696 40116 
24 1705 13426 21818 24310 
21356 25352 39697 39972 40293 40298 
1421 7271 15509 21860 39638 40165 
1479 2481 2712 14253 16342 
7348 20484 36398 39126 39672 
14426 15838 22493 34134 37545 
3612 6664 14817 31305 32595 
1459 1460 1651 3080 14345 39203 
3239 25720 26341 39607 39725 
3514 22316 37992 38336 39672 
774 1359 21122 33000 39161 40501 
8642 8643 16122 38019 38443 
948 1338 3260 4837 7327 19355 33994 
12536 22639 30231 36199 39902 
233 695 5209 14346 20865 31347 35118 39801 40712 
2338 4123 4725 5268 11300 
23 1677 1746 7135 15352 34412 38267 40494 
1796 2279 2334 3145 6064 36304 39477 
3576 9128 18284 32809 39697 
3213 27100 31251 36186 41642 
5019 6176 8104 8349 32776 
11403 17306 20050 30600 39356 
1551 6421 6718 7519 39603 
5577 9178 14111 39730 
34414 34514 37924 39835 
573 2309 3491 7315 22656 39758 
1 21297 26454 29711 31929 37983 
573 3395 24317 37466 39758 
2180 4159 5028 8763 
19641 22659 32627 41479 
17453 27309 39478 39763 40048 40345 
300 9131 13810 22656 29963 39758 
4313 7329 7346 10239 39758 
1351 3039 4020 6926 31471 
595 8008 8921 17592 39724 
5643 8248 10740 16162 32760 
297 1612 1907 4219 22068 34121 34821 
405 876 6736 11193 22891 39107 
3210 9377 35944 37328 41341 
3959 3960 16015 22974 
424 12238 16386 27376 39497 39732 
114 595 10823 28821 39724 
6522 10724 11815 35233 37588 39782 
1402 3955 7148 27942 28390 
1249 7189 7866 25039 30229 
4188 4189 9007 28470 
1118 27523 30840 36884 39179 
1871 3674 4429 4834 10159 
8788 14309 35480 35600 38141 39238 
5037 10381 22941 39667 39720 
4069 9912 10629 38944 41200 
4084 10667 31608 32628 40868 
48 7050 29267 35012 36303 36922 
117 5248 11915 22325 28380 
529 3040 6739 9332 23497 
428 1366 1830 6343 36304 39477 
2016 5643 7087 16162 39255 
428 4064 8850 17936 23192 39477 
115 7131 22070 41101 41414 
3531 6849 8831 10756 19706 22751 
561 880 2478 2577 7790 29994 33794 
216 440 1157 2507 9486 18031 40461 
602 644 713 2187 4289 8913 
1208 6583 11575 13391 41074 
2570 15683 20232 30861 39850 
2897 20043 35131 35981 39606 
983 1139 2708 6432 21738 29138 29857 
494 1442 5982 9486 9732 22478 
2566 11390 20121 38792 40261 41409 
1167 1168 1196 2343 2659 
6421 6718 19222 37498 37872 38515 
420 4858 5659 11685 22981 31101 
938 2057 6093 9734 14958 39827 
4916 8293 23629 37042 
424 4225 7261 9490 39732 
2613 14771 29294 35497 35939 
840 2062 4924 6950 15879 36176 
478 20015 27143 33226 39406 
691 1122 4477 8813 24253 38176 39822 
246 701 4382 6597 8335 20734 34252 
757 1567 3374 4912 8417 17411 39107 
1377 1679 3538 12475 24484 39337 
1648 5847 7341 13078 25881 37834 
5875 6098 9049 37200 39878 
3023 9734 32670 39827 39928 
2994 8501 18577 34395 39827 39928 
810 3522 10366 16212 29883 37834 
5270 14360 19101 28954 38423 39776 
1663 29568 36029 39888 
2154 19225 28812 29901 30070 
2223 2249 23577 30154 37997 
117 3986 6041 11915 22325 
880 1479 3825 7790 7947 40009 
339 7048 9128 35218 39697 
3538 26720 33479 38937 
30154 33415 33432 35294 37884 
202 972 3066 5630 10604 16291 38573 38742 
771 9765 18068 36687 38179 40712 
251 2098 8628 9729 36199 39902 40939 
1063 6061 11160 39902 40671 40939 
2213 7450 11023 22000 24050 35647 
1357 1358 8524 8834 38675 
95 357 451 16658 24636 33115 
2115 24612 29106 38240 39507 
213 333 3648 13358 16488 31836 40565 
4928 7254 11023 13844 
2455 7682 13593 16430 39557 
12536 16216 30231 39902 40256 
1 14421 18168 21297 37065 40479 
8187 13694 36364 39286 39861 
2463 4906 5217 8451 38408 
774 27530 32011 32970 39161 
10038 21977 29652 36336 37428 38766 
2179 4342 5375 5551 10471 17225 
2352 3826 12629 21141 23992 
3160 5881 6551 7322 10270 41491 
1990 2149 9143 35596 40364 
829 8501 11967 39928 40348 
1488 19913 39936 40112 40751 41214 
6726 17727 21128 38128 
11017 25288 38001 39132 41089 
529 6403 9026 9332 36149 
1907 11141 14374 21307 32726 34121 
473 1319 7804 8179 18348 
35693 37988 39982 40177 40215 40400 
2406 16147 28069 32859 40246 41584 
1804 1805 3671 15730 39393 
28258 32422 33847 39027 
4181 12391 18974 20269 38668 39957 
6538 12938 31827 35202 36145 
4483 15416 34902 39027 
6410 13674 33189 35269 36235 38273 
2458 3039 4020 4021 6926 
2474 5044 7736 19206 36161 38459 
17121 33091 39347 41523 
960 2994 5347 6950 34395 38360 39827 
26535 39850 40690 41171 
1913 8711 12065 25555 33146 35131 
4942 14713 20531 38482 39787 
3538 4135 4391 5975 24484 39337 
446 647 4886 29614 35597 39433 
7911 8910 14020 16388 41170 
987 1806 4614 17536 29845 37947 38500 
13956 14472 27106 33245 39033 39918 
136 2423 9750 18718 30847 32753 39850 
774 2331 6594 10564 14192 39027 39161 
20675 33926 36188 38165 41454 
75 424 2900 8129 9026 13078 16673 
1421 4365 6573 12124 21342 24179 39988 
33640 33641 33656 40035 
6744 8023 8473 38487 40009 
9497 17661 36166 39202 
3374 6429 16891 19219 28258 39107 
1677 13107 20826 23650 37935 
97 32562 35490 40022 
5994 29364 34599 37983 39926 40726 
1467 2559 10620 16758 30618 39433 
29131 31413 39179 39581 
2055 12233 35223 40011 40300 
1304 1644 3089 3304 23757 39954 
424 560 3773 16895 39732 
679 3560 6546 12674 33716 39790 
2169 3797 10609 27187 30790 39812 
578 2187 8979 10831 13035 27544 39937 
578 3464 10304 11023 38479 39937 
25680 31323 34008 36981 
96 3216 9228 13359 19351 
321 10360 16870 30960 39392 
757 1567 9728 9887 9960 11945 39107 
1209 7374 12170 16870 34821 39392 
3151 5444 8105 15442 15875 
58 11309 35665 38773 39937 
871 25658 27319 29237 40056 
5779 7427 7556 16018 29484 40070 41279 
1325 6233 6739 9332 11009 31567 39549 
539 1044 1199 4960 
2442 3712 3713 5727 7018 39574 
402 1652 3442 4655 5054 13176 16022 
4164 4980 7954 8688 20830 
4694 6028 16921 26304 
2381 3779 10014 14003 15244 
12399 16737 37838 39222 40626 
8272 19535 37155 38165 39860 
500 829 9734 36504 39827 39928 
2080 11716 33920 34604 39100 
3299 9170 9395 11743 20616 31347 38257 
5792 26606 29267 38167 40142 
26606 28942 29267 33175 40143 
578 919 1425 5551 11559 39937 
560 574 1479 2018 9811 
741 782 2187 39433 39937 
1188 1365 1796 1944 35821 
1790 1806 6014 8344 19235 37947 38776 
85 1425 2187 5551 18704 
1500 1636 2624 9026 10739 13078 
3581 15999 18956 25969 39142 
2442 5727 33739 39574 40155 41513 
769 8167 27330 37462 39858 
11107 11848 14960 38970 38975 
3630 7565 13292 13323 15688 30461 38805 
1643 2484 6465 23207 25290 
6373 9151 10344 10988 39906 40153 
85 4688 5117 7441 9189 20839 
3910 9616 19368 21342 24459 38527 39988 
1321 4950 4951 6956 7549 11761 
1714 3449 34825 39183 39670 
5754 27530 30718 31652 32197 32970 36509 
402 539 1652 4655 6546 39937 
800 7466 8248 23821 40186 
9174 11210 14938 36831 37918 
10205 10533 18614 38116 40273 
1308 3302 11117 36049 39254 39392 
4913 5915 10224 20892 
7465 9051 11025 16131 18852 
75 424 6911 7042 8129 13810 31165 
1430 1431 2913 12957 18593 
1788 6040 6795 7203 11586 
1411 2383 6344 24050 29523 40212 
1824 2326 4537 6344 24050 40212 
6166 9867 12645 27006 35446 35911 36086 
3538 17884 23393 34538 40714 
10009 18881 29171 32413 39903 
1475 1476 7214 25395 39612 
246 3043 8492 10665 20734 23418 40095 
13418 23393 34538 36667 40714 
17192 19351 30068 33802 40232 
23886 30939 38594 40235 41159 
12 52 11008 15299 15304 39119 
479 6718 11453 37498 39603 
5431 17212 38540 40017 40117 
2187 4688 5646 9190 10960 37886 39903 
4494 7607 7954 40245 40248 
1480 1811 8237 10966 23875 39355 
18984 24510 26667 40063 
7450 8590 9048 29523 39549 
1792 7268 28844 33149 
5504 6166 14429 14883 27006 27523 
1 3311 13812 21297 23151 24056 37983 
1409 2057 3362 3859 9734 39827 
2286 22931 34616 36130 40153 
647 4886 12511 19352 28384 35597 39433 
29 6567 6568 22552 40851 
1055 20121 21070 40261 41785 
17494 28791 39334 39647 
42 48 8962 11856 36303 39392 
578 1367 8979 10584 16500 39937 
1367 4545 7217 17682 35993 
6515 9467 9468 19235 40245 
1424 3756 7440 7577 8754 18599 25620 
3910 4365 4637 9565 21342 24179 39988 
2503 3675 4211 16524 29536 
3530 5497 21894 28740 35283 
3581 6988 11979 25264 39142 
3220 13286 39983 40295 40950 41622 
5622 20197 20698 33449 40246 41584 
14085 15361 21750 22214 41434 
4909 13764 24662 39250 39872 41503 
3292 34402 39313 39742 
360 938 3037 4844 14747 36504 38690 
783 1502 1560 5094 38883 
18859 34177 39625 39830 
9126 34215 34605 36586 38137 
9134 9286 9456 24304 26558 27959 40296 
14085 15361 17909 30138 39514 41434 
2898 4341 4487 7979 13794 20499 36416 40613 
3526 40273 40343 41602 
2913 2919 16343 23161 40424 
502 1411 9332 28337 29523 40212 
1215 1216 4592 5178 5384 6356 9485 
1569 8319 24098 29509 31404 39675 40239 
10671 23984 25099 33791 37245 
2790 5901 22500 37828 41312 
913 1522 7042 10475 40186 
4433 16442 17092 26135 40148 
412 32584 34098 36509 37797 41032 
602 3148 3530 5986 8913 11246 40186 
424 16895 38742 39497 39732 
384 7346 9131 9332 24611 39758 
12618 26772 39550 40374 
1635 1646 10804 12090 39772 
806 2901 3343 4993 5651 12674 
4270 22500 36754 39192 41041 
1 317 21891 37146 37983 40479 
625 5693 6259 7295 37748 40461 
4373 10988 15461 22931 39906 40153 
313 922 2311 7976 27538 40339 
24814 31608 39647 40111 40249 
9098 11533 33990 40397 
5249 11424 11771 12490 34255 
14244 23165 23184 39149 41113 
15732 21595 22378 29501 39436 40362 
11807 28398 40405 40771 
4292 5622 27101 40246 41346 
2563 7656 17814 29032 38020 
179 2949 8627 20826 25156 37935 
16780 16781 22951 40426 40476 
5881 6551 7322 11136 41491 41494 
50 1746 17381 24258 38355 40415 
6826 13473 17769 21909 40362 
212 6987 21070 39819 
412 1823 5207 31070 36509 41405 
2430 16252 32444 37330 
5356 12929 29719 40438 
1325 6170 24611 31567 31984 32831 38640 
1336 2615 10971 32359 40345 
560 647 3064 3471 5630 6794 35597 
6203 12883 18137 27835 30646 40871 
3809 4111 4300 8971 12312 38903 
1259 1716 2738 2820 6522 8515 39782 
10359 15976 18141 23860 34683 39850 
1702 8757 20192 28046 35597 37857 
3586 5444 15442 15875 22033 
1051 1052 6564 40186 
279 918 1239 7908 22619 31567 39937 
5694 36335 36340 36817 
5331 8807 15552 16596 21645 39772 
1612 1907 2588 6323 34121 34821 39392 
1705 8548 8682 11922 28811 
3723 6022 6115 7047 40311 
1864 2572 3507 5731 8762 40583 
559 560 4886 6794 10708 39433 
3899 9141 21840 25455 
4066 4399 6892 28344 40015 
5286 7295 12590 13069 40461 
1 12101 15895 37983 40479 
9734 10176 12444 15105 39827 
30 5443 8498 13402 22435 27161 38849 
8365 22516 27428 40056 
28 3227 5286 5326 5693 40461 
216 574 1442 2463 6889 9486 
1359 22037 23028 31217 33425 36956 38721 40501 
2387 6701 10114 40115 40373 
11430 29544 32112 36274 36682 39672 
1357 1358 10924 20962 36335 
8272 10971 26772 30533 36741 37906 39860 
5984 12312 18630 21103 24897 38903 
6176 11726 13336 15465 32776 
544 2022 3139 4611 9120 32220 
3809 3963 8312 12312 26330 38903 
13406 13435 20625 37307 38682 39095 40469 
3248 11071 37894 39830 
439 2326 7460 9332 14810 40212 
1359 26512 28451 28591 31217 38721 40501 
755 1264 1606 1894 2792 6714 20737 37943 
442 831 4376 7567 7616 20655 39355 
8272 8643 26772 30533 32996 39860 
1829 6203 12883 25064 38326 40242 40871 
1590 5577 31601 33350 40163 
855 1061 5542 7569 7753 12583 
539 988 4655 12042 
578 3532 8979 28972 29653 39937 
10372 14639 21002 24487 40494 
785 1513 1714 2318 8110 10027 23263 
8672 16398 18851 38351 39201 
7666 7804 28253 32859 38588 
11687 16470 23213 37417 40539 
1297 1424 3719 7440 7577 9391 
1180 4391 13418 23393 40714 
287 11153 12854 38690 40415 
2169 2420 3415 18882 36681 36740 39812 
71 10580 27309 32359 40345 
1 952 7623 17183 27550 37300 40479 
2326 6344 9332 24050 24611 40212 
346 2313 7373 26646 37812 40516 
48 8962 10359 22561 36303 39392 
4879 6276 15008 35771 
3478 3479 7161 8776 13498 19370 
85 118 4990 7412 34259 
16301 19159 40612 40948 
983 1297 2898 4964 8876 21317 40613 41093 
172 4010 4611 4624 17854 32220 
8949 11459 30127 38944 40076 
14318 27443 28476 28854 37845 
1352 5751 11704 11828 11872 39450 
1977 1995 2994 7173 34395 39827 
348 2315 8433 11008 11374 17773 
374 1936 4342 5527 10471 30047 
9661 10056 22441 29273 39286 39861 
1110 3053 4059 5074 5980 30627 39299 
1216 4346 10201 13490 40615 
25 2075 2897 18043 40633 40722 
983 2898 4085 5642 7693 40613 
602 1091 1447 3148 3562 8913 21120 
17016 23819 25249 40416 
2559 14998 20850 27593 41216 
1941 3199 7221 11046 37100 37800 
574 1436 1838 4619 4620 4643 11730 25362 
2623 6865 7046 19389 34784 
58 13810 15824 22618 37800 
10084 14613 33578 37332 40674 
2098 12806 22776 25156 27498 39902 40671 
406 2898 4341 4487 20826 36416 40613 
1313 1993 2203 2859 2898 40613 
75 424 547 735 8129 31567 35596 
5443 8146 8498 14631 18161 40658 40661 
2750 6344 9040 23835 24050 40212 
3143 6454 8023 8241 9223 21198 40009 
864 1297 2898 3719 4341 40613 41093 
7191 18538 23121 39992 41086 
349 1385 6564 16471 40186 
7705 15845 34886 41082 41204 
1091 1435 2187 7341 9182 9490 27663 
168 195 401 782 14543 18396 40613 
59 578 5341 8979 22636 39937 
179 2567 11159 25156 40671 40890 
2058 4075 9960 12493 16771 25153 
602 1447 3148 4342 8913 13207 21120 
10719 13796 19309 26882 38742 
5243 5244 8079 11109 12520 18422 
9901 36282 40486 41271 
195 401 782 2858 2879 14543 30320 40613 
14393 16755 25268 38097 38644 
115 595 4396 11031 37968 39724 
22639 30231 33052 40880 
6457 16018 21379 26673 29484 36610 40070 
1325 6739 9941 14536 22636 31567 
3168 7252 8376 9218 35228 40654 
819 1297 2077 2898 4341 16656 40613 41093 
34 1260 1549 1874 10888 15872 37574 
175 7492 10799 36593 40554 
3769 6455 7753 11927 39117 
2132 3850 11203 11213 11602 38914 
414 1778 2898 4487 6307 15174 36416 40613 
12 2929 15299 16425 18900 34673 
774 15853 28258 30174 38204 39161 
1551 6421 7519 28466 38711 
2077 2898 4341 16656 20826 21088 40613 
1534 2949 4247 7128 10019 14599 30438 
18092 20236 28878 32163 37187 40769 
1124 2187 6331 6338 7341 18704 18863 
1177 2187 4465 27563 37834 40186 
1325 5042 6233 7450 11535 31567 32014 
237 2224 10402 19248 20266 38351 39610 
8831 18258 19706 20165 22751 
851 10332 12242 12313 13320 
4972 12024 14585 15304 18688 
710 3244 21166 21801 36173 
3380 4072 6086 6209 34705 
136 1651 3974 9750 25520 27255 32112 39203 
3097 3617 4072 6639 9900 39152 
406 4108 5587 20395 20826 23165 39149 40831 
7063 13147 13333 24992 
2187 3522 6331 6338 7463 14042 41261 
5190 6610 8260 8560 31485 
168 2702 10298 18396 37842 
4968 7252 20667 21670 30701 37016 39750 
774 5754 32777 32970 39161 
578 725 7225 10304 32289 39937 
415 2500 2533 3998 8983 25009 38791 39670 
1749 8177 8992 18952 32959 38632 39459 
1992 4102 5587 14095 20395 39149 40831 
2427 4432 6315 14129 14400 
333 602 6926 9178 12888 37551 
1522 6762 9391 27563 38982 40186 
11716 15650 21702 33920 37835 39100 
7016 11537 19958 39866 40840 
138 870 2235 5687 16147 40311 
4397 9332 15827 40609 41101 
9912 12272 18145 19225 29901 38267 
6591 7181 15906 18171 40867 
432 559 560 3963 7504 14305 23005 38903 
771 19634 30819 32669 40195 40712 
3054 4575 23757 31112 40625 40626 40905 
3635 8242 30779 35205 40405 
438 1407 2113 6747 40049 
3739 12883 24988 34032 40871 41632 
6203 11468 12883 22033 32599 40871 
21658 22152 25930 32186 40898 
3341 9558 14247 33891 35739 40674 
3635 9765 27039 30779 40712 
5179 19271 40405 40771 41479 
1372 6117 8108 9996 39649 
31 32 399 1254 1975 6144 
12101 20856 20897 38946 
1115 4835 13818 18328 35911 
11043 11160 14648 20810 40942 
1968 6203 12883 25064 34776 38326 40871 
1847 1848 2940 7304 14176 
349 1240 5497 6338 
774 2331 4483 5803 34902 35862 39161 
149 2624 5577 22751 32729 
31397 31827 34478 35202 37014 38872 
3531 6849 20352 22158 22874 40186 
2098 2567 27957 39902 40890 40939 
110 680 18471 30825 35890 
1143 11160 20810 40890 
1849 1850 3775 7754 16694 40851 
966 6582 13146 20021 32379 39119 
191 424 547 8129 10678 21759 35596 
7652 13107 15616 36334 37935 38277 39961 
2062 8977 18597 26180 40934 40961 
477 6068 8381 9728 9887 12587 13118 40168 
414 2898 4341 6307 13384 16230 34770 40613 
9154 10108 12090 12658 33930 38114 
477 1237 9887 21923 29550 37574 40168 
175 6217 20469 27239 40554 
16688 19798 37968 40735 41126 
9347 11596 18043 30217 40633 40722 
1006 2187 6762 7225 18704 40186 
136 2423 9750 27188 32748 36817 
269 2420 6474 8804 36740 38497 39812 
5101 6316 10060 24895 26558 32642 
34425 40594 40656 40996 
48 1907 14926 32849 34121 36303 36336 
473 8179 11457 12159 13244 
179 8627 11159 22639 25156 30231 35123 40890 
1434 6885 19767 19768 38374 40118 40869 
9823 19702 26175 33387 35183 
1660 3915 6980 12250 16087 
6522 7538 10912 37588 39323 39782 
406 3101 3617 20826 27933 39152 
300 9941 12098 13810 31165 36149 
924 1688 2098 15138 27826 29943 
2703 3612 6093 6664 8738 
28296 30542 33295 34231 37028 
526 21070 38792 40261 
8802 13418 15412 29694 40840 
1749 5648 12240 12485 37685 38632 40567 
6050 7150 14709 18951 39585 
3804 11531 32595 41014 
6304 9441 14940 24555 36117 37811 40445 
3927 4961 6679 11685 33885 34599 39552 
8311 8691 26723 36623 38181 38810 
6740 7418 9921 22619 39255 40073 
17124 17125 28740 37795 37802 
3354 3505 3924 28034 29610 
264 265 25062 25281 41056 
75 810 2624 8913 12678 13078 25881 36301 
4252 14582 22535 26020 28692 41082 
369 4905 6205 14717 38497 41412 
1585 10267 28911 32112 35795 38019 
5345 18987 19451 41082 
35489 38481 39001 40205 40275 
4280 4281 6058 15779 21803 
27122 35489 38979 39001 41100 
452 1000 7577 12408 32511 39937 
4281 31956 39090 39725 40977 
1099 4555 4591 6004 40923 
5997 12839 27964 34886 38491 41616 
1642 3311 13812 21297 31675 37065 38695 
6115 7337 7804 8431 11608 40311 
2694 7963 10492 12839 19657 20160 38315 
571 1122 4043 6780 7079 15042 23954 38176 41118 
3612 6664 19250 40934 40961 
1424 7440 7577 12049 32511 39766 
2898 4341 4487 25357 25725 36416 39079 40613 
5997 15311 16235 38491 41082 
1180 1978 7807 13418 
570 11788 15042 23593 23954 38176 41118 
1391 7538 7627 10912 23774 37935 39323 
1325 3846 6233 9026 13078 31567 
13406 18329 30541 32896 38682 
6184 28306 39494 41041 
6884 8649 19533 24564 39860 40427 
1154 4573 7738 17657 39406 41491 
1651 12470 14345 15976 23860 39203 
5582 15830 24276 29364 37065 
1212 6989 7938 12524 14545 39189 
571 3964 6207 14585 17347 33450 41118 
1290 9661 39286 39750 39861 
48 136 9750 15087 18718 36303 36817 
1992 2122 3998 4072 4102 6639 
2713 3245 4280 6058 18317 36367 
1 14421 31929 37983 40479 
713 2320 3148 8913 10738 12118 
8375 10649 11879 36504 38750 
48 8962 13527 14314 36303 37567 39392 
364 365 11365 39550 
571 1122 8378 14881 15042 23954 38176 41118 
602 3148 7042 8913 9178 40186 
385 785 6292 12125 32542 
174 3297 6929 8866 10065 36612 
749 1948 6274 33084 38858 
138 968 3218 3219 12235 
2675 9616 20701 21342 21622 37999 
7911 16388 17004 36677 41170 
234 451 1024 1764 16658 21994 31434 
95 357 1881 5146 5651 6327 8320 11705 
453 2737 7087 18359 30931 31165 31567 
1409 3859 4069 38944 41200 
1549 7940 12845 18607 37574 38752 
42 9133 14173 28658 39301 
1260 1549 1629 2086 15872 33769 37574 39422 
10559 12839 14055 18894 28251 
3787 7643 10985 29373 
391 6937 17778 22417 28405 30162 32104 
75 424 2900 6234 8129 13078 17128 41109 
16950 34090 36048 40106 
3632 5273 20021 37300 37390 
477 6068 8433 8480 11374 19578 40168 
5880 9332 13284 22222 31012 39605 
399 799 1366 2040 5071 
644 3148 4289 7229 8913 29653 
1971 11709 12374 15855 17128 41109 
1150 25538 26535 31418 41171 
10511 31947 35649 35853 36577 41047 
391 7137 17778 31770 38818 40851 
349 3522 5955 7463 19519 41261 
173 982 5102 6948 35479 
16950 34548 36048 41024 41305 
700 2346 3457 4440 8650 10249 14008 
1221 4061 6791 21070 38792 
1359 21341 28591 30718 31217 38721 40501 
1941 9026 24611 36149 41515 
464 7569 12583 16979 19469 29368 
1 5582 12864 15691 17358 37065 37983 
1098 3137 5195 5588 9977 38868 
15623 22136 24485 25232 
774 2022 2178 3457 4440 8650 10249 
105 216 6853 12688 23445 31908 32955 39919 
338 340 5864 12854 38690 40415 
3850 11602 18380 22028 32886 38914 
8068 23871 31652 33344 37082 
348 566 812 11008 15872 37574 
4166 36398 38574 39672 39952 
10508 13837 28601 40546 
15552 16430 18132 37907 40170 
5347 8932 11886 18594 22630 41200 
155 1091 1429 1487 4289 8913 
7035 30142 33914 38604 41082 
9134 28371 33718 38976 40572 
6739 7874 17125 20456 39215 40359 
1359 5248 23778 31217 38721 40501 
6269 21938 39595 41024 41305 
21766 39853 40246 41346 41708 
7683 27977 30445 41340 
21 1811 6997 9191 23875 39355 
4877 5414 18941 19563 20186 
6712 7953 18165 39093 40815 
448 7250 9546 29880 40746 
348 4306 8097 10375 11008 37235 
870 10299 12883 19653 21341 39027 40871 
1851 2480 3039 4021 11312 38814 
75 424 2900 8129 12678 13078 35668 40186 
62 3484 5484 5947 7829 41408 
3490 9094 14717 35375 37817 41412 
7245 14477 25080 28376 41369 
5629 6455 12839 18987 39117 
578 843 1568 2187 19469 39937 
573 3395 5401 7908 37466 37566 39937 
11514 14893 28613 41441 41550 
16769 22941 23311 24351 32888 38508 39667 
3979 8750 26591 27407 
10756 10916 22751 36137 
52 13050 13687 15633 25179 31880 37872 38711 
5249 7282 26792 30703 
16626 25106 29857 40997 
23463 31591 36640 39903 40942 
1838 4619 9130 20007 24317 25362 
412 943 5754 27947 36509 
3276 8148 12126 35953 40753 
808 3710 14407 14747 18597 36504 38690 
2497 22705 40606 40631 
95 357 649 2660 24636 26220 38055 
5948 7131 38288 40609 41414 
313 1995 2236 6950 16756 40339 
7504 12176 12312 20192 37958 38903 
969 2001 7209 16147 31405 34435 41389 
1421 2550 2553 12734 17745 21342 
4175 8403 28564 30691 38155 38834 
17038 17189 21527 23851 35973 41340 
3147 6441 16044 18962 26007 41383 
12365 14114 14938 14940 36117 37918 40445 
155 2898 4487 19054 36416 37812 40613 
2603 5333 7840 9112 30945 
1975 4560 6255 16022 16082 31670 41143 
12 52 812 10795 11008 15299 37574 
10171 13527 27862 37567 38052 39392 
1621 1622 8013 13712 26118 30517 
865 7032 14206 32831 40726 40850 
451 2475 8675 11534 16658 24299 
10983 11517 11984 16225 19240 
2777 8080 11143 41083 41633 
20526 20527 34635 38057 41497 
1569 9702 21231 25944 39796 40239 
2253 2537 10203 13818 18328 
4316 5353 5386 21836 
602 3148 5577 8913 9178 37910 
2235 5687 7804 39677 40311 
5622 8500 15500 24410 26204 
242 1338 3176 3260 7327 19355 40889 
5016 8417 17411 41130 
14393 16755 20841 38644 40947 
3066 5537 34831 37857 38573 
18313 23495 41466 41686 
1694 11514 32910 41441 41550 
99 2075 13768 18709 21917 40889 
4950 4951 11435 28898 29558 
6739 9026 9332 10739 13078 
871 1359 22037 23028 30955 34187 36956 40501 
422 663 2536 2849 4590 38117 
832 980 3563 12092 26454 40871 
233 333 464 6722 29368 31836 40565 
232 4385 25488 26504 41637 
287 6704 8100 16378 32433 38690 
16588 28724 40559 41015 
477 1237 2650 11984 37235 40168 
160 3742 4206 4710 25837 41506 
4270 10124 22977 36754 37175 41183 
202 3066 3153 34695 34831 38573 
3176 3177 9697 10751 41506 
9986 35158 39724 41126 
23891 33796 39574 41513 
733 8687 10425 17044 33932 
5157 8794 18895 19738 27217 30691 30968 37385 
1027 2624 7569 9771 13078 19469 
349 572 1274 2548 2630 
9430 11521 15004 40607 
8061 16966 25138 27633 
942 9480 16127 41516 
888 26060 35614 41631 
979 3564 3739 19013 41632 
3739 8204 20964 38326 41632 
367 16478 19244 33123 35773 37947 
3259 14833 18827 39515 
144 399 427 1366 2040 37599 
1941 9921 10239 22619 24611 41515 
2442 15385 21720 33739 33796 41513 
536 1897 3073 6886 15340 28193 37280 
183 10511 12367 12668 37717 
7137 9394 23346 33408 40851 41503 
1998 3809 12834 14305 26288 35183 38903 
12 2288 2981 9438 15299 
62 5484 13146 40000 40657 
1535 29240 37005 41702 
179 8627 11159 25156 30231 35123 40880 41694 
573 2796 4536 9383 9878 39758 
15742 23208 28577 41724 
464 3632 11127 29368 37300 37390 
1260 1549 10220 11431 15872 16497 37574 
247 2205 2730 6083 34299 
4335 10576 10577 21510 
2750 9040 15827 23835 39549 
1285 2181 8270 38335 
7254 10406 15753 25881 
23144 35680 36354 39776 
5497 10471 11677 14386 27184 
122 856 3929 6546 12674 37600 
888 11421 41631 41672 
5728 10726 25625 33856 37685 
11116 17003 25192 28812 
914 5071 10366 16471 33975 37834 
3156 3797 12181 30589 39812 
979 3739 21122 41188 41632 
519 788 33181 38528 41303 
242 1715 3240 10566 16258 27700 40889 
477 1260 1445 2650 4328 15872 40168 
3564 3739 32994 38326 41632 
1146 2206 38227 
1616 9102 9486 
14712 20612 37633 
9318 11576 18763 
12948 21199 35943 
13363 19603 39576 
4291 5379 11936 
5940 5941 12052 
13896 23473 29055 
9 296 11422 
813 3714 12245 
1195 20911 30835 
742 22645 30086 
26127 27470 28733 
5492 7285 26245 
5073 5515 11932 
3349 18720 20160 
981 12989 13929 
6529 16368 29703 
11429 29130 39356 
1878 6066 29293 
14266 19566 41113 
283 7287 39166 
8653 9317 40415 
4979 29305 31046 
11055 12567 41170 
970 5904 16731 
113 324 1477 
14582 19751 37749 
7661 18681 36753 
20261 30670 40746 
32399 32400 37804 
719 8532 30228 
8017 12523 13712 
3191 5609 37810 
751 1576 38814 
23307 27886 36650 
2161 13561 39436 
23441 24602 37821 
36018 37822 39823 
230 6258 12181 
25527 34310 38008 
25344 29569 40961 
24895 30376 34950 
4940 25797 37836 
290 25175 37832 
576 1922 4771 
7045 23943 29856 
12017 32824 36841 
8094 10162 26936 
21492 33041 37884 
33484 37631 38450 
7174 11796 38910 
714 14093 21994 
11401 37843 40864 
6427 25213 32199 
12503 12576 36268 
6099 15675 36790 
7572 13505 15617 
10866 19970 39754 
1691 32796 36257 
12409 34497 39516 
37862 37863 40869 
4340 4962 41054 
672 5143 39263 
12635 16655 19048 
9213 30358 38970 
6029 11206 15298 
5453 5821 18312 
6698 8937 9873 
5551 7620 20155 
2363 20412 39839 
474 16105 37814 
5113 33061 36779 
3702 8537 39812 
24523 31755 35372 
24139 24622 39217 
28733 34432 37887 
13634 33972 41706 
15617 16662 23626 
17697 35186 37896 
1560 1603 8358 
16615 25457 31054 
4803 10079 37904 
10413 16162 33813 
877 12627 14514 
909 8634 14023 
6230 16391 36886 
10282 29579 37609 
6580 30435 35210 
5427 26928 29667 
5 6571 37898 
11797 14130 15962 
2325 4137 7665 
2705 32851 37276 
1468 16441 18527 
247 2025 2833 
9023 13798 27067 
2065 8057 19044 
23643 36900 37442 
4398 9952 32118 
2539 4929 16658 
3761 19992 38903 
969 20503 35394 
27260 28239 32472 
11087 21102 41250 
319 7616 28142 
4217 8797 18473 
31297 32707 38162 
6487 8461 27610 
6893 9509 10564 
31384 35934 41471 
673 11985 33726 
16087 17076 37787 
17179 27854 39543 
14912 15359 15561 
4591 14884 19989 
131 3197 20868 
7278 14188 29180 
28314 37984 38998 
35913 37946 40087 
5239 5240 8049 
492 957 33604 
16274 19833 37980 
10230 34617 37511 
1800 1937 37938 
23351 23355 37995 
4973 15211 20912 
7001 9223 24739 
24254 24913 40231 
10218 30772 32544 
10275 11181 17214 
23533 36053 36972 
3131 7320 15849 
28783 37731 38009 
2422 10005 23621 
13624 16112 38275 
21698 25234 38014 
9109 29714 33371 
3669 10601 37600 
20960 29730 39350 
4502 33296 38025 
29942 38030 38214 
21665 27122 31459 
10021 23123 39462 
14301 37373 38760 
9055 11516 35665 
8249 38059 39175 
8742 16403 39248 
5303 5998 5999 
4514 8065 19049 
8512 16101 37918 
510 1910 9364 
6280 7574 38012 
991 992 4152 
280 7212 8437 
29061 32303 34586 
1053 19199 36129 
33294 34604 38092 
18543 33393 39226 
9997 23249 38095 
22440 36447 39328 
221 31943 38065 
3896 29002 30956 
36912 37457 38096 
3788 6659 18748 
162 16842 28707 
12003 19026 25039 
3399 7741 38113 
3216 7233 29409 
2463 34468 37262 
34022 35477 37529 
4378 13982 37538 
3391 5453 11261 
3803 5944 9422 
6376 35073 38381 
38121 38122 38614 
16977 22249 38704 
1617 4969 8739 
32342 34920 36325 
15277 30327 37600 
3971 10488 21846 
1889 9667 10984 
1247 7703 38142 
237 238 3078 
53 9950 20168 
5322 8697 20994 
17851 22131 22298 
3049 3050 11903 
3737 9330 16636 
1443 24472 39152 
873 18155 30899 
4653 13763 17504 
32746 33536 35280 
7004 19799 41515 
6942 30698 37719 
10666 33875 34416 
19537 19827 40978 
29363 33704 41251 
4713 33098 36416 
14 3690 33933 
860 34575 38511 
1733 14758 37339 
9326 18045 37828 
15213 31245 32348 
1242 2353 5674 
5718 18249 36867 
12578 34199 36808 
19006 32780 36455 
22403 37279 38323 
302 17402 39782 
717 934 19604 
1356 32091 38342 
2163 16012 38312 
2927 37161 37268 
4198 5664 8456 
28271 37082 37961 
4475 4476 37917 
4064 14302 14701 
12392 14626 31433 
1962 17272 18666 
14976 38250 39279 
8855 16171 32111 
24145 37261 38343 
3381 9794 23120 
3356 11653 17576 
24236 33386 40033 
34380 38285 41684 
7765 16354 31991 
13955 14800 36029 
20254 23433 33059 
34331 34465 40375 
4954 6175 24160 
2442 6449 7641 
6495 36153 38004 
28796 37290 38876 
10253 28522 37888 
4783 18436 38263 
5924 14778 16153 
37 8188 14389 
14471 18997 38313 
38317 38318 38531 
2982 9053 36201 
16264 21783 22850 
1176 9853 24479 
5868 27479 37385 
2152 2153 7562 
15621 30030 34896 
27268 28606 30808 
15495 19494 38341 
893 5007 38228 
4768 11633 35382 
3709 8964 23844 
7625 15012 37748 
2197 6045 32381 
24616 36071 38356 
15092 29138 38196 
9546 9744 37454 
2770 7734 25954 
19686 22298 28018 
7843 9363 41200 
12597 12598 32894 
166 13790 28392 
7898 10868 39328 
34527 34905 40437 
14590 20661 26015 
8326 22880 40712 
3899 33660 37705 
1075 17229 23978 
435 1029 20376 
334 7363 9244 
13283 15315 20387 
54 2278 6193 
5496 16846 35078 
1694 8954 38345 
2763 12996 41188 
8747 19331 38182 
3498 26846 38409 
1604 5666 6152 
19253 20492 39789 
2170 10416 28028 
5807 7114 8572 
23240 33420 38142 
26295 37686 38472 
27401 27575 38394 
23951 34178 34544 
6681 16146 38275 
3084 18384 19164 
14476 19569 19815 
10216 10225 38183 
19840 19876 33802 
1584 4569 14824 
17758 38322 38909 
427 1661 7140 
186 187 38495 
15257 15677 24799 
3694 20299 40583 
6484 9245 38501 
7048 27147 32839 
4039 12028 23277 
2028 7030 7976 
797 27064 32552 
5515 8162 8163 
5934 7986 36554 
35232 36267 37751 
2964 8129 13756 
9662 12859 16484 
2388 38547 39697 
1211 1458 5478 
20136 20137 27347 
2188 9399 21089 
28162 37617 37631 
6553 8353 27711 
5712 14873 16286 
6361 19896 37817 
6029 14401 19064 
16734 16905 35239 
3499 5835 12600 
3975 11858 35733 
16154 27885 31414 
6129 35243 38260 
6590 15906 21456 
17509 33055 39812 
5183 35208 39332 
2980 35424 38578 
247 15586 35865 
932 8545 39988 
2395 16988 20065 
9722 35212 38263 
327 789 25362 
1911 3205 16668 
4389 7078 37475 
18398 38624 39616 
11970 37210 38247 
4909 7854 28295 
6757 29447 37671 
4403 18184 35337 
4258 4259 38659 
734 25168 40128 
11421 12296 37942 
4982 7839 41156 
32304 32743 37896 
6877 8255 8608 
10480 21578 23971 
1149 23767 38921 
21162 22588 38167 
3053 4509 5219 
1108 13178 28579 
19346 32967 34028 
38685 38686 40070 
15511 35548 41070 
30860 33950 34060 
10286 10627 19682 
5562 6395 35596 
4269 24601 35306 
4977 5463 40516 
17904 23531 37535 
19305 33742 38791 
19295 26770 32686 
1418 5821 24632 
22448 27492 39765 
7474 9944 35720 
9225 13358 36672 
3821 20062 25946 
2945 6315 35996 
3123 10407 26067 
25976 30898 38583 
9544 15880 37897 
7086 7708 13533 
2275 2983 7534 
17331 35535 39337 
3336 8061 10735 
15257 15820 17197 
32555 35074 38167 
5344 10729 13688 
3522 10378 35710 
7792 27576 40956 
17296 32652 37589 
1685 14169 38764 
18052 38777 38798 
4161 12940 24184 
3144 3396 41763 
9750 13504 28349 
767 38191 39768 
10909 14492 17180 
14941 36154 39760 
27052 37891 40962 
2580 7122 10137 
1127 2112 4763 
36100 38850 40233 
1942 28819 32500 
3138 20734 31570 
7913 21610 40971 
35104 38859 39084 
689 1353 5828 
36456 38900 38928 
28373 35945 40633 
8552 21667 35465 
8036 36744 38892 
2721 7386 37047 
5662 6529 22140 
4970 13374 31363 
14760 26621 37397 
13553 36241 38927 
16148 21703 37846 
4298 14170 28077 
6161 6162 12530 
3285 28909 39304 
13688 22383 22391 
3620 23587 38951 
11154 22941 38755 
7451 22453 36244 
25680 29934 35420 
30271 30830 41224 
13269 16629 41408 
2230 4681 5278 
5237 17152 39258 
171 6206 7013 
14308 28562 35719 
8674 30938 39315 
2426 3748 8370 
1202 29873 34193 
11432 13299 17044 
1415 7971 10340 
21081 22411 38984 
5024 12363 39869 
34632 35638 35739 
5713 5714 12718 
12302 34145 40950 
1441 20457 38969 
31503 37023 40280 
12205 33473 39018 
20734 31091 31512 
2655 2656 11497 
32317 34532 38935 
15805 16159 35733 
69 1990 19650 
27813 37434 39250 
6855 25731 39101 
11655 21737 38747 
1100 9018 26545 
19136 38226 40318 
30026 34969 39058 
6589 16123 38640 
4718 13733 37246 
2391 28273 29943 
20509 24479 39000 
7037 8382 39328 
30236 39085 39619 
5909 21163 30456 
430 431 1105 
6983 8371 23805 
5787 9180 36186 
4499 17743 40663 
4073 14336 38626 
11229 36481 40572 
4571 18922 39728 
11788 15306 38989 
30323 36937 40500 
19807 39103 39135 
15076 37546 39014 
4659 4660 39893 
2942 2943 24296 
1786 2491 23635 
7171 21141 25719 
19147 33736 39169 
27174 38471 39172 
869 7513 32889 
218 5597 7617 
1116 7859 33388 
2819 9766 21427 
12067 19153 22697 
13604 14417 38572 
5607 17800 31670 
8537 24628 28748 
9301 13319 28299 
1599 3293 37600 
4336 14603 38781 
32129 32619 38523 
19033 19762 36151 
8953 17734 37897 
20944 39188 39954 
12704 13143 39244 
2069 4554 20403 
5660 31446 40465 
3504 24718 29021 
24349 38366 39277 
30165 33164 38970 
9083 9435 27964 
17110 39285 39850 
3338 15683 25810 
16971 33569 40109 
1226 8644 9624 
9896 39276 39444 
3828 4077 8990 
2506 6040 6713 
10900 13644 32111 
38276 39022 39123 
4022 6053 21067 
4063 7098 30328 
4993 6920 7354 
14316 26178 39329 
20866 26448 39325 
5426 21787 25931 
322 5593 30908 
826 12906 25335 
530 38583 38926 
24198 37931 39361 
1369 27514 39183 
1836 33234 33932 
19890 24622 39398 
147 10791 41054 
5030 5281 13499 
2877 25070 38079 
4950 7308 9651 
24268 29049 39348 
4408 16096 38878 
627 1706 39149 
33546 34229 40263 
7678 9721 15520 
11114 13403 39152 
4889 39482 40769 
1012 3413 38773 
7658 9027 11013 
1485 16201 18262 
1898 11914 39107 
10954 10990 30918 
16068 39502 39941 
5671 23830 40946 
2088 10332 11316 
18102 32655 32656 
229 16439 39506 
1190 1276 39119 
37742 37884 39538 
17408 36308 39569 
29265 32387 41120 
6806 14494 33958 
30519 38731 40861 
22664 35370 39582 
173 5023 32658 
1332 3398 12644 
449 10396 30970 
3264 15471 37436 
29114 36851 37731 
18972 19972 21986 
17190 32111 37744 
23355 26002 28434 
10526 16845 31826 
3507 5418 20855 
2242 8099 27579 
5843 6334 7535 
6837 39637 39783 
8614 22045 32104 
6079 12256 39623 
4950 14235 37333 
4875 29130 39531 
1732 3966 40607 
4492 19287 37051 
6407 39668 39669 
1832 15491 37538 
6552 11297 40387 
884 8113 23006 
8275 19610 27669 
35250 37631 39047 
15936 18960 30650 
13251 13417 15241 
16164 28422 30328 
3968 12013 39699 
2601 16184 35014 
14159 18911 30698 
6830 7053 15982 
2609 16996 40033 
883 5056 18414 
1162 28120 39258 
4723 35893 38408 
21959 31174 39321 
21327 32878 39823 
11651 14484 18780 
5724 15623 26626 
12682 23248 30229 
11504 37003 38156 
14856 37699 38869 
2323 5552 6768 
1210 25995 27465 
5307 14942 40296 
482 2998 41717 
10520 33805 37342 
2732 4154 7507 
14859 19591 38176 
1031 17158 21166 
10448 29400 38167 
3816 3817 4107 
1161 4251 17667 
18408 31636 39144 
21668 28530 33172 
438 4009 13920 
3800 20126 29610 
1061 4093 4110 
19782 38680 40817 
658 5056 20913 
12258 24002 39787 
2717 18338 29588 
37 18627 26589 
333 2191 14337 
9408 39764 39931 
20504 29226 40419 
802 7622 28695 
31574 39929 40349 
3427 3679 4147 
1513 3512 27034 
37007 39733 40736 
8083 17997 40923 
5872 16339 25668 
15439 40014 40859 
17480 17769 22743 
25879 39434 40069 
4325 30141 37812 
15017 22475 38559 
4829 15223 20020 
39986 40055 41296 
5304 8639 12644 
1914 2907 39919 
8468 14136 40085 
1575 18209 28193 
15363 15962 40104 
33926 35353 35523 
15572 27697 39815 
13670 35846 39277 
16284 29267 40094 
17287 36915 37935 
20593 37126 41496 
3523 25618 31876 
4944 24308 33729 
4220 21937 40152 
35339 38139 38173 
24745 31385 40095 
10915 15508 34131 
22735 24420 32630 
25317 27123 40869 
623 624 27526 
596 3545 16742 
6210 35141 38052 
2046 8121 39081 
16865 19972 32717 
8485 10557 11067 
8065 10850 17389 
13338 33854 41337 
9807 24957 36880 
27721 28448 38810 
1320 32561 35672 
14680 16171 23068 
1197 30830 39711 
4840 19686 36082 
7161 9569 9570 
24138 37137 37998 
2287 18350 37895 
1837 21763 37773 
221 9972 39708 
31707 40297 41026 
16648 18070 39266 
31326 40324 40337 
1868 4305 11356 
773 31172 41037 
38648 39542 40257 
22783 37239 39749 
6357 14956 36052 
38058 40377 40378 
22240 32405 35269 
7983 40398 41264 
5130 12518 36831 
10132 36200 39123 
8191 10805 13688 
13443 23367 25662 
2652 6058 17078 
13362 38951 40327 
494 4302 5026 
6212 14000 26292 
11551 17173 19476 
1147 13102 33932 
8414 8785 40956 
6139 9004 32495 
21884 40033 40480 
5694 12358 22496 
4515 6547 11630 
5923 7368 37943 
7353 12794 34943 
17430 18571 40615 
25037 39772 40442 
10290 14446 40115 
9427 31582 32642 
10910 14582 30008 
39724 40124 40534 
2938 15832 20563 
33227 33900 37845 
10692 20194 38573 
1465 15642 38747 
8594 36885 40373 
8989 29946 41210 
8129 17357 32608 
14724 15000 20851 
15765 15767 25605 
20998 40088 40162 
8623 40314 40375 
20250 24983 26747 
24105 28986 37656 
2831 15774 40617 
40358 40635 40698 
20708 37055 38843 
33490 40639 40703 
16682 23364 29138 
6194 38796 40644 
16905 39792 40605 
23891 25060 31278 
20216 40677 40952 
2228 20344 22852 
37830 40177 40723 
25186 33926 40279 
4218 6118 36880 
3466 6235 16922 
5385 14336 39802 
12822 23895 38263 
946 3889 12335 
795 2545 41208 
2373 28189 29822 
17414 34183 40649 
608 2930 3788 
3957 4301 13538 
1389 15983 38790 
40791 40792 40888 
1369 40588 40620 
5189 16946 28538 
2303 4066 10883 
15161 31623 38179 
6965 33226 39828 
153 6266 40770 
39478 39487 40643 
11999 21643 40358 
4849 16160 18565 
3792 12473 20612 
4665 12436 23905 
25675 28946 36977 
26508 40937 40938 
10052 16120 16775 
8873 15672 20202 
27305 36085 38162 
632 1243 21286 
6892 9237 18129 
27704 40539 40932 
12353 29139 39815 
14856 15890 40993 
7295 8184 32728 
4229 8650 13549 
10433 28867 35380 
22316 38091 40776 
26131 32190 40633 
30821 40484 41029 
40788 40789 41046 
32230 32263 41258 
29787 41050 41502 
491 9647 20213 
5440 15958 41005 
12524 17228 23061 
23676 24029 41447 
33151 39081 39173 
37456 37522 41084 
14502 18544 38910 
27722 27792 38810 
4140 13325 39952 
7940 9727 28868 
3757 12899 20094 
4894 17127 39919 
18302 20510 38267 
3154 10295 16022 
4359 12349 41119 
6091 22489 39706 
8773 34231 37783 
1421 29473 41087 
2920 11374 19393 
2510 32672 41047 
12604 19721 40109 
6976 31723 38443 
2099 6111 8304 
1510 11054 38012 
15412 23345 36114 
2890 4278 37182 
8709 12023 41201 
32995 38898 40709 
13467 39119 41187 
28933 36153 36478 
3981 27955 40961 
307 9557 36241 
545 11591 40079 
12360 13126 16401 
7017 22150 35597 
4879 9368 10859 
12238 24054 41246 
1107 2086 15963 
567 10880 39119 
1106 4164 7007 
12955 18511 30956 
3457 7742 8546 
41274 41275 41347 
11648 25585 35064 
116 8565 38007 
28715 40769 41299 
11380 25230 32404 
3852 11239 13558 
5578 6538 34930 
3083 7267 41180 
359 606 28233 
1380 4245 8776 
7482 12394 38116 
18468 33784 41377 
28349 33695 41382 
28326 41386 41388 
7109 8934 13743 
9801 10599 10863 
6669 26681 30600 
781 7172 40613 
8265 24452 33902 
2918 8688 10689 
8913 9097 41433 
13455 15763 40756 
2116 7111 38721 
2144 4665 20237 
8406 25196 36859 
4658 15685 39937 
2692 4275 40311 
1201 10587 30698 
13360 32347 38411 
36992 41492 41542 
34352 38561 41456 
6992 31433 33334 
7185 34406 40939 
6452 6775 9038 
1418 1820 2368 
40839 41557 41559 
11006 12524 18596 
3407 17939 26510 
39607 39843 41571 
31401 37662 41606 
2800 10263 10392 
29389 38892 41591 
27271 35246 40869 
38153 38154 41360 
12879 41614 41615 
1492 5399 36977 
6660 18415 38393 
32 4040 4099 
3075 4241 6308 
1889 6078 32973 
41654 41655 41716 
4006 17664 39758 
23223 30231 33754 
27196 39954 41558 
30645 35618 41673 
18210 22653 27928 
1219 36777 39758 
26278 35067 37863 
11315 20398 41612 
26960 30698 38292 
4392 5483 5951 
12522 13170 16156 
6037 38901 41610 
7782 27641 40554 
955 17144 39477 
14484 19861 27830 
7396 14295 34383 
29568 40903 41649 
2463 38558 40876 
