358 51
296 1
222 302
296 290
289 1
5 359
222 290
289 360
222 313
325 361
5 362
296 118
279 118
311 118
332 118
236 331
222 151
273 1
222 361
222 363
364 365
222 365
366 1
318 1
367 118
325 368
325 363
289 51
358 1
222 51
289 290
325 2
369 370
222 92
222 268
222 371
325 298
236 117
325 117
222 117
369 117
250 117
369 1
358 372
325 290
369 5
5 117
358 373
222 374
222 255
325 372
222 375
289 375
222 373
222 1
222 135
250 135
325 135
250 1
222 376
222 118
377 1
222 378
379 380
273 380
381 302
296 382
242 180
383 384
296 302
296 51
222 324
385 370
386 302
296 3
242 387
325 387
242 388
222 5
5 388
242 1
222 3
222 389
369 390
369 391
222 391
358 392
393 153
222 380
222 394
222 185
395 1
396 1
5 1
397 1
398 1
369 399
5 400
401 5
5 402
250 399
247 243
247 255
278 151
5 403
404 5
273 405
406 151
273 2
325 151
395 2
325 185
407 276
407 1
222 408
5 409
325 409
325 371
410 411
325 412
413 302
296 414
5 415
5 416
273 5
5 151
250 416
5 226
417 1
418 419
420 419
421 411
418 411
410 409
418 409
422 371
420 371
422 2
293 92
418 92
250 219
423 424
425 412
293 117
293 1
367 5
5 426
427 428
358 371
307 412
429 2
325 5
420 430
273 431
250 431
432 135
250 151
5 433
5 434
358 435
410 260
364 260
436 437
364 437
438 371
5 439
440 5
441 442
441 118
236 442
236 3
242 411
5 443
444 445
307 445
296 446
447 2
222 110
222 448
5 448
351 1
222 449
351 373
191 2
351 5
222 197
450 1
325 1
451 135
250 449
450 135
351 452
453 2
222 2
325 454
455 1
222 419
5 449
325 448
456 2
456 135
351 356
351 197
456 197
369 197
250 197
351 135
455 419
351 419
455 197
351 448
456 356
417 197
325 414
351 457
456 457
417 356
196 458
459 195
318 342
5 460
441 458
461 458
462 458
463 458
459 13
463 464
250 13
351 13
5 430
351 430
463 13
242 465
71 135
462 5
318 5
5 135
250 466
420 5
467 468
5 442
250 442
463 442
461 442
325 442
318 442
459 442
441 2
427 2
418 2
351 442
296 442
25 442
425 442
318 458
5 458
