5 103
66 103
66 10
66 104
104 5
105 106
106 1
1 107
66 107
66 108
109 2
66 109
50 110
110 1
111 1
1 112
113 114
110 115
66 115
1 116
117 118
6 107
5 107
107 118
119 2
66 119
120 1
1 121
6 115
66 122
123 124
125 1
111 2
126 109
66 5
66 127
50 124
1 124
128 124
118 2
1 5
5 2
66 118
35 3
111 3
66 129
66 117
117 5
1 130
1 118
131 118
66 131
131 2
66 112
66 110
132 131
131 133
134 117
66 133
66 31
128 5
1 2
135 2
5 6
12 6
136 6
137 6
138 6
6 2
137 2
139 5
35 5
66 137
5 140
66 141
142 122
139 143
66 6
139 6
131 6
103 6
132 6
124 6
66 145
145 2
103 123
146 144
66 147
137 131
135 131
66 9
128 2
66 148
1 149
1 150
66 151
66 124
152 153
153 110
110 154
66 155
156 151
1 157
1 158
1 159
135 137
103 2
66 160
5 151
66 161
162 2
124 2
66 162
163 164
66 165
113 165
135 1
166 124
1 167
117 168
169 168
135 130
66 170
165 137
137 151
110 170
26 137
171 96
17 96
171 1
17 74
172 74
173 2
102 60
71 2
102 3
17 2
17 12
71 3
174 2
102 175
14 3
17 60
5 60
102 1
17 3
173 1
14 6
17 176
177 176
177 96
171 60
102 6
14 2
17 6
17 1
17 178
71 60
173 12
14 60
179 60
173 60
102 74
173 180
5 180
181 1
17 180
17 182
183 2
102 117
14 5
102 5
183 5
184 34
102 34
184 2
183 3
14 185
14 124
186 124
187 2
102 188
14 117
183 6
189 1
190 6
14 188
173 117
191 192
102 192
183 1
17 117
183 159
17 141
17 110
102 193
102 194
17 195
196 195
102 197
198 1
199 2
15 117
15 5
102 195
15 2
198 2
183 200
15 201
102 202
203 2
204 202
