1307 1431
1432 792
808 1431
418 1433
1217 1038
808 1038
1396 1038
1078 792
808 1434
808 1397
1217 285
346 1066
814 1066
706 1397
1435 792
758 1436
808 1436
1437 759
758 792
1437 792
808 1438
1439 1438
1440 792
1441 1438
1442 792
1409 1436
1409 1443
1409 792
808 1444
1445 792
1445 1032
808 1032
1085 792
808 1392
808 920
1245 920
1245 792
1085 1032
1085 115
814 1032
808 792
1441 792
1446 792
808 1447
808 1448
1442 1234
1446 1448
1197 1449
692 792
808 115
1085 1449
808 1449
1206 1450
1206 1032
1085 1237
1451 1452
808 1433
1289 1453
1440 1438
418 1454
808 1455
1456 1457
808 1457
1456 792
418 1458
1459 1
1396 792
808 1460
418 1453
808 1453
418 1397
1398 1
1461 1457
1320 1321
1320 1443
1409 1457
1085 1136
808 1462
1463 1464
1465 1462
1289 1458
1017 1032
808 1454
1223 950
888 1224
1409 1393
808 1322
758 1325
418 1189
808 1321
1307 1321
1320 1186
1190 1186
1466 1032
1085 1434
1398 792
1467 1321
1320 792
808 1468
808 491
932 1469
1009 933
808 1470
1227 1434
1466 1434
1396 1434
1217 1434
1466 792
1017 1471
1085 1471
1009 1472
1473 1472
1217 1234
1474 1321
1398 1321
1320 1397
1320 1475
418 1476
808 1477
1478 1
1459 1168
1085 1479
1480 792
808 759
758 1481
1482 1483
1350 1032
808 1318
1482 1318
1317 1481
808 1472
1484 1485
758 1485
1486 1485
1486 759
758 1472
808 1
418 935
808 1487
808 1186
1217 792
808 1488
1307 792
758 1237
1236 759
808 671
808 1489
1490 1321
1320 1489
1478 1481
814 1491
808 1066
1492 792
808 1493
1484 1494
1484 759
1409 1495
1317 792
758 1496
808 333
1497 333
808 1479
1320 1318
808 1059
1058 1321
1320 1059
418 1318
1473 759
808 1498
1499 792
808 1500
1350 1500
808 919
808 1325
1326 792
1320 1325
808 908
758 908
808 1501
1502 792
1484 1237
1236 1453
1478 1237
1440 1
418 1438
814 792
418 1421
1358 1353
1503 792
808 1504
1178 792
692 115
814 671
808 1349
1350 792
369 1032
1350 1353
418 1321
1320 1
418 1505
1482 792
808 1481
1482 1481
808 669
1506 792
808 1507
1289 792
418 792
1354 792
1085 759
1478 759
758 1032
1482 1032
1085 1481
1368 792
808 1367
1109 792
1508 792
418 1032
692 671
1368 1032
1085 1367
1147 1032
1085 1146
418 115
418 1367
1368 1
1482 1
418 1
418 1481
808 1509
1109 1397
1289 1481
1510 655
648 792
808 1511
1085 1321
1320 1032
1512 1
1320 1453
1478 1321
808 1513
1514 792
808 1515
1516 792
808 1517
1512 1397
808 1518
1478 1168
1289 1168
648 671
692 1
1085 1519
1520 1515
808 1519
1482 1397
1398 1481
1521 792
808 1522
1354 759
758 1159
1354 1523
808 1524
1320 1524
808 1525
1370 1
808 51
808 1526
346 115
814 115
814 285
808 1146
1482 1146
1147 1481
1527 792
808 1528
808 1529
418 808
808 1530
692 808
346 814
808 1320
1531 418
1085 808
814 808
1085 758
808 758
1320 758
1320 1514
1514 808
814 1085
1320 1085
1532 418
808 1532
808 1533
814 1527
1534 1527
808 1527
814 1534
1535 808
1536 758
808 1537
808 553
692 814
758 814
1538 1085
808 1538
808 1245
1539 808
808 1482
1482 1245
1432 1540
1541 1540
808 1540
1541 358
1432 808
1533 1535
808 1078
1542 808
1320 1396
808 1396
1085 1396
814 1396
1307 1396
814 1122
1307 1122
1017 1122
808 1122
1320 1122
1307 1320
808 1543
808 1544
808 1545
833 1545
808 1546
808 1547
1546 1547
1548 1546
1206 808
808 1549
833 814
808 1550
1236 1551
808 1552
1542 1552
242 1553
808 1553
1553 814
1554 808
1343 1554
1554 758
808 1555
1320 1556
1557 1482
1482 770
888 1558
1320 1558
1320 1559
1557 770
808 770
1557 808
888 1560
814 1560
1560 1553
