444 469
5 470
250 118
250 471
472 471
473 118
5 409
5 469
250 474
5 302
444 475
476 477
478 430
420 479
5 480
277 481
296 482
483 484
483 13
444 485
250 486
369 487
250 488
450 5
296 469
250 489
483 35
250 490
450 490
250 135
450 452
242 452
450 3
242 118
450 118
450 426
444 491
492 481
493 494
444 495
250 496
369 479
478 497
379 497
242 5
369 470
498 302
296 499
500 302
296 496
501 452
450 502
296 503
483 504
250 504
444 505
5 506
507 135
250 185
250 508
509 135
250 510
369 510
478 495
511 495
5 512
296 513
441 68
450 514
440 515
516 517
518 5
425 519
440 517
520 35
483 521
444 521
522 92
523 524
525 517
478 439
526 527
528 529
530 531
530 151
522 529
530 532
533 529
518 494
369 514
534 535
534 119
242 257
242 536
537 3
530 536
369 439
520 13
444 153
538 539
450 539
540 539
538 5
5 539
533 541
542 524
543 544
533 545
546 524
369 257
547 257
5 257
547 3
242 548
450 549
550 551
450 552
553 541
444 554
555 556
557 554
555 524
558 545
553 13
444 151
559 560
561 439
296 439
369 562
5 563
369 452
250 452
450 135
250 356
351 135
369 135
463 13
463 430
420 5
5 430
420 430
250 13
463 3
318 5
5 135
296 5
250 5
564 5
463 5
250 430
420 2
5 2
318 135
463 565
296 135
250 302
351 430
420 197
351 5
351 566
296 13
5 197
450 302
351 302
296 302
296 197
369 458
242 13
463 458
461 5
5 567
568 5
5 91
425 135
250 424
242 135
250 197
351 197
250 569
351 569
450 356
5 570
571 570
296 570
364 60
572 437
318 524
573 574
425 574
575 117
369 576
296 524
577 60
577 524
553 524
463 524
463 578
456 448
550 448
463 448
456 13
579 13
