1145 833
808 814
808 1534
808 1561
1320 808
1482 808
1531 808
1482 1320
1320 814
1085 1320
814 346
1562 808
808 1426
1426 1562
1514 1482
808 1514
1085 814
814 1514
418 808
808 758
1563 758
758 1085
808 692
1564 814
1565 808
1085 808
1482 1565
1538 1085
814 1482
1320 1566
808 1566
1426 1566
418 1566
758 814
808 1567
1567 814
1514 1320
1531 1482
1445 808
808 1568
1569 808
808 346
346 1085
1305 758
808 1570
418 1565
1571 808
808 1572
1572 814
1565 1085
808 1508
1492 808
808 1573
1085 1574
1574 808
1575 808
808 698
1576 808
1478 808
808 1535
1535 1478
728 808
1561 1085
1577 808
418 1514
692 1531
808 1578
808 1409
1426 1508
1508 1478
1508 1576
1576 1478
1579 808
1580 808
808 1581
808 1582
808 1583
808 1484
1556 814
1582 814
814 1584
1145 808
1070 1145
808 1585
808 1190
1439 1145
888 1145
1396 1145
808 1586
1023 808
1478 1587
814 1587
808 1588
1589 808
1023 1573
808 1590
1085 1573
1396 808
1307 808
808 1122
808 1556
808 1591
1478 1023
1592 808
1593 808
1482 1586
808 1544
814 1594
1594 808
1398 418
808 833
1320 1398
808 1398
1560 808
808 1595
1484 1596
808 1596
833 1597
1597 808
1583 1597
808 1598
1560 932
758 1190
1593 1560
1396 393
808 1599
1600 1599
1320 1601
808 1602
