444 900
728 900
931 13
444 1
932 1
418 13
444 933
444 13
931 727
444 727
934 935
444 935
418 935
444 908
444 616
444 813
823 13
444 936
444 937
728 13
444 544
543 813
823 544
938 13
444 795
681 939
522 5
444 940
444 941
942 900
808 908
681 13
418 792
242 792
808 5
444 943
823 813
444 815
444 944
444 945
946 13
418 813
878 13
947 1
418 948
393 639
878 303
444 919
946 792
808 792
808 945
444 949
662 949
444 859
860 859
393 303
444 536
662 13
444 115
814 13
346 13
888 950
808 115
951 13
808 813
444 952
953 13
888 13
814 115
814 792
823 792
444 954
955 13
553 151
553 13
444 151
662 1
823 954
955 813
542 13
831 13
830 13
869 956
957 13
444 956
444 958
831 51
692 1
947 13
959 13
444 948
418 960
961 1
418 846
444 962
963 13
964 962
444 965
947 965
808 514
823 950
823 871
966 792
808 967
418 514
968 792
888 969
912 969
444 969
444 970
808 117
971 1
346 792
808 1
873 13
444 972
444 973
808 962
963 962
963 792
444 974
444 950
888 974
444 871
975 13
444 906
808 3
444 976
444 904
903 13
977 13
978 13
979 13
873 115
444 980
418 981
444 982
444 5
5 13
888 983
444 983
984 13
444 981
878 854
884 13
444 885
817 13
444 985
986 13
986 1
418 985
987 1
418 988
818 989
990 13
975 988
444 991
444 992
808 616
444 303
393 13
444 993
994 13
995 13
418 962
893 894
418 894
893 1
542 1
418 616
444 894
963 1
878 1
878 985
986 639
878 792
996 13
997 974
986 985
808 985
444 998
999 13
444 1000
444 1001
1002 900
1003 1001
1002 1001
444 1004
893 1004
1005 894
1006 1007
418 1007
1006 354
1008 1007
444 735
1009 735
999 1
999 998
1010 13
444 1011
444 1012
1013 13
1014 151
942 813
444 1015
444 1016
987 1016
444 285
1003 989
990 989
990 792
808 900
1017 13
1018 13
1019 1020
444 1020
1019 13
444 639
878 639
444 1021
542 988
444 988
987 988
444 1022
1023 13
444 1024
1025 13
242 13
833 1004
1005 1004
662 1004
1026 1027
893 13
736 735
1005 13
444 1028
444 1027
736 950
833 950
736 13
1023 950
444 1029
444 1030
1031 1030
444 1032
444 1033
814 1030
1031 13
728 965
444 1034
831 1035
444 1036
1037 1034
1037 13
444 1035
999 1038
814 1039
444 1039
1040 1039
1040 13
823 1041
444 1041
444 1042
1043 13
728 1041
1044 727
1044 1041
942 1041
1045 13
418 1021
1023 1021
994 1046
444 1046
1045 993
994 993
648 950
888 639
878 950
888 988
1045 1046
418 1047
418 115
814 1
814 1047
444 1048
1049 13
648 1041
754 13
1003 759
758 13
444 759
808 815
758 759
1044 13
444 1050
1051 935
418 1027
444 1052
1053 871
444 51
444 1054
814 1055
444 1056
814 1057
1058 1059
1051 1057
1060 1041
1006 1041
818 1041
1044 655
1044 9
444 569
932 569
1061 13
878 115
814 639
444 1062
1063 1062
662 1064
814 1064
808 1064
1065 13
444 1066
808 1057
444 816
444 1067
662 1068
878 778
942 1068
1069 303
1014 303
878 1068
1069 671
692 303
986 303
887 303
1070 303
1070 1068
662 988
648 13
1069 51
1069 1068
444 1068
1069 13
444 832
1071 1072
444 1072
1071 13
1073 13
1014 13
1074 13
444 1075
346 115
444 1076
1077 792
808 1076
1078 1076
1079 1080
1081 13
444 1082
444 1038
1078 13
691 356
681 795
808 13
692 13
831 671
681 907
444 907
1083 795
692 795
681 671
692 671
728 671
444 671
418 671
346 671
692 907
1084 671
728 51
830 51
662 51
418 51
5 51
662 815
444 792
1085 792
808 727
728 727
728 792
681 115
728 115
346 1032
728 1032
1086 1032
681 1032
1085 1032
520 1032
1085 13
681 919
418 1032
444 116
1085 815
1087 815
912 116
912 13
346 285
830 815
1087 151
1087 13
1085 356
1085 727
444 521
520 51
662 521
662 1088
444 1088
418 1088
5 1088
1089 1
942 13
520 13
833 13
346 521
444 1090
346 1091
5 151
1087 950
662 1092
1086 950
418 1
1087 792
662 285
346 51
444 1093
831 285
1094 13
808 1095
1085 117
928 115
1085 671
1096 13
393 116
912 356
888 116
830 792
808 116
912 792
1097 1032
1085 1
1098 13
1061 356
1087 759
808 151
1087 117
444 117
818 117
971 117
971 5
346 1
808 671
1099 1032
888 924
418 924
1100 13
444 924
1101 13
393 1102
1103 303
393 1032
860 13
444 302
444 1104
912 1
418 859
860 1032
1103 1
418 285
393 1105
346 153
625 13
444 3
242 3
1100 924
444 922
860 1
444 354
418 354
1106 1107
393 1107
418 1107
444 1107
1085 1107
1106 13
692 950
888 671
1085 285
692 1032
1085 950
1108 13
1109 151
520 1
418 521
814 521
728 521
754 356
418 815
1110 1111
444 1111
1110 13
817 1032
418 1111
1100 1111
1110 998
999 924
444 920
444 1112
