1 2
3 4
4 5
3 2
3 5
6 3
7 5
3 8
3 9
10 7
3 7
11 12
13 12
12 8
7 8
14 15
16 17
18 8
7 19
3 20
21 3
22 3
23 4
3 24
25 26
9 26
27 28
29 24
18 24
14 30
31 3
32 3
3 27
31 27
27 4
33 34
32 35
36 5
3 37
38 39
13 39
14 40
3 40
14 3
36 6
41 42
6 43
18 36
1 4
14 6
6 4
6 1
7 44
27 45
46 27
6 47
2 4
3 48
48 5
8 6
33 49
4 49
3 50
6 51
3 51
3 52
3 53
54 55
55 3
56 57
3 58
6 58
2 6
42 3
59 1
1 3
60 6
61 3
3 62
62 6
62 51
6 39
63 64
24 5
1 5
65 5
19 66
29 66
48 29
29 3
3 66
67 3
65 8
48 68
63 51
59 51
59 3
6 67
70 71
72 71
73 71
71 3
8 5
27 42
3 74
65 6
6 74
61 6
18 3
3 75
62 5
4 62
19 5
62 65
65 51
59 76
77 24
9 78
4 79
6 71
80 6
81 51
59 6
81 76
82 51
24 79
77 4
83 19
19 6
65 3
24 36
36 3
3 81
81 64
6 64
59 9
3 64
81 4
3 84
86 85
87 85
6 85
6 30
3 33
33 66
48 19
65 29
65 30
62 88
89 88
4 65
65 88
6 84
6 29
91 92
14 36
62 35
32 93
93 3
4 50
83 94
19 3
95 3
95 4
14 62
62 96
97 98
97 3
56 3
3 99
6 99
32 4
4 84
19 4
19 100
6 100
101 65
65 100
95 6
32 6
101 4
102 103
59 7
9 7
104 71
71 105
3 106
19 97
6 97
95 97
95 107
4 107
59 108
109 71
4 71
80 4
3 35
110 60
9 111
3 111
32 56
56 111
95 111
4 7
95 112
113 71
95 71
33 71
80 71
97 71
95 88
7 45
114 115
6 115
107 6
47 116
95 116
65 71
80 65
65 84
4 111
6 117
3 60
3 118
118 6
6 119
95 30
59 4
109 4
4 54
54 6
14 4
3 100
3 120
14 64
32 116
3 30
62 121
32 62
32 30
95 62
42 122
122 45
122 6
6 17
