2801 2800
3442 1786
2646 3443
2745 2494
2190 2494
3444 2494
2495 626
2836 3445
2745 2192
2275 3446
2495 3446
3447 3446
3287 3445
2646 2114
2134 2437
2836 3413
3412 626
3448 4
2745 3255
3444 3266
2745 3171
3174 3020
3449 3140
2540 1165
2745 3140
2745 3141
3302 3243
3276 3243
2745 3243
3284 1165
2745 3421
2190 3243
2540 3020
3174 3171
3450 2769
2745 2769
3287 2769
3287 1165
2745 3451
2205 1165
2190 3397
2540 3452
2986 4
2986 3397
3453 3454
2745 216
2745 3455
2540 3455
3456 3397
2495 3452
2745 3457
2745 1215
1235 150
3458 3459
3247 3428
2745 2913
2471 1165
2745 3413
2745 1670
2745 151
2191 1165
3460 2370
2540 3461
3089 1165
2745 484
2836 3462
2796 3016
3006 2882
2127 2882
3460 1165
3131 1165
2745 3461
3025 1786
2495 3189
2540 3463
2889 2882
3174 4
2745 4
2796 4
2986 3416
3415 2882
3464 581
2190 2370
2067 2370
2540 2370
2745 2370
2854 2370
2540 3231
2745 3231
2889 3231
2646 3416
3415 3311
3131 3416
2745 3465
2745 3016
3006 3465
1603 1165
2745 1165
3188 1165
2745 868
2854 3189
2646 3132
3131 3132
3131 320
1603 3189
2796 3171
3174 2882
3174 1165
3359 626
2745 626
2836 626
2836 3358
3359 3358
3466 2839
2840 626
2836 2601
2986 3171
2836 3467
2745 3132
2745 3290
3131 2765
3415 331
2249 2765
2351 3468
2540 3468
2745 3468
3006 3469
2745 3469
3126 3469
3470 1786
2646 3471
2745 3472
3473 2370
2191 2800
2801 151
2745 2800
2745 3474
3475 4
2067 3476
2745 331
2249 1165
2646 1165
2745 1786
2646 2192
2190 1786
2540 3472
1886 3477
2745 3477
2646 2800
2801 4
2067 2800
2540 3192
2351 3192
3220 1165
2745 2011
2796 3478
3220 3397
2540 3479
2745 594
3480 594
2986 2011
3481 2370
3126 2370
3464 1165
3470 1165
2745 3471
3396 3397
3131 3397
2745 3397
3396 3459
3247 3397
2745 3482
3126 1165
3006 1165
3220 3192
2770 3192
2745 3192
3220 2370
2745 1820
2302 2370
3483 2882
2850 2882
2796 2666
2667 2851
2836 1165
3247 3484
2796 2882
2745 100
2969 1165
684 1165
2745 18
2067 3397
2986 3485
2302 1820
2302 1165
2134 2800
2495 3486
3388 1165
2745 3389
3432 1165
2745 2577
2646 3487
2745 3488
2134 3489
3490 1165
2745 3491
3492 3486
3492 2370
2540 3486
2854 3493
1235 3494
2986 3495
2646 3495
2540 3489
2745 3489
2697 3489
3496 1165
3497 1165
2745 3498
2745 3499
2351 3140
2540 2882
2540 2577
2471 2788
2205 2851
2796 2851
2850 3500
3367 2851
2850 2851
2505 3501
3006 2800
684 2370
2495 2370
3470 2370
2986 2370
2540 2011
2134 1165
2191 626
2646 3502
2191 2834
2067 1165
3503 1495
2745 2666
2667 1495
3131 3504
2836 151
2067 3482
2745 1950
3126 1950
2745 3505
2540 3506
2745 3507
3508 2370
2540 3507
2540 3509
3510 18
3511 3479
2745 3479
3511 2370
3497 3498
3497 2011
2134 3498
2067 3115
2745 3512
2540 3513
2745 3514
3515 2370
2540 3516
3515 3516
2495 3517
2249 3517
2540 3518
2986 3516
3515 4
2646 3516
3519 3516
2495 3520
3521 2494
2646 3522
2351 1165
3515 1165
2745 1828
3523 3489
3524 2370
3524 1165
3006 2370
2540 3525
2134 2011
3526 3459
3247 3527
3526 2370
2540 3527
2745 2135
3526 2135
2351 3527
3475 1165
2745 3476
3519 2370
2134 3476
2351 3528
2540 3331
3497 2370
2540 3498
3284 3331
2745 3529
2646 3529
2351 3529
3530 3529
2540 3529
3531 2135
3532 3533
2836 3533
3532 2135
2351 3534
2836 3534
2986 3535
3536 1165
2745 3537
2351 2135
2540 2135
2351 3538
3536 3537
2986 3537
3536 151
3165 151
2191 1022
2134 3527
3497 3527
3302 3527
2745 3527
2632 3527
3526 1165
2351 3537
2745 3513
2540 3517
3539 3540
3541 2576
2546 3542
2249 3542
2745 3543
2986 3544
3545 4
2986 1006
2745 1006
2351 3546
2540 3546
3541 3542
2546 3544
3547 4
2986 2494
2986 3548
2092 4
2986 2114
2986 2839
2840 3549
2249 331
2986 3550
2249 3551
3552 3551
2546 3551
2495 3192
2745 3394
3284 2839
2646 3331
1030 1165
2745 3331
3523 3331
2646 626
2836 3553
2546 3554
3555 1165
2986 3507
3515 3507
3519 1165
3202 1165
2745 3556
3557 3558
3006 3558
2745 3558
2836 3558
2249 3416
2566 2565
2745 2565
2986 2565
2566 4
2745 3266
3284 2565
3559 809
1030 3331
3519 4
3557 626
3519 2576
3560 3561
3562 3563
3564 1165
2745 3563
2249 3563
2646 3563
3131 3558
3559 1165
2546 1165
2836 3331
3562 3565
3566 1165
2836 3565
3302 3567
3568 3132
3131 150
2745 3569
2566 1165
2745 3516
3515 1786
2745 3542
3559 3331
3006 3016
2646 3016
3131 3542
3541 1165
2889 3331
3570 3571
3570 1165
2745 3571
3006 1786
3572 1165
2745 3573
3574 3575
2745 3575
3574 626
2836 3575
2127 3576
3541 3576
3497 3576
3577 1165
2745 2678
2986 3578
3541 3579
2745 3580
3284 3542
2745 3581
3006 3397
2546 1495
2745 1495
2205 3581
2127 3582
2646 3582
3583 2576
2546 150
3126 3584
3585 1165
2745 3584
2745 3417
3586 1165
2249 6
2745 6
2351 3518
2092 1165
2986 331
2249 2114
3006 3192
3220 3132
3131 3459
3247 3192
3396 1165
1116 151
2191 151
2191 1068
1116 3587
3588 1068
2546 1022
3541 3589
2334 1174
3590 3591
2745 1174
2745 3441
2745 1604
3592 3441
2495 3593
2646 3594
2796 1786
2646 3595
3515 2135
2351 3516
2351 2370
3126 331
2745 3596
2745 3597
2495 3597
3126 3597
3598 1165
2745 3599
3600 1786
2646 3599
2745 3601
3602 3601
2836 3601
3603 1165
2745 3604
2745 3605
3131 3605
3606 1022
3165 3605
3541 3607
2745 3607
2745 3081
2836 3608
2745 2601
2546 1786
3559 1786
3006 2577
3432 4
2986 2577
3276 6
2745 3279
2646 1786
3609 3610
3380 3610
3611 3610
2745 3610
1951 3610
2249 3610
3006 3610
3609 3016
2745 3612
3006 3542
3126 3542
3541 3016
3613 6
2495 1165
3592 3114
3560 2882
3380 3593
3592 1737
3592 3542
3541 3593
2127 3595
3006 3595
3541 3614
3220 3150
3247 3595
2646 3311
2646 3615
3131 3595
3131 3593
3592 3132
3131 3616
3592 3016
3617 3016
2540 3016
3131 3016
3006 3132
3618 3595
3617 3619
3592 3620
3217 3192
3592 3192
3260 3192
3220 3290
3592 3595
3617 2370
3592 3173
3621 3622
3621 3593
3592 3593
3592 3622
3623 3599
3131 3599
3006 3593
3006 3599
3260 3594
3617 3593
2540 3593
2986 3593
3617 3595
3624 2370
3592 2370
3592 3612
2540 4
2351 3625
3481 3593
3592 3397
2986 3331
3592 3626
3592 3627
3628 3593
3541 3629
2840 331
3592 331
2249 3593
3630 3593
3592 3631
3592 3632
3220 2678
2191 3633
3523 3192
3592 3634
3047 3622
3623 4
2986 2974
3592 595
3592 3635
2495 2494
3592 2494
2495 3016
3006 2576
3636 3637
2191 539
2191 3593
3592 868
2854 539
2546 3638
3592 3638
2646 3638
3639 2370
2540 3638
3560 3638
2986 3640
3641 2370
2646 2370
2540 3397
2546 3311
3310 3016
3006 3642
2249 3643
3644 3645
3006 3645
2540 3646
3592 3646
3647 3593
3592 4
2986 3633
2986 3648
3592 3648
2127 3649
3650 4
2092 3651
3592 2882
2796 3651
3592 626
2632 3593
3592 2971
3652 3593
3592 3231
3644 3231
2889 3645
2836 3542
3541 626
2836 3653
3541 3654
2540 3655
3656 1786
2646 3657
3613 3266
3284 3658
3006 4
2986 3016
2646 3100
3541 3100
3592 3659
3592 2786
3660 3635
2745 3635
3006 3635
2127 3635
3660 3016
2986 3661
2540 3662
2275 3662
3663 3664
2646 3664
3665 4
2546 3664
2986 3664
2249 3664
3666 3593
3592 3667
3047 3593
2546 2576
2986 2576
2546 3668
3669 4
2986 3658
3670 4
2986 3571
3592 3671
2889 626
2986 626
2836 3662
