668 375
661 6
1635 1636
1208 1636
1474 1453
1637 1147
741 375
661 746
871 1404
871 6
668 6
1638 6
661 1147
1635 1147
1474 1147
1208 883
888 1147
1635 187
1007 1147
1208 1083
1182 6
1474 6
871 375
661 375
661 4
1474 375
1635 1639
661 187
1208 4
1640 1641
692 1641
1640 21
1593 1641
1474 1639
1474 1642
871 1541
1452 1165
1096 1181
893 187
1235 4
1235 1643
1644 1541
1539 455
1182 455
1644 455
1539 21
1593 1546
1208 1642
1474 85
1645 85
893 4
1474 1646
1474 541
1474 1627
1647 1627
1612 47
1647 47
871 1648
669 323
669 528
1647 1215
1539 375
661 1215
1235 1649
663 47
743 331
663 1650
661 47
743 1215
1235 1650
1474 1259
1651 1147
1096 1642
1182 1642
1593 1259
1652 1653
1452 4
1452 331
663 1453
666 47
1474 47
666 626
743 626
1654 375
661 21
1474 21
1654 21
1593 21
1593 375
661 626
1654 47
743 1287
1539 1655
1182 1656
871 1653
1208 331
1235 1611
1612 1541
839 227
1262 1147
1208 1259
661 1553
1474 1553
893 1657
1474 1657
663 1642
1262 1541
1539 1642
1115 4
1593 4
1658 1147
1084 1147
1208 849
1658 4
663 4
1208 1147
1659 4
1474 1604
1084 1056
1084 331
1660 4
1477 4
1492 4
663 1596
1182 187
1208 187
1235 187
663 1181
661 1181
668 1181
1474 1661
663 1661
1474 1662
1474 1051
1452 954
1208 954
741 954
953 954
953 6
741 1147
1262 1663
1567 1662
1474 1664
1474 1650
1592 4
1406 1056
1084 1405
741 475
1612 475
1567 1663
1612 4
1659 1665
1235 1665
663 1001
741 1511
1666 4
1474 1596
741 1596
741 626
1235 475
1126 1611
1474 746
688 4
1667 331
663 1668
1235 1668
666 1668
1592 331
688 746
1035 1669
1474 1670
1671 1672
1671 7
745 1673
1182 1662
1635 1674
1235 1674
1385 4
1474 1111
1675 331
663 1676
741 1677
666 1495
1496 7
745 1495
663 1409
1678 7
1678 1676
1679 1680
1660 1680
888 883
888 1495
1539 4
1474 1541
1539 1541
759 1541
1681 1682
1683 6
743 1677
663 1684
741 503
888 1685
1031 1685
911 1662
1031 1686
1474 187
1687 337
745 337
663 503
1346 503
1346 6
1474 1688
1474 337
847 4
1084 1689
1612 1690
1691 1107
1285 1259
1635 1692
1693 150
1474 1694
859 4
1695 1056
1539 1056
1474 1696
1539 1696
1697 1696
663 1696
1697 6
663 1698
1474 1698
1346 4
1474 503
1346 187
743 4
741 4
741 150
1697 4
741 1696
871 4
871 187
743 47
1031 660
1561 660
1474 150
663 1699
1182 1215
1235 1700
1474 1701
1593 1404
1031 4
1474 436
1031 6
741 436
1593 503
663 1259
1635 1702
1235 1703
887 1056
1084 892
887 6
741 892
1417 331
663 185
1704 331
741 1705
663 1706
1474 1706
1707 1708
1709 1215
1704 4
1474 185
1474 1246
1474 1672
1654 814
741 1708
1707 331
663 1708
1474 1710
663 1711
692 1712
663 6
741 6
741 331
663 644
1208 1713
1235 1714
1715 1716
1717 1716
663 1716
1717 331
1031 436
1718 187
1719 436
1640 1705
666 1450
1031 1450
1635 1700
888 1700
1720 436
1031 1705
1474 1705
741 1721
1722 1723
1031 1723
1724 1723
1722 6
1031 1465
1567 1725
741 1670
661 1670
692 1670
1268 1726
1635 1727
1031 1721
1474 493
1683 436
1728 1495
1474 1495
1084 1443
1031 1443
893 1727
1096 194
1359 1727
1031 1682
741 1068
1654 6
1084 6
1678 6
1398 4
1474 4
1474 1392
1031 883
888 1727
1729 1107
1285 436
1031 1727
661 1068
1075 375
871 213
1084 213
860 1056
1084 4
1474 213
1474 1608
1474 1730
942 941
1474 1731
1474 1732
1235 7
745 1708
1182 1733
1734 1389
1735 331
1678 941
942 100
911 1736
1678 1680
1679 23
1492 100
1679 100
1474 1357
1474 1737
1031 1738
1035 1738
1739 626
1654 1738
663 1357
1740 1357
1741 1357
1660 1357
673 6
1742 6
1743 4
1306 1744
1745 1746
1747 1608
1121 1746
1474 1746
1748 436
1452 1453
1654 1749
663 1662
741 830
741 1750
1474 1751
1474 1752
663 1242
661 1662
1474 331
1475 660
1722 436
663 1753
1474 1753
1742 1703
1031 1623
1742 436
1722 1685
1474 1685
1577 436
1593 1662
741 1662
1635 1335
1235 1754
741 1751
1755 6
741 1754
1756 1730
1031 1703
1592 1215
1235 1215
1547 1757
1756 1757
1756 1546
1474 450
1758 4
1182 1703
663 1703
1235 1662
1475 1759
1031 1760
1235 1692
1691 331
1722 1703
1761 1703
1709 1723
668 436
1474 1676
1031 331
663 436
668 331
871 1752
1474 1762
663 475
1474 1763
1654 1764
1683 187
1683 4
1474 1682
1035 1763
741 1763
1765 1763
663 1763
1765 6
741 868
663 1766
1622 238
1474 1674
1635 1767
1635 6
1510 331
663 331
663 1511
1510 6
888 1662
1305 1768
1735 1768
1769 187
1492 1770
1474 1771
871 90
981 1662
661 1772
1474 1773
1474 1727
1774 238
1035 1775
673 1775
1474 1775
1577 1776
1474 660
1492 1051
1635 1541
888 1541
1539 1051
669 1777
1778 1779
1780 1779
1781 1779
1780 331
663 187
1782 4
1782 1783
1167 4
1474 556
1784 853
1474 853
1785 853
1671 1786
1787 1786
1084 1786
1474 1788
1474 1789
951 1773
871 1051
1787 1056
871 556
741 1051
1790 4
1474 1669
1790 1
741 1
673 1791
1474 1792
745 1793
1742 1623
1794 1623
1742 1795
745 7
951 1158
1654 151
871 874
666 436
663 868
1031 493
745 1795
1654 626
871 626
1796 436
1031 1657
1797 644
1798 1799
1800 644
741 7
663 1801
1802 1801
1802 375
661 1801
741 1803
741 1657
663 1804
1031 687
1351 436
1031 637
673 687
1805 1806
1805 1807
1474 1807
1808 1807
1809 1810
951 1811
741 1056
1084 375
661 1056
1740 1811
1812 1811
1812 1813
1035 1813
871 1222
1309 1051
1784 453
1814 21
1593 453
663 1051
860 626
1474 1058
1475 4
1474 1767
1815 1215
1235 1816
1474 1817
1654 213
1474 1818
1492 331
663 23
1819 1820
1819 331
663 1820
871 1495
1821 151
741 187
1722 1183
1031 1183
1084 47
743 1056
1822 4
1474 1823
663 1824
1825 6
1722 331
741 1183
1235 436
1031 1215
1800 1799
1235 1799
1800 1215
1084 1602
663 1826
1805 1827
741 1727
1474 1828
1474 1435
668 47
668 626
1829 3
1084 1791
668 1147
1784 4
1821 1830
1784 1147
1831 1181
1740 436
1031 1813
1832 1727
1654 1833
1834 626
1474 626
663 1813
1474 1830
1635 1835
1805 1773
1808 1773
1610 1820
1819 1147
1784 331
1096 1165
1784 1165
1654 1165
1822 1259
1635 1836
1654 968
1084 1837
1838 4
741 1839
1840 151
113 151
1635 1823
1740 1502
1784 21
1593 1147
1841 7
745 187
741 1842
745 1677
1843 1677
1843 7
1821 1495
1821 4
1841 1844
1474 1845
1756 1846
1756 4
1474 1757
1474 1847
871 1848
860 7
1849 1813
1740 1804
1066 1804
668 1850
1851 6
741 1852
745 1853
1849 1803
1854 4
1474 1855
668 1856
743 1856
666 1828
666 1857
1858 1181
1635 4
1305 1859
745 1860
1474 954
741 1861
661 1839
1474 1839
871 1839
1862 6
871 3
666 4
669 1863
741 1181
741 3
666 1181
1182 1864
1849 1865
666 3
1474 3
1031 1865
1635 1866
673 1866
745 883
1805 883
1821 883
1867 883
1867 1495
1654 1051
1851 1502
1474 1806
743 6
666 6
743 3
871 151
1096 151
745 1727
1868 1111
1084 3
745 1806
1869 1806
1869 4
1870 1871
1821 1871
1872 4
1474 1873
1235 1705
1474 1153
1084 1153
1874 1875
1874 1056
1084 1875
668 1708
1707 6
1035 1001
745 932
933 1661
661 1661
1805 375
1474 1876
1235 1876
1474 1783
1592 1877
1878 1662
668 4
1654 874
1671 1879
1671 238
1035 1670
1819 4
663 1880
1235 1835
1474 1820
1881 23
1492 1820
1819 1882
663 1883
1819 3
1031 1884
1474 1885
1235 1602
1819 23
666 1820
663 1440
1886 7
745 1887
1592 1602
1886 1820
1819 954
953 4
663 1888
1474 1437
1084 1437
1084 187
1474 1056
745 4
1889 1215
1235 1502
1235 1723
1722 1215
1474 1890
741 1495
745 1111
1891 883
888 1111
1474 1892
1893 436
1031 1759
1659 1894
745 644
1474 1895
1821 1357
1819 187
663 1864
673 1882
1869 238
1035 868
1474 1857
1452 1519
1504 4
1474 1519
1784 1806
1822 1896
1474 1896
1592 1669
1740 1669
1654 1861
1474 1861
1474 1887
1235 1338
1654 4
741 1897
1898 331
663 1899
1592 1899
663 1884
1900 1502
1075 6
1610 4
1474 965
1592 1181
1901 331
1474 1181
673 1899
661 7
1886 1902
1474 1902
1452 1903
1610 227
1904 1905
663 1903
1881 1882
1235 6
741 1882
1893 1882
1886 4
663 1906
1031 1906
1096 1907
1908 1884
668 1861
1909 6
1910 4
1886 954
1893 6
1911 1511
1474 1511
1452 1884
1912 1215
1812 4
1235 1913
1474 1913
1914 1915
1914 194
1881 7
1914 1882
1901 7
1914 1884
1916 1181
1898 925
1917 1918
1904 1181
1914 4
1474 1919
1920 1181
1911 1857
1735 1921
1474 1922
1914 1923
1914 331
1898 1924
1925 331
1898 1926
1898 1921
1474 1921
1898 1927
1496 1495
1898 1928
1898 4
1474 1929
1898 503
1474 1930
1931 6
741 1928
663 1928
1474 1215
1932 868
1931 331
1567 1669
1898 1001
820 1056
1925 1056
1084 1924
1925 1181
663 1933
1934 1933
1474 1935
1821 1936
1937 1495
1496 1936
741 1938
871 1519
741 1001
1939 1938
1939 6
1925 3
666 1924
1940 1495
1496 4
1474 1938
1941 1938
1934 4
1474 798
1942 4
1474 1943
741 1887
1474 1944
1474 1842
759 1945
1939 1181
1474 1946
663 1947
1474 1947
663 1068
1948 331
1577 1938
1949 1903
1939 1903
741 1903
1949 1950
741 1950
1951 1903
1474 1952
741 1844
1953 1952
1951 1727
1898 1952
1951 1952
1951 7
1954 1938
741 1875
1235 1903
1073 1952
1949 1215
1954 1955
1474 1955
1886 331
1898 7
1235 1938
1898 1903
1949 4
1096 331
1898 1165
741 1438
1898 1438
1305 1438
1452 1861
1951 503
1474 1903
1035 1903
1898 1956
692 1956
1474 1957
1031 503
1474 868
1949 331
1949 6
1949 1181
1951 331
1898 1958
1914 1959
1960 1959
1898 1884
1898 1961
1962 1181
1914 493
1898 1963
668 1938
1496 1698
1951 1964
741 1965
1951 1966
1474 1966
663 1967
663 660
663 1968
663 1969
1126 3
666 45
1031 45
661 3
663 1853
1610 375
661 331
1474 1970
1819 1174
1898 1971
