65 3
95 3
3 6
4 3
47 51
62 51
3 51
4 6
59 6
6 51
3 123
95 62
124 6
119 6
7 6
7 3
3 62
4 62
7 124
95 124
95 4
4 119
56 6
62 6
7 4
59 4
7 125
59 121
32 6
56 126
3 126
95 126
126 6
36 4
4 127
19 4
119 19
128 39
19 39
4 124
80 129
6 36
130 23
131 4
3 119
7 119
95 65
132 71
95 71
6 65
7 71
80 4
62 45
95 51
133 88
60 3
4 134
95 134
60 6
95 60
133 60
135 6
95 6
133 4
42 4
14 4
95 45
80 45
45 71
4 71
133 136
109 136
133 3
99 3
133 137
19 138
7 138
3 138
95 138
133 7
7 90
3 90
113 6
139 90
139 3
60 140
133 140
3 140
4 140
140 6
133 141
142 143
143 6
133 6
93 3
4 144
99 84
101 99
145 45
146 145
133 147
101 3
148 3
3 149
133 150
7 62
59 151
151 51
54 152
95 153
4 65
6 153
154 4
95 154
19 60
60 4
3 155
80 156
50 157
50 62
50 143
4 155
4 158
133 116
133 159
159 35
14 159
160 3
161 4
59 3
162 6
133 110
163 4
133 62
14 140
109 155
95 155
133 65
65 7
95 7
164 4
140 65
65 165
165 155
165 45
45 155
60 155
80 6
80 166
45 167
164 47
47 19
19 168
109 3
3 169
4 47
90 118
118 45
170 168
171 172
3 173
54 155
81 71
80 134
3 45
174 45
45 90
3 50
4 50
50 6
36 3
14 6
175 7
45 60
101 4
133 100
4 176
14 176
95 118
118 23
101 23
95 23
95 57
42 57
122 57
57 6
4 100
3 100
3 177
122 6
7 164
3 178
4 178
95 178
133 178
143 161
161 178
95 173
4 118
4 179
133 173
4 173
42 159
133 122
3 104
14 104
19 104
32 3
3 121
133 121
32 121
180 100
47 62
3 47
42 47
59 47
90 47
95 47
47 6
143 85
180 4
181 3
182 183
95 183
133 184
59 65
4 185
186 185
185 36
36 187
3 187
4 184
188 6
133 19
188 60
80 7
189 3
133 189
4 189
7 190
80 191
192 193
3 151
194 195
4 194
90 151
32 151
3 68
101 68
196 3
164 195
7 195
7 197
29 197
188 7
7 19
198 7
4 110
174 4
199 121
3 200
200 121
30 121
32 201
202 203
203 65
95 204
3 204
80 204
204 71
95 205
80 60
65 100
206 207
83 208
133 118
80 57
57 71
80 209
3 118
133 210
133 127
133 211
3 15
4 15
7 15
199 100
132 212
133 213
4 214
95 214
3 215
101 216
4 217
4 218
3 216
7 216
4 213
14 51
101 7
4 219
101 51
188 216
4 220
80 71
80 220
3 213
7 221
222 4
223 4
4 224
29 225
80 226
101 222
93 4
1 4
32 100
47 100
101 47
7 50
50 60
224 189
189 6
95 189
4 227
7 227
227 199
199 4
4 190
4 207
4 228
4 229
50 230
231 60
4 232
3 233
234 173
3 231
3 39
7 235
236 3
4 216
4 237
4 238
7 238
14 239
50 240
59 216
7 241
212 60
4 204
3 242
243 244
3 245
4 209
3 246
6 247
6 213
163 213
3 145
133 145
206 4
4 145
59 248
248 51
59 51
35 155
133 249
224 249
133 187
133 247
250 6
133 251
246 224
4 252
253 254
4 255
7 256
27 4
50 257
231 258
7 213
259 3
3 260
3 261
7 262
4 258
61 7
206 7
4 263
264 39
206 13
4 264
206 42
3 42
3 264
50 264
4 265
266 100
101 267
91 39
268 100
269 100
101 100
101 269
270 100
267 100
101 266
271 100
76 272
76 273
76 274
275 274
76 51
133 76
7 76
76 6
62 276
76 276
277 173
133 278
76 185
3 44
76 62
62 29
246 76
3 76
76 155
279 47
29 76
29 4
7 280
50 76
80 281
133 47
36 76
76 165
282 50
283 76
76 173
80 284
285 284
7 286
7 258
7 155
133 246
76 255
7 100
287 76
6 187
81 42
42 50
101 76
76 100
288 100
101 288
76 71
3 289
7 289
7 290
50 71
80 76
80 291
62 118
76 220
194 292
292 100
62 293
76 213
62 213
246 242
7 255
81 149
294 292
295 292
101 292
296 297
101 149
133 298
51 213
259 76
299 300
133 23
133 301
76 302
302 303
76 280
35 304
3 276
100 151
296 3
296 100
296 153
47 65
296 65
305 65
306 76
307 100
308 100
308 84
296 47
308 7
91 7
100 84
309 65
296 309
76 44
122 65
51 90
90 65
76 65
268 65
51 65
302 65
3 288
85 100
100 36
90 310
50 65
259 311
100 51
76 23
100 312
50 313
100 23
131 84
3 84
188 3
314 90
188 315
314 3
3 71
80 3
3 315
316 317
314 122
122 3
3 317
3 318
188 318
319 4
314 315
302 4
7 165
165 317
1 317
1 310
151 316
314 320
314 7
90 321
314 65
296 7
151 84
3 322
151 36
151 4
314 151
3 241
85 3
296 213
85 255
151 7
47 7
311 7
76 90
188 76
76 322
7 44
296 323
212 6
57 324
3 124
133 45
157 3
3 325
7 325
52 326
324 52
296 76
3 327
