121 148 157 181 197 
33 89 90 104 105 196 
29 45 46 48 50 60 91 92 95 109 113 149 150 153 168 177 178 192 
10 89 112 148 157 204 206 207 
18 117 146 169 184 
1 7 8 13 14 26 30 47 63 72 73 75 76 77 78 85 86 100 102 110 122 136 158 167 174 176 199 200 205 
16 19 25 32 33 94 97 101 108 118 123 129 136 171 185 187 190 204 
3 4 5 6 19 22 23 30 31 32 33 34 36 40 42 51 64 65 66 68 69 76 81 82 88 101 111 115 124 125 127 128 133 134 137 139 152 156 170 173 175 188 190 195 203 207 208 
17 18 20 22 30 49 53 54 55 58 83 84 87 101 130 140 162 169 183 
2
9
11
12
15
21
24
27
28
35
37
38
39
41
43
44
52
56
57
59
61
62
67
70
71
74
79
80
93
96
98
99
103
106
107
114
116
119
120
126
131
132
135
138
141
142
143
144
145
147
151
154
155
159
160
161
163
164
165
166
172
179
180
182
186
189
191
193
194
198
201
202
