29 41 45 46 48 50 60 91 92 95 109 113 131 149 150 153 168 177 178 192 193 
1 2 7 8 9 10 11 13 14 15 20 25 26 27 30 38 39 44 47 49 59 63 67 70 72 73 74 75 76 77 78 85 86 94 97 100 101 102 103 107 108 110 111 119 122 123 135 136 143 158 159 162 167 176 185 191 194 199 200 204 205 206 208 
3 4 5 11 17 18 19 20 22 23 30 32 34 40 41 47 51 52 53 54 55 58 62 64 65 66 68 69 75 79 83 84 86 87 88 96 97 101 104 106 112 115 117 119 124 125 126 127 128 131 133 134 137 139 140 146 147 148 152 156 157 162 169 170 171 173 175 177 183 188 190 194 195 197 200 201 203 204 207 208 
121 126 181 197 
89 90 104 105 196 202 206 
97 118 171 187 
6 19 21 32 33 111 
198 202 210 
72 144 155 
83 161 186 
126 166 179 
12
16
24
28
31
35
36
37
42
43
56
57
61
71
80
81
82
93
98
99
114
116
120
129
130
132
138
141
142
145
151
154
160
163
164
165
172
174
180
182
184
189
209
