3 4 5 6 11 19 20 21 22 23 24 25 31 32 33 34 36 37 40 41 42 51 52 54 56 57 62 64 65 66 68 69 74 81 82 88 96 101 111 115 120 122 124 125 127 134 137 138 139 142 144 147 148 151 152 156 164 170 173 175 177 183 184 188 190 195 201 203 
9 16 19 32 87 97 101 118 129 134 171 187 190 204 
29 45 46 48 50 60 91 92 113 149 150 177 178 
1 7 8 13 14 26 30 38 47 63 72 73 76 77 78 85 100 102 136 167 176 199 200 205 
2 9 10 13 15 59 70 72 85 94 136 158 191 204 
38 39 75 76 86 122 
46 48 95 109 113 149 153 168 177 192 193 
17 18 22 54 58 87 105 130 146 169 183 184 
121 157 181 197 204 
12
27
28
35
43
44
49
53
55
61
67
71
79
80
83
84
89
90
93
98
99
103
104
106
107
108
110
112
114
116
117
119
123
126
128
131
132
133
135
140
141
143
145
154
155
159
160
161
162
163
165
166
172
174
179
180
182
185
186
189
194
196
198
202
206
