44 55 99 114 126 141 145 162 165 
28 29 31 45 50 60 91 92 150 153 178 
1 2 6 7 8 9 10 11 13 14 15 25 26 27 30 35 38 39 44 47 49 59 61 62 63 67 70 71 72 73 74 75 76 77 78 85 86 93 94 97 100 101 102 103 107 108 110 111 119 122 123 135 136 143 144 145 154 158 159 167 174 176 
3 4 5 6 11 12 16 17 19 20 21 22 23 24 25 30 31 32 33 34 36 37 39 40 41 42 44 51 52 56 61 64 65 66 67 68 69 74 81 82 87 88 93 94 96 97 101 108 114 115 118 119 120 122 123 124 125 127 128 129 131 133 134 137 138 139 142 147 151 152 156 164 173 174 175 187 
56 58 145 147 
36 61 112 132 148 157 170 
30 55 80 106 122 162 
17 58 106 130 140 146 
17 43 58 145 165 169 
16 75 101 114 116 117 145 166 
18 22 83 114 130 140 
154 160 182 186 
31 154 161 182 
46
48
53
54
57
79
84
89
90
95
98
104
105
109
113
121
149
155
163
168
171
172
177
179
180
181
183
184
185
188
189
190
