1 2 9 10 13 14 15 25 26 27 35 44 59 61 67 70 72 73 85 93 94 107 119 123 135 143 158 
1 5 7 8 14 25 26 30 38 39 47 49 61 62 63 70 71 72 73 75 76 77 78 85 86 100 102 108 110 111 119 122 143 
3 4 5 6 11 12 16 17 18 19 20 21 22 23 24 32 33 34 36 37 40 41 49 52 53 55 56 57 64 65 66 68 69 74 81 82 83 87 88 93 96 101 104 115 120 124 125 128 133 138 139 142 151 152 156 
28 29 31 45 46 50 60 91 92 109 150 
7 14 43 67 94 99 126 
13 16 74 94 
89 90 104 105 
58 83 140 
42
48
51
54
79
80
84
95
97
98
103
106
112
113
114
116
117
118
121
127
129
130
131
132
134
136
137
141
144
145
146
147
148
149
153
154
155
157
159
160
161
162
163
