1 2 7 8 9 10 13 14 15 25 26 27 30 35 36 38 39 43 44 47 49 59 61 62 63 67 70 71 72 73 74 75 76 77 78 85 86 93 94 97 99 100 102 103 107 108 110 111 119 122 123 129 135 136 138 143 144 154 158 167 174 176 
3 4 5 6 11 12 16 19 20 21 22 23 24 25 30 32 33 34 36 37 40 41 42 49 51 52 56 58 63 64 65 66 68 69 74 79 81 82 87 88 93 94 96 101 115 120 124 125 127 128 131 133 134 137 138 139 140 142 145 151 152 156 164 173 174 175 
9 17 43 58 99 126 141 145 
28 29 31 45 48 50 60 91 92 131 178 
18 55 80 106 145 162 
18 116 117 166 
36 132 170 
46
53
54
57
83
84
89
90
95
98
104
105
109
112
113
114
118
121
130
146
147
148
149
150
153
155
157
159
160
161
163
165
168
169
171
172
177
179
180
181
182
183
184
185
