10 25 27 39 54 55 70 73 75 78 86 101 111 119 123 143 185 199 206 208 
29 41 45 46 48 50 60 91 92 95 109 113 131 149 150 153 168 178 193 
87 117 146 169 
18 22 53 58 64 75 83 117 147 169 
11 39 51 54 87 208 
90 185 196 206 
3 5 19 22 34 40 51 64 68 69 96 101 115 127 131 139 207 208 
30 83 106 146 147 
55 90 101 126 162 166 197 
90 105 129 206 
14 38 47 49 200 
39 49 115 208 
72 73 76 100 167 
9 14 26 70 119 136 204 
1 14 102 158 199 
121 148 197 
2
4
6
7
8
12
13
15
16
17
20
21
23
24
28
31
32
33
35
36
37
42
43
44
52
56
57
59
61
62
63
65
66
67
71
74
77
79
80
81
82
84
85
88
89
93
94
97
98
99
103
104
107
108
110
112
114
116
118
120
122
124
125
128
130
132
133
134
135
137
138
140
141
142
144
145
151
152
154
155
156
157
159
160
161
163
164
165
170
171
172
173
174
175
176
177
179
180
181
182
183
184
186
187
188
189
190
191
192
194
195
198
201
202
203
205
209
210
