3 4 5 6 11 18 19 20 21 23 30 32 33 34 39 40 41 51 54 64 65 66 68 69 79 82 83 87 88 96 97 101 111 112 115 119 124 125 127 128 129 131 134 137 139 144 148 152 155 156 157 162 170 171 173 175 177 181 185 188 190 195 197 201 203 204 207 208 
1 7 8 13 14 25 26 30 32 38 47 63 72 73 74 76 77 78 86 100 102 123 136 143 167 176 199 200 205 207 
29 45 46 48 50 60 91 92 95 109 113 131 149 150 153 168 177 178 192 193 203 
25 32 94 101 108 123 136 171 185 204 206 
9 10 13 14 15 27 44 59 70 94 102 103 107 123 135 136 185 191 204 
5 18 22 58 83 147 169 194 
17 53 54 83 84 147 194 
9 13 72 85 158 167 191 
83 126 146 162 166 186 194 208 
89 90 104 105 196 202 
30 55 83 147 
30 38 75 122 
2
12
16
24
28
31
35
36
37
42
43
49
52
56
57
61
62
67
71
80
81
93
98
99
106
110
114
116
117
118
120
121
130
132
133
138
140
141
142
145
151
154
159
160
161
163
164
165
172
174
179
180
182
183
184
187
189
198
209
210
