155 2
3 155
225 2
136 2
155 136
225 136
448 2
136 448
287 2
17 287
180 136
225 155
406 2
136 406
112 406
54 112
480 2
481 2
482 2
287 482
136 482
188 2
483 2
136 483
481 448
136 480
287 136
484 136
238 484
438 484
485 2
486 2
287 486
3 484
450 2
487 2
136 487
136 450
409 2
155 409
411 2
136 411
413 411
155 413
155 480
447 155
285 2
488 2
68 488
112 488
3 488
17 155
413 488
489 2
287 155
155 489
168 2
75 168
480 168
75 136
225 480
155 168
404 2
480 404
155 404
490 2
3 490
244 2
155 244
136 168
3 2
112 287
112 2
491 2
413 2
492 2
287 492
125 2
136 492
136 493
494 155
136 494
397 155
345 155
3 287
287 340
495 155
287 495
136 495
3 495
293 495
496 2
3 496
287 496
3 136
336 155
136 336
136 244
314 136
136 496
497 244
287 497
112 155
497 2
396 155
63 155
480 287
170 155
293 155
155 497
293 497
314 2
17 314
315 2
3 314
68 492
136 315
314 155
287 314
498 287
258 2
499 2
287 499
155 499
498 155
314 500
498 314
155 500
155 258
501 2
293 501
155 501
136 499
498 136
502 2
136 503
293 492
155 406
323 492
135 155
504 2
136 504
165 136
287 165
504 287
504 165
136 501
502 503
505 2
225 505
287 225
155 504
387 2
504 387
54 387
244 387
498 244
136 500
155 486
155 387
155 505
155 492
506 2
507 2
136 506
136 507
155 507
508 2
155 508
328 2
136 125
509 2
510 2
155 510
155 509
396 2
498 396
225 3
155 125
155 328
485 3
136 510
511 2
155 511
66 2
300 155
512 2
155 512
446 155
513 2
514 2
155 515
180 2
155 180
293 180
319 2
136 515
514 155
294 155
314 294
155 319
404 314
136 294
514 136
498 413
136 512
516 2
136 516
498 2
155 516
68 155
39 516
175 2
479 2
498 225
225 500
287 406
155 450
293 450
136 293
498 168
517 2
155 517
39 396
155 39
518 2
155 518
413 518
293 287
68 512
314 68
443 2
519 2
155 443
136 413
480 500
39 2
520 2
155 520
314 510
244 520
136 518
225 518
146 155
521 2
136 521
155 521
68 521
518 180
136 112
188 136
140 2
136 140
17 136
3 17
522 2
518 522
155 522
155 140
480 518
239 2
293 2
523 2
287 523
136 523
455 481
136 455
293 523
136 343
155 188
524 2
155 524
343 2
155 343
225 17
525 2
136 525
293 407
155 411
155 526
525 225
527 2
528 2
518 528
136 528
518 527
529 2
526 2
518 112
407 2
136 530
136 531
125 531
165 530
165 3
532 2
187 136
533 2
3 529
534 2
530 2
535 2
155 535
536 2
287 536
537 2
155 537
155 532
287 538
538 2
399 2
507 399
518 399
155 538
155 399
535 287
298 287
155 298
298 535
131 2
298 131
539 2
287 539
540 2
293 539
231 2
135 2
155 131
541 2
155 541
155 519
542 2
155 542
543 2
155 543
287 543
544 2
155 506
3 519
3 544
155 539
545 2
155 544
155 545
136 543
136 544
136 539
381 539
155 381
136 541
546 2
136 546
547 2
155 547
287 294
300 2
480 300
543 480
381 293
136 381
548 2
136 548
549 2
155 549
155 231
78 2
155 78
298 78
518 298
518 550
551 2
155 551
3 551
550 2
518 519
551 543
136 551
552 2
136 552
140 551
155 552
553 2
155 548
518 553
311 2
518 311
524 231
554 2
136 524
136 554
518 293
287 231
555 2
155 555
287 554
556 2
136 556
155 556
375 555
155 375
518 287
287 376
136 555
298 136
557 2
298 555
136 300
193 155
293 244
298 2
298 293
558 2
136 558
287 244
131 293
155 315
559 2
155 559
188 522
136 526
136 319
193 136
293 555
480 180
560 3
155 560
298 510
180 125
561 2
155 561
156 2
155 156
562 2
155 562
298 562
563 2
155 563
231 563
156 563
298 563
293 156
75 155
287 411
564 411
112 555
314 293
293 319
314 555
136 561
314 319
156 319
565 155
136 565
112 3
565 2
3 565
564 2
155 564
566 2
567 566
479 406
452 155
225 406
53 2
293 409
568 2
40 568
40 155
226 155
155 53
569 2
155 569
40 136
293 40
452 40
314 452
175 40
40 3
17 2
570 2
3 570
226 2
571 2
136 571
226 175
155 175
226 136
572 2
40 572
155 572
40 2
573 2
225 573
574 2
575 2
136 575
409 294
155 575
576 2
155 576
577 2
136 577
155 577
136 175
225 231
231 521
135 521
578 3
155 578
165 578
578 2
3 231
452 2
136 452
298 3
579 2
136 579
580 2
3 518
216 225
569 216
155 216
231 53
518 231
581 2
155 581
480 231
582 2
155 582
136 231
136 53
583 2
155 583
583 136
584 2
155 584
585 2
298 585
136 585
155 585
586 2
155 586
40 586
351 2
567 2
586 567
567 585
567 40
155 567
