567 2
112 2
333 112
126 112
898 112
68 112
155 68
68 2
911 2
567 911
567 112
928 911
225 928
497 2
607 112
275 2
893 2
155 112
155 893
588 155
3 567
155 3
588 567
328 155
238 328
333 238
800 2
155 800
588 914
3 2
68 3
588 68
929 3
588 929
68 929
225 929
930 2
588 930
68 930
886 930
588 886
231 2
897 2
588 897
789 2
155 789
567 789
567 930
68 567
648 231
930 648
861 567
648 861
112 231
293 231
155 293
929 911
931 2
567 155
827 2
588 827
155 827
932 2
868 932
648 868
932 648
933 2
648 3
801 3
225 933
567 932
718 225
567 718
648 68
333 2
567 333
329 333
930 329
934 2
588 934
567 329
588 800
567 800
293 588
935 2
588 935
891 2
567 891
936 2
567 936
168 567
800 168
581 800
75 567
879 567
713 2
937 2
567 937
567 713
938 713
567 938
588 891
588 2
588 129
897 129
225 2
225 129
129 2
861 2
567 231
889 2
315 889
567 889
588 333
930 800
567 934
789 112
939 2
567 939
940 2
567 940
802 567
588 940
3 112
588 3
75 112
314 75
933 75
604 112
567 604
748 2
941 2
588 941
567 941
319 112
3 319
861 319
940 319
812 2
567 319
897 567
942 2
333 931
897 333
814 931
588 812
567 814
3 897
319 2
293 2
567 293
3 231
943 2
942 567
168 333
861 168
293 891
942 861
897 942
333 861
314 2
168 75
944 2
567 944
942 75
314 567
314 942
588 943
588 112
567 933
886 942
293 886
567 827
280 2
129 567
129 886
567 886
225 588
567 225
75 2
895 112
567 895
485 2
872 895
942 168
945 2
804 945
153 2
333 153
588 153
567 153
567 945
946 2
886 333
800 886
168 68
895 588
947 567
333 947
68 947
287 567
868 2
803 567
567 868
68 333
333 887
155 333
155 911
315 2
852 315
789 315
567 315
852 2
588 852
293 852
852 567
948 2
567 948
789 293
648 891
567 893
673 2
588 673
315 588
673 315
942 893
931 567
861 931
922 2
926 2
588 926
155 926
949 2
225 949
588 949
950 2
567 950
951 2
931 225
952 2
931 952
588 931
567 952
931 231
953 2
567 953
954 2
225 954
588 953
293 953
955 2
953 955
567 955
588 955
956 2
588 954
778 2
567 778
155 955
225 778
174 225
957 2
588 957
958 2
588 958
958 567
