85 2
36 2
3 2
39 2
15 2
75 2
106 2
107 2
65 2
69 2
8 2
53 2
59 2
64 2
108 2
109 2
110 2
66 2
63 2
17 2
111 2
10 2
12 2
112 2
62 2
113 2
114 2
82 2
30 2
115 2
100 2
103 2
68 2
116 2
117 2
13 2
118 2
87 2
73 2
119 2
120 2
121 2
122 2
40 2
123 2
65 40
59 40
124 2
124 8
125 2
40 3
65 66
65 64
40 82
65 82
126 2
40 64
40 69
59 69
127 2
40 127
36 69
40 73
65 73
8 40
3 8
128 2
129 128
59 8
8 82
130 59
65 130
69 65
17 40
75 17
131 2
40 131
132 2
65 132
40 75
133 40
65 133
133 2
134 2
40 134
135 2
136 2
137 2
138 2
139 2
68 40
140 2
141 2
142 2
135 40
143 2
40 143
144 2
145 2
40 145
86 2
40 86
69 140
146 2
129 2
40 129
54 2
147 2
8 109
40 54
129 75
148 2
40 142
149 2
150 2
151 2
152 2
153 2
8 131
131 3
40 132
154 2
155 2
156 2
157 2
158 2
159 2
160 2
161 2
162 2
40 155
69 132
155 69
163 2
164 2
165 2
166 2
164 166
65 135
167 2
168 2
75 168
169 2
170 2
171 2
172 2
173 2
155 8
40 158
40 146
174 2
175 2
126 40
170 75
176 2
177 2
131 177
170 17
178 2
40 178
174 155
179 2
40 179
155 178
8 146
3 146
180 2
181 2
164 40
40 180
155 170
40 170
182 2
152 8
183 2
155 183
184 2
185 2
185 40
186 2
187 2
75 180
188 2
160 188
189 2
190 2
155 65
40 112
65 112
155 112
191 2
192 2
13 192
193 2
194 2
40 194
195 2
57 2
196 2
197 2
198 2
198 40
197 40
199 2
200 2
40 200
201 2
3 201
202 2
40 181
203 2
40 203
40 202
75 197
204 2
205 2
32 2
206 2
207 2
32 40
42 2
208 2
95 2
88 2
209 2
210 2
211 2
212 2
91 2
213 2
214 2
215 2
31 2
155 53
216 2
217 2
218 2
219 53
40 219
72 2
220 2
221 2
222 2
32 3
223 2
224 2
8 220
188 155
40 188
155 12
40 12
225 53
225 2
226 2
40 226
165 226
155 32
226 65
227 2
228 2
40 228
31 8
15 155
8 226
3 225
225 40
174 40
229 2
230 40
230 2
231 2
65 231
3 226
40 229
175 40
232 2
155 3
233 2
40 233
40 192
234 2
230 175
235 2
40 235
226 225
