662 2
643 662
136 643
328 2
555 2
136 555
136 2
663 136
588 663
225 588
663 2
293 136
567 588
567 555
664 2
567 664
646 2
136 646
68 646
112 2
665 2
17 567
17 2
136 17
567 2
637 567
225 637
555 225
567 516
637 2
68 516
136 637
538 637
136 516
567 538
516 2
157 2
68 157
588 157
567 666
667 2
668 2
567 667
567 668
669 567
670 2
136 670
68 567
642 180
3 642
644 2
136 644
666 2
3 567
588 668
446 567
293 567
643 567
643 3
555 643
604 567
231 567
664 231
68 664
244 2
643 244
3 555
667 3
3 2
136 3
225 3
671 2
672 136
567 671
75 671
567 672
636 2
136 636
567 636
581 567
507 567
673 2
3 673
293 3
567 75
125 2
674 2
3 674
136 125
136 674
293 674
68 674
136 671
232 136
567 646
667 136
543 2
567 543
567 125
136 157
664 157
675 2
136 675
567 675
567 136
293 125
168 567
168 125
180 125
293 180
676 2
588 676
567 180
677 2
180 2
678 2
567 678
679 2
293 679
342 2
68 342
680 2
681 2
298 680
293 244
155 681
155 588
682 155
668 682
59 155
59 298
136 59
293 2
588 293
588 342
682 588
238 342
683 681
231 394
394 2
567 683
567 112
588 2
683 155
136 683
588 244
480 2
567 480
684 2
430 2
604 430
555 604
68 684
555 112
238 2
3 685
588 683
686 2
588 686
687 567
688 685
136 684
480 136
581 684
685 2
518 2
689 2
567 328
567 689
103 689
225 689
3 688
616 2
168 616
231 2
666 231
607 567
690 2
588 690
238 690
691 588
664 691
691 567
238 664
75 588
692 2
588 679
567 692
691 2
567 690
588 168
298 588
287 75
693 2
693 75
287 693
238 693
567 238
693 567
588 685
664 679
588 664
567 679
298 567
694 2
298 679
588 694
624 2
588 624
695 624
567 624
244 624
567 685
696 2
588 696
567 696
342 642
697 2
588 697
168 328
698 2
567 698
168 2
155 168
168 231
588 231
193 567
538 2
588 667
699 2
588 699
588 698
700 2
567 700
588 700
588 689
298 2
266 588
68 588
567 244
174 168
701 555
693 588
567 701
3 588
702 2
703 2
567 174
704 2
146 703
75 2
68 702
669 2
174 704
567 702
567 703
588 703
702 588
397 2
567 397
588 397
497 2
604 497
702 604
588 669
287 555
567 287
705 2
702 705
567 518
706 2
707 2
588 707
702 707
155 707
68 707
567 706
708 2
702 708
709 2
567 709
567 708
565 567
688 702
567 688
708 688
155 702
406 2
567 406
518 709
710 2
702 3
702 710
711 2
567 711
485 2
567 485
712 567
588 712
567 710
287 711
713 2
567 713
714 2
567 714
567 715
715 2
666 715
588 406
716 642
717 2
588 717
718 2
567 718
719 2
373 2
720 2
567 720
721 2
567 721
722 642
588 719
588 722
723 588
724 2
567 724
588 724
718 588
588 713
604 588
725 2
620 724
648 620
648 725
648 2
193 648
293 648
726 2
588 648
17 713
702 713
17 702
643 702
17 643
168 112
567 725
567 648
725 588
588 726
669 17
68 726
620 2
567 726
727 2
588 727
588 112
567 728
729 2
730 2
225 730
728 2
731 2
567 731
588 709
112 225
59 2
567 59
712 225
732 2
567 732
733 2
567 733
732 68
734 2
735 629
588 734
735 2
567 735
567 734
736 2
567 736
588 736
737 2
588 737
567 737
567 497
68 711
155 706
588 711
738 2
588 738
112 738
567 738
735 738
739 2
588 739
567 739
567 717
588 666
197 702
180 739
168 180
604 168
740 567
588 555
741 2
567 741
588 741
607 231
718 231
17 3
293 717
588 742
567 742
743 2
588 743
567 743
742 2
604 2
744 567
745 2
588 485
746 567
746 2
747 2
567 747
748 2
225 748
17 225
669 748
749 748
3 168
567 750
744 2
751 2
293 751
750 2
752 2
588 744
68 744
753 2
567 752
563 2
567 563
567 333
754 2
567 754
333 2
755 2
567 755
314 755
588 755
588 314
756 2
567 756
588 756
757 2
567 757
588 17
758 2
567 758
759 2
567 759
760 2
567 760
588 333
287 112
293 738
761 567
238 604
168 238
333 231
68 693
693 168
485 17
762 2
567 762
712 2
604 712
763 2
567 763
764 2
293 764
3 764
693 604
765 764
766 2
661 637
767 2
567 767
136 588
101 2
136 101
768 2
293 768
225 293
40 225
567 40
53 2
769 585
567 769
136 769
583 2
567 583
136 767
567 53
770 2
567 770
293 770
136 770
136 231
226 567
771 2
3 771
567 771
155 770
226 231
231 53
772 2
588 772
773 2
588 773
567 772
155 518
225 567
774 2
588 774
567 774
588 710
775 2
588 775
567 775
582 2
588 582
3 231
776 2
225 776
777 567
588 777
3 735
231 735
712 754
778 2
779 2
567 778
567 766
588 766
