851 480
834 2
588 834
238 480
567 480
567 834
852 834
567 588
225 112
588 225
112 2
333 2
567 333
567 112
588 112
567 2
782 2
853 2
567 853
854 2
567 854
789 567
855 2
567 855
567 782
280 2
68 280
293 567
856 2
3 856
857 2
567 857
761 75
766 678
567 766
588 3
231 112
588 231
588 333
187 112
314 187
588 2
858 2
859 2
75 2
567 859
225 567
789 588
287 2
567 287
3 225
225 2
287 225
588 287
315 2
860 2
588 860
567 860
567 315
861 567
485 861
231 567
804 567
800 567
231 2
604 567
588 604
3 804
567 862
862 2
863 2
588 863
864 2
567 864
865 2
567 865
866 2
588 866
333 866
17 604
567 866
516 567
497 2
588 497
567 497
867 2
567 867
588 867
54 861
868 2
567 868
567 54
17 567
869 2
588 869
866 869
765 2
567 869
538 2
567 538
765 800
688 567
588 538
826 2
588 826
567 826
68 567
800 75
126 75
814 567
761 800
870 2
567 870
789 2
68 789
588 68
293 789
712 2
567 712
601 567
601 333
567 765
330 2
567 330
68 2
315 834
802 567
588 852
567 852
852 2
174 567
174 2
75 112
193 588
567 193
588 601
329 567
333 330
68 834
761 112
871 330
801 333
802 852
567 801
39 2
333 39
3 567
872 2
588 872
75 567
567 872
588 712
873 2
567 873
78 333
567 78
112 712
567 238
17 712
168 17
874 2
861 874
68 497
293 497
875 2
567 875
238 2
876 2
787 876
801 875
480 2
168 333
787 874
800 112
238 112
877 2
671 2
485 2
78 2
567 671
485 567
671 588
333 671
878 2
567 877
879 2
588 879
789 879
78 588
480 68
68 333
333 879
799 2
333 799
880 2
75 880
879 567
781 2
588 781
781 567
881 2
567 881
293 2
802 588
333 293
174 75
882 2
588 882
567 882
883 2
588 883
567 883
567 168
884 2
567 884
287 879
885 2
68 168
886 567
567 885
231 885
800 2
886 112
588 885
886 2
802 497
886 588
880 112
800 885
3 112
887 2
588 887
588 480
567 887
546 2
604 112
567 66
232 567
761 231
66 2
373 2
567 373
363 2
567 363
293 879
888 2
112 888
889 2
293 889
648 2
588 648
588 293
851 2
588 851
567 851
890 2
588 890
238 851
293 852
293 887
68 225
789 852
231 852
126 2
688 126
333 126
567 126
126 3
800 126
3 800
68 852
891 2
588 891
588 889
800 889
588 800
567 891
886 852
231 480
789 225
892 2
886 851
293 886
75 68
800 168
886 315
68 886
886 800
812 2
567 812
588 812
886 812
893 2
852 893
68 893
231 893
893 588
894 2
153 2
588 153
153 567
895 2
567 895
896 2
897 896
225 897
588 897
898 2
168 898
266 588
3 266
3 2
648 3
897 3
567 648
899 2
567 899
900 567
588 900
901 2
75 901
901 68
791 567
3 812
814 812
588 814
315 588
902 884
903 2
901 903
588 901
567 903
904 2
567 904
804 2
567 889
905 2
567 905
588 905
789 905
39 905
861 39
802 861
897 39
567 897
498 567
516 2
516 588
293 153
906 2
588 906
801 906
567 906
886 789
168 801
588 363
155 889
155 78
713 2
567 713
231 713
907 2
588 907
852 907
68 3
908 2
827 2
129 827
607 2
588 908
588 129
231 607
567 607
909 2
567 909
910 2
567 910
225 827
911 2
567 911
225 129
567 898
383 2
861 68
912 2
567 912
3 383
588 912
913 2
567 913
567 908
275 2
588 275
275 225
914 2
915 2
916 2
895 915
567 915
567 916
53 2
843 2
917 588
36 917
588 36
315 917
231 917
831 2
567 831
918 2
567 918
174 588
225 174
712 225
838 2
567 838
231 53
225 868
919 2
567 919
920 2
567 920
567 843
36 3
567 36
921 2
231 225
922 2
922 53
567 894
923 2
567 923
924 2
567 924
155 225
925 567
926 2
588 926
293 926
923 231
155 231
923 155
567 926
155 567
897 155
155 2
588 155
927 2
231 927
567 927
231 3
740 567
926 231
