31 32 2137 12311 1502 11028 
71 72 73 74 7105 2440 
77 78 2116 7396 10246 4472 
138 139 968 969 2235 4398 7334 7804 6892 970 8406 12899 
224 225 756 4290 1570 7535 
256 257 537 2921 6159 6515 
285 394 395 1365 1496 1661 1952 2004 2279 2802 10611 
340 426 1370 3804 6105 11967 11971 12489 
490 491 835 3797 4134 5925 8215 
520 521 594 599 1138 2129 
608 609 3666 5601 11404 7569 
734 735 1017 1767 1803 6547 7520 12380 
740 741 919 3205 10378 13711 1219 
432 1000 2208 3040 11952 12240 12871 
165 1005 1006 1062 1027 1923 1569 
372 418 1011 1044 713 6196 
112 113 324 1477 2156 2939 
349 702 1061 1062 1367 1368 1429 1569 1581 1923 
52 53 1078 1079 11097 8309 
1106 1107 1629 2086 4710 476 1628 3176 3177 5978 10220 
1147 1148 1838 3556 5193 1436 
539 1199 3737 4654 4655 6303 
1192 1236 1282 8797 4217 10286 
395 399 427 855 1365 1366 1404 1440 1661 1727 1767 1796 2040 2136 2653 3115 4582 5033 5071 6343 8068 13191 400 955 799 1163 6544 
70 236 1091 1148 1447 6212 
440 1478 1479 2686 2712 9164 
819 1495 2077 4916 4964 10368 1699 
185 974 975 1503 6157 8024 1195 5452 
1220 1560 1603 2137 2312 2642 4242 3356 
120 1289 1290 1624 1625 3649 7416 7467 
642 643 731 1684 1685 1934 2705 3472 5226 5309 5349 6700 7113 8453 
1173 1704 1705 3325 6471 8093 24 3537 
735 1480 1481 2049 2141 2284 3743 5459 
1787 1788 3409 4311 8077 6040 
1799 1800 1937 7998 8362 7931 
1417 1418 1820 2368 2628 4127 4533 4557 13436 3226 
663 671 1365 1952 2279 2301 5585 6531 
80 86 87 1963 1997 2092 2629 3174 11329 6870 9121 
474 969 2001 2790 2791 11925 
1527 2022 3847 5135 5585 12669 90 
90 1661 1681 2952 5585 1662 8850 12669 
2152 2153 7562 13885 6654 
1274 1365 1661 1765 2241 2325 2471 5455 
653 654 2223 2249 2381 2811 7855 8961 7854 
139 846 2234 2235 4398 4399 6022 6892 9237 9952 4065 4066 
2298 2302 3884 8906 2593 6531 
293 713 1447 2306 5908 6212 10134 11056 10160 10992 
901 2238 2239 2322 2709 1448 
2366 2367 7781 7797 7964 12204 12808 
246 494 701 2409 2535 12709 7517 100 2347 2434 
925 926 1781 5017 950 12403 951 
1264 1606 2614 3042 4743 1893 
677 756 1404 2184 9162 2554 6970 
817 2337 2506 2684 10128 3024 
1011 2677 2687 2861 3736 
678 1099 2747 2944 5890 4206 
678 939 940 2647 4251 4940 
2868 2869 3187 7446 13171 7467 
927 1252 2880 3616 5529 5891 5981 
1426 1427 2958 5688 7916 2991 8462 
19 20 155 203 204 1274 1365 4000 
454 455 1056 1222 2566 429 
349 1027 1140 1274 1365 2022 2184 5455 
908 2552 3074 3077 4321 6294 7274 9202 
237 238 3078 4941 7047 10402 10403 
3081 3082 9747 11114 13403 168 
805 1511 2451 2814 5573 8520 806 807 2452 1914 6488 
1540 1541 2854 2855 10957 4435 
2304 2305 3135 4803 4804 6912 2105 
2793 3154 3413 6625 7679 8158 10158 
1782 2707 2708 3237 3347 7523 
1628 1816 3377 3474 8009 1043 
1514 1515 1590 2184 3378 10834 
56 345 3380 5025 9719 453 6555 12240 
1056 3405 3406 3745 4055 7466 10678 6999 
1010 1629 1716 2738 3408 1628 2987 3372 
31 1425 1809 1911 2245 3098 4093 12888 
429 1027 1569 1767 3452 4137 7569 1973 702 349 1568 2312 6902 
523 1911 3442 3463 3486 7098 
1664 3498 3499 5431 5835 7055 3514 1381 
56 345 741 1809 2082 3098 3100 3522 7042 13711 1468 4155 3805 4027 
90 2112 3616 3617 3625 
813 3714 8325 12245 14148 13671 
168 2906 3812 4085 9840 12253 13384 4696 
420 421 2100 3749 10211 1695 4738 2650 6049 10954 
1106 2086 2651 4164 4198 5813 6057 6427 
369 822 2747 3177 4206 53 
417 3949 4219 7808 8772 296 297 
439 529 1012 1560 4901 7460 9674 447 3957 
1640 2814 3966 4337 8713 6212 
596 893 2426 2427 4893 5040 
417 996 1875 4553 8955 9236 
669 3066 3067 4322 4586 6078 432 
2821 4594 4595 6015 7887 8009 476 4904 5152 5906 6205 6810 8225 11664 1628 4648 8987 7581 1128 
526 527 741 988 1052 2212 6911 
1491 1717 3051 4211 5192 
692 1254 2725 6100 7019 7262 10583 12311 684 2266 2810 6204 
1874 4777 4778 4849 4892 4920 5016 156 
2494 4877 4878 5969 6000 10598 5061 11446 
1274 1275 2630 4883 9970 4976 
2647 4940 4961 5041 5699 53 
1216 1271 4558 5303 5384 1491 1272 2863 
2446 4998 5006 5007 11100 9414 
5004 5005 5614 5961 5093 5842 
1153 1814 2797 2798 4927 4928 1911 
1858 2202 2203 5251 5723 7457 
1804 3671 3672 5273 175 1805 
1092 1093 1492 2322 11290 11515 
233 5465 5466 7187 7188 5538 564 1501 2233 4527 4528 4811 9169 9173 
101 1329 3083 5492 5658 10868 
996 4052 4623 5531 8191 8308 670 10805 11024 
2854 2931 3182 3956 5647 1540 
419 545 599 692 2129 2202 2300 6239 7019 7935 10653 
392 393 542 543 555 1513 
5737 5738 6179 11638 407 12153 
2158 2159 2161 4224 11455 12807 5706 8726 
2141 5801 6883 12551 13811 6800 
1043 2015 2500 5883 8699 2454 
1239 1240 1703 5283 5497 6338 
95 649 886 3254 4671 5876 8758 8773 11408 
1184 4112 6016 6748 11924 12475 4715 
151 152 1993 5438 5627 
2311 4719 6092 6451 8532 2178 
279 615 616 1124 1670 3436 3647 3846 4658 6911 7284 7330 9332 2622 10148 
1589 3293 5459 5651 6165 12115 12674 6928 6929 
3961 3962 4388 5900 6177 366 
1787 2058 6040 6200 6795 8740 1788 
6282 6283 6380 8150 8625 426 
1231 3136 4689 6110 6346 10558 
2825 6092 10176 12805 2826 9317 
114 782 3175 6416 9658 4061 
148 1569 4567 4568 6395 7569 7753 11404 
4452 4453 5857 6437 4665 1144 
3614 4887 5986 6422 6692 9125 
6228 6229 6469 6584 6585 1361 
2527 2528 3148 3823 10931 4417 
248 4935 6646 6670 6749 11136 
631 1457 1458 6689 9008 3723 
2194 6698 8937 9873 9158 2618 
467 6792 6793 9368 9631 468 6963 14657 
2311 2620 3001 4810 6824 6451 
480 481 1514 1515 6828 2294 
317 1200 1504 1825 6159 1247 
95 2475 2476 5651 8320 11705 12674 1589 
829 960 4810 6950 10176 12805 4197 
6946 6947 7043 7725 8491 
155 1128 1816 1817 4615 6334 
4137 4907 7061 7062 7569 7772 7836 8426 8812 10291 11404 1027 
161 952 4892 6674 7247 2062 
432 972 2432 3185 3762 3763 5267 8231 12528 
155 2603 5333 6334 613 4191 4717 8934 10662 
6975 7277 7278 9114 10590 10097 
278 6144 6739 6911 12293 3413 
279 1239 1424 3167 6800 7346 11009 
6885 7350 9220 11606 
1818 1819 2596 3598 3864 9216 
1242 1243 4742 4743 5396 1264 
4918 4919 5057 9689 1698 2017 
2383 5011 5138 6720 6734 6195 
402 5657 7315 7740 8550 3098 701 
1641 3327 7237 7238 7569 7753 11404 7062 
765 766 7243 7656 12510 9490 
211 627 1706 5627 5659 819 
248 3354 3355 3427 6646 9398 
494 575 590 1217 4838 12674 2539 6889 
7279 7642 7738 7910 8283 443 
1479 3825 6196 6199 6454 7771 9940 
2941 4962 6697 7914 11363 2179 
1793 7878 8012 9868 11000 13241 11050 8295 
443 1621 1622 7279 8013 8017 1090 
221 1600 2447 3747 7827 5707 
4777 7930 8135 9483 5184 231 8519 
57 7649 8105 9264 6825 6826 
385 1351 3039 4247 4598 702 
1834 3241 3365 7771 7947 8122 
7974 8280 8294 8420 10240 11092 1557 
840 3458 3939 8302 10412 11529 
959 960 2062 3695 8302 11528 
3633 3808 5235 6433 7060 8518 10428 
178 1432 1433 11808 11159 3388 5335 
6604 6909 8674 9499 8393 
1194 1279 1280 8408 8409 8653 
799 1102 1103 4967 5359 1581 
1147 1232 1969 5289 7462 9099 4162 
1102 1103 5126 6368 13897 6367 
5326 5577 6248 9178 14111 14606 1429 
6856 6857 7982 9126 9221 9567 
52 53 700 907 4628 6455 
166 245 1062 1830 4360 8830 8839 153 154 
765 766 1951 2177 10777 7253 
226 5113 9367 9368 9631 1294 
96 97 6989 9228 1273 
171 419 507 2275 9754 545 
1294 1563 1780 8522 9368 8851 10508 11511 
1264 1362 1471 9338 1193 6458 
385 4020 9967 10953 3669 
791 1539 3695 5434 9830 960 
909 910 1164 4858 6198 9129 
1187 1807 3742 10496 823 160 
1010 1703 1716 1988 6111 8303 8304 
1052 1560 5195 5536 7315 2642 
59 544 3744 9040 9674 10158 10475 385 
625 2028 4242 7360 13064 5945 
3341 3654 6719 7931 3653 
4921 4922 10716 13735 5281 574 
7553 7567 8237 10769 14277 8238 
852 1524 4974 8156 10830 12898 
10651 10835 10899 11384 1715 9707 
2018 3912 3913 10009 10847 61 
69 70 1709 1990 6212 2681 
1112 6198 7194 9900 909 3392 
10933 10934 11869 12309 13187 
770 2885 7510 10965 4836 
3466 6209 6235 6236 7658 4955 
11042 11043 11076 12956 13609 7185 
6853 7244 8357 11155 701 
8594 10114 10290 11306 11361 11905 
338 340 2061 3695 7718 3980 
1958 1959 3342 7574 11246 1351 
5021 5022 5601 6489 6490 609 
2130 3276 3277 7207 8148 11364 1696 
6936 10169 11602 13629 13635 12228 
3902 6302 10430 11471 11633 7648 
1561 6825 6826 6935 10367 11784 9455 5320 
1111 1491 1717 2917 3653 9186 
2015 5049 9770 11884 13135 13421 8585 
301 302 10230 11815 11499 
4198 4980 6007 7954 8456 6057 
4769 5319 7544 11401 7124 
6278 7010 10462 12035 5794 
3895 3896 8460 12053 9821 
25 26 2075 5905 11018 
475 476 477 1490 5970 6197 
4946 4947 5178 9452 13018 6867 
442 696 7331 7612 12240 2383 
8537 9528 12241 12242 9127 
1540 6808 8446 10371 13403 13710 1860 2724 2446 
9365 12242 12313 12799 11817 
12054 12154 12182 12435 1396 
248 1789 4456 6646 6725 12537 
2655 2656 2684 12403 12483 4311 
247 2899 3177 9364 2747 53 
2441 2442 7018 7641 
2317 5236 11113 11128 11261 11636 
623 624 6261 12245 12719 3714 
2900 2901 5464 8249 12125 12674 
1361 1582 2287 6251 7040 1247 
279 5454 7450 12766 12767 8540 
1508 5023 5024 10532 12363 8622 
5243 8028 8029 12454 12935 5244 
327 2611 4333 5996 6330 10984 12772 
309 310 2326 4343 4495 13064 
167 168 4463 4464 5618 11634 
334 335 7363 14362 8018 
10062 11586 12393 13200 6040 
827 1977 1978 3789 3859 4293 6950 7750 
160 3676 4985 9865 10201 2747 
7261 7263 7412 14305 432 852 
693 694 1640 6538 9544 1633 
3992 6279 6859 7574 8972 13485 
345 442 1024 4943 5597 13711 13262 
2234 5909 5910 13258 7411 
110 1479 2017 5057 6454 7273 
407 1273 6768 12315 13504 97 
167 168 781 2858 2859 9084 
355 821 3030 4883 4976 7463 
5503 5504 5507 12824 13358 5975 
7565 8341 13292 14169 
9930 10254 12216 13417 
735 1707 2024 2049 2502 3743 4990 
15 16 678 129 
33 34 35 996 2275 2289 
142 143 844 305 8434 
146 147 7285 1745 1990 
192 193 697 904 
199 200 6017 990 12350 13457 
229 230 6258 1833 3177 
272 273 1354 331 2657 
288 289 3951 525 4105 
380 381 4569 1785 
424 425 432 442 1824 12240 
500 501 6680 1513 393 
524 525 5609 125 
315 569 10196 1424 100 
581 582 9385 1464 
689 690 3390 5570 
708 709 5745 2454 11252 
195 246 714 385 701 
715 716 6011 1931 7698 
726 727 1647 1100 1101 
738 739 1201 1200 
4 764 8457 986 12546 
528 783 5094 615 4586 
891 892 936 7111 
984 985 1726 1023 
1003 1004 2601 1658 11441 
253 397 1045 2194 5487 
522 1077 13928 1759 
452 1151 3856 1205 7081 
1169 1170 5622 7562 1468 
1206 1207 1271 1215 6356 1238 
456 1233 9990 2222 
1314 1318 1993 975 
1191 1192 1350 5220 10286 
1372 1373 7459 2919 8317 
474 863 1380 1319 473 
746 1412 2248 8652 
1445 1446 1927 1570 
1475 1476 2853 1666 10287 
1519 1520 4530 4007 4008 
1521 1522 2191 1581 560 
1566 1567 4280 609 11374 
1604 1605 8901 1376 
1653 1654 9127 2346 3177 
699 1247 1701 2411 1200 
1714 1715 3475 1798 5920 
639 1248 9948 1249 
1724 1725 5660 2281 
1749 1750 1751 1118 3545 
430 1105 1768 1776 
1849 1850 3775 5046 10786 
1463 1859 4915 2353 6077 
1234 1876 1877 1954 13197 
458 875 1878 3331 1728 
116 1265 1881 3709 10723 
1709 1866 1889 1933 2435 
1757 1955 3502 1379 1378 
2008 2009 10388 7627 10230 
2019 2034 7038 1483 
1513 1979 2109 2088 3202 
1924 2069 5811 1022 4661 4662 
1102 2113 2114 2222 8122 
1209 2199 4054 2233 1911 
2025 2250 11148 1845 
2260 2261 10385 45 2300 
2314 2315 5786 1185 3084 
1985 2375 11224 
2390 2391 8272 3071 
2419 2420 2440 2508 
1450 2456 2667 2636 
1408 2461 4057 61 569 
2150 2485 2486 2151 
2364 2548 2630 2338 13064 
2549 2550 11618 2553 
2591 2592 9134 1417 9158 
2607 2608 4842 2817 
1363 1843 2637 3872 
681 1036 14236 1679 
2668 2669 2935 2934 
1609 2718 6816 3292 1608 
2236 2755 8098 2805 
2769 2770 6702 4154 
2318 2822 2840 1036 
2947 2948 3915 1829 7913 
1439 2729 6849 3028 9599 
3010 3011 7476 5118 1778 
2778 3038 5466 464 
3033 3048 8839 1527 3847 
2777 3076 9169 3299 9580 10644 
2572 3112 3507 3693 
3118 3125 12245 3202 1513 
3016 3127 3345 6504 1939 
386 3144 3396 339 
178 251 2567 1020 
1783 2848 3250 1714 
3283 3284 3754 2389 4758 5306 
3318 3319 3513 2811 2810 
720 3389 6431 6611 719 
440 441 3110 1465 1415 
3056 3554 7462 2149 
2064 3560 4378 1703 2917 
468 1295 6662 4114 7376 
2373 3574 7189 3638 3923 7584 
3437 3599 8173 1300 
2884 3624 6016 3648 
1346 2538 3632 62 
75 3701 9674 100 3846 5880 7221 
1523 3707 10215 4133 267 
1548 3066 3716 3834 
1317 1458 3723 3779 2692 
3740 3741 4324 8303 
235 797 3774 5542 7569 
3492 3793 6707 12571 1376 
511 3816 3817 2344 
3820 3821 6873 749 
3844 3845 10693 3912 61 
3869 3870 7500 7913 9903 
284 3916 3990 920 
1166 3934 3935 408 407 
2283 3866 6048 4039 
4034 4035 4073 4927 
4100 4101 13154 727 3013 
4144 4145 11451 4377 12682 
2173 4149 4158 4165 
975 1562 4171 3386 6202 
1305 4180 8799 1421 9286 13302 
4202 4203 4204 4521 
1650 4205 9775 4549 4244 
509 4213 7771 4282 3268 
4227 4228 9977 3206 2642 
672 4244 8119 2069 5143 
986 4287 4288 3210 
4344 4345 4346 1492 4703 12152 
4365 4366 4686 6360 
705 4370 6951 6721 
55 1275 4428 1595 
4441 4442 5997 2175 
4475 4476 5084 782 5648 
4583 4584 11563 
1489 4601 5522 2141 
600 1665 8432 5219 9573 4509 1470 
3225 4664 4665 4690 5175 13909 
451 4687 9595 7026 860 7092 
577 4694 4695 423 422 
518 3832 7067 5493 
5162 5163 6017 6018 
974 3497 5181 3588 
987 4814 5072 4723 986 
4950 5304 7215 5578 
5324 5325 14003 6115 
5351 5352 6214 
1479 3677 4556 1239 6367 
864 2099 2187 3349 
1120 5436 11025 2901 4838 
3295 5439 5440 5693 5042 
1718 3644 8533 2488 
1531 5612 12432 5282 
77 3690 4472 2763 
1134 5779 14133 6376 
5134 5804 13932 116 
2749 5832 8326 4528 4527 
1102 2847 3938 3941 
5852 5853 5854 
5653 5886 6815 3555 
942 2201 5559 117 
5962 5963 6086 7773 
592 1998 2962 591 
819 1297 2633 1529 6014 4288 4669 
6037 6039 12403 1917 
1742 4190 10190 7081 79 
1490 4788 6118 6197 
566 3330 6134 6647 5627 
572 1745 1877 2067 4378 
3814 6166 6167 6827 
5817 6176 6726 1812 
2996 6217 9159 
3731 4299 6224 4998 
2540 4320 6171 6400 
5899 5900 6182 2557 
5 828 2762 159 7121 8501 
1012 1410 6403 2737 
6462 6463 9301 5753 5752 
579 6501 10854 1628 4648 
5427 6509 11427 343 
4787 5745 6515 2298 1062 
6516 6517 14475 
6536 6543 9352 1421 9287 
4262 6639 11664 6681 8009 
786 4623 6591 996 5332 
81 6695 9177 
757 1629 6736 566 
6029 6784 8950 482 11895 
889 6785 10977 2628 4127 
1421 2046 6820 7056 1777 
3544 6246 6830 1143 12806 
6898 6899 8839 1404 
6149 6961 11686 25 13347 
1256 1463 6026 5920 
2737 7004 7087 2016 10646 10647 529 
3374 7096 7569 1988 1569 
6701 7151 11032 2712 
572 1486 4325 864 
7219 7220 10417 1453 622 
2940 7304 9470 2941 
4569 4570 7321 4796 
2060 7344 7652 1799 6507 
1582 1691 7387 1630 6240 7989 
7398 7399 14630 8672 
2180 7402 7403 2181 
7413 7414 8863 7418 10432 
7477 7478 8557 12941 
7376 7506 7857 1994 1995 
1889 6858 7517 1702 
4539 7610 7611 1346 10622 12077 
343 4226 7686 4543 
6735 7699 10158 7712 
2769 7707 7708 7509 
1791 3444 7720 8093 1704 
6190 7742 8546 321 
157 4006 4528 882 401 
4314 5810 7766 75 7386 
991 5399 10814 2279 
7809 7810 8894 8194 
380 4504 7534 7339 
779 1535 12708 2300 
1615 7902 8696 4906 
2743 7912 9911 777 
173 5102 6948 8157 
7965 7966 11025 4838 516 
7996 7997 11129 
430 8018 8019 10024 
8047 8048 8984 9734 9735 
1408 8051 8052 8153 562 
5318 8063 10679 8329 12433 
8026 8114 8187 4059 
6053 8067 8151 1556 
560 8155 8587 596 
41 996 2990 678 368 
8232 8233 8512 7823 2911 
8252 8253 8563 927 10789 
6877 7310 8255 6689 11925 
8270 8271 11338 8582 2342 
478 7279 7519 4978 
1754 3080 9114 7011 
213 8322 8574 
2069 7973 8410 4745 
798 6538 7848 797 
5231 6601 12674 7000 1217 
156 4912 7569 6646 1569 
6576 7152 9656 9672 6577 9671 
8605 8745 11849 2939 1477 
8149 8150 8751 8834 
2335 4014 8336 407 1374 
8885 8886 11055 7138 
4573 6646 6659 3176 
4051 8273 8939 4987 3648 9027 
1055 1056 2479 551 3436 
9068 9069 13053 11754 1875 
120 3243 7336 5357 
9109 9110 11344 3369 
460 3459 9112 7535 
894 4724 9135 893 
6917 8709 9948 2332 
1176 9216 9217 2941 1818 
45 1101 3609 2300 692 
1460 9229 9750 5876 6929 
6565 9279 9280 2362 12837 
2052 9342 12968 7520 
4038 9356 14441 4003 
2896 8358 9381 1560 
1470 9158 9386 9433 
9409 9410 12205 239 
1823 4998 9414 5136 5380 9030 
9439 9440 11262 1695 
503 9463 13171 6418 7467 
3577 9480 10734 5803 
4138 4919 9491 603 7229 
3858 4329 4406 3857 
5254 8863 9335 8538 6328 12359 
304 9555 9556 10112 393 
9297 9578 14393 8503 
9584 9585 9746 6194 
7402 8867 9655 7403 
9727 9728 10274 2650 10954 
7995 9765 13395 2233 3635 
865 5062 14461 2737 5341 
9885 9886 12509 7090 
3980 4836 6950 4848 3981 
904 9894 9895 
9912 9913 12489 10330 7843 
4652 9927 12997 13374 
1901 2692 9976 10404 6689 
3422 4592 9485 10050 1271 
61 7041 10134 10089 
1955 2771 10090 3502 958 
7720 9002 10095 10329 4603 
4567 6642 8888 6617 
1983 9941 13810 5318 10395 10239 
1120 8841 10294 3000 
414 3916 10317 4287 
2087 9452 10332 4298 13026 
8518 8864 9649 10428 
1562 2715 7805 1875 
6170 10395 10679 7695 1137 
1203 5803 12133 8918 
1876 3645 4798 1012 10292 
4298 4757 12824 2300 
4168 10439 10589 4533 
2506 10456 10457 9735 
438 10542 13920 8972 
1488 10553 10976 1265 
2346 3226 6294 6568 
7994 10696 10697 974 
1028 7771 8298 4825 
2601 2602 10292 2604 
3331 5224 8434 1628 476 
2107 10855 10857 
9038 10723 10859 1820 
10810 10876 11072 5046 
2127 9406 10883 967 
3929 9006 11246 5649 372 
3313 3480 10969 3369 9041 12563 
8328 10982 12512 2797 
716 10401 10704 1931 
9686 11051 11090 26 
1051 10134 11037 2306 
8582 11064 11070 9561 
4817 11122 11123 
842 4157 5841 7279 
7918 9557 12518 11188 
1247 5153 8514 10853 
11302 11303 12995 7565 
10015 11373 13309 11761 1875 
2046 4731 10659 9368 6628 
2002 4974 10604 4599 11631 
11358 11450 11633 9583 
3684 3685 7243 3686 
2058 2993 10959 3980 340 
2699 7915 11473 4120 4307 
1408 2681 11487 574 7620 
6452 10834 11498 3094 9084 
373 6212 8547 4337 4079 
194 11721 11765 10863 
6264 11316 11725 11634 5038 
777 11789 13152 1356 
11595 11832 13665 1715 
1238 3196 11930 10050 
1491 6647 11668 7954 4980 11761 
1900 2901 8122 4360 3602 
1142 1370 11992 1449 11924 
1172 1173 5553 987 7913 
1960 12043 12331 
2182 11079 12739 9118 
2756 2757 6904 5496 12278 6602 12300 
3208 3856 9739 5488 8153 
4016 4338 10497 8536 
393 8650 11872 8622 
10632 12325 12326 11053 
1530 8093 8344 1005 1173 
9169 9395 9723 1472 
9418 12442 13256 12724 12659 6689 
190 3522 3528 5008 
5017 5018 11828 6397 
9452 10551 12537 6646 
1642 3537 5438 5627 1238 
2458 5459 11630 4613 
11476 12625 13151 4618 
2265 7457 12643 4976 4304 
1273 5552 12759 5821 4603 
951 7941 12635 10176 
1091 1413 1436 1437 
2373 5599 12823 6226 
12177 12827 13171 120 
9674 10069 12861 6212 
1346 2214 12905 6646 
6336 12054 12907 1396 11773 
1351 8392 12578 1012 1511 
2657 2883 12933 3001 12444 
2901 4361 5463 206 818 
5894 11735 13032 3828 5745 
3278 8751 12690 9738 
12392 12393 12532 
111 11025 13091 11201 4838 
1239 4522 7001 101 702 
4993 12674 13175 1513 
10699 13212 13890 626 
5492 13283 13284 6741 
394 8036 8309 1365 1274 
3505 11940 13554 
7780 7781 9850 3504 
288 944 13425 1255 12823 
2232 8863 10879 10366 
2506 6713 6770 6040 5665 
2966 2987 8771 12245 
525 11275 12334 5937 
12154 13412 13578 13508 
9439 11593 11826 6573 
9126 9564 9901 1539 
647 3066 13524 101 
984 11682 13373 2162 
3136 4033 13723 1132 
3167 3562 7719 7329 
393 2478 5110 3755 
1217 3235 10991 464 5042 
1606 10872 11229 9758 
12594 13939 14290 6832 
2373 3899 12220 8187 
8004 10243 13983 5636 6273 
1926 3026 10220 9960 
3568 5289 8238 4417 8265 10572 
1513 7295 8184 8206 703 
9301 11609 14203 
5589 8587 11768 314 
1176 9853 13197 9942 4658 
6261 13916 14031 9151 
2551 2552 2576 2221 
4617 6380 6381 9566 
3840 5906 10721 2305 
854 3839 10169 8177 
1589 1633 9651 12125 12674 
2299 2300 2982 871 
6825 7332 14612 7349 
8051 8405 10091 7174 
821 7463 14084 8596 
