2950 8115 23915 35541 53602 54383 
777 886 1357 1408 1640 1911 2478 2741 2912 3295 4439 4750 4890 5024 5694 6211 6440 6656 7715 8184 8650 8827 8962 9575 9871 10218 10359 10360 10448 10699 10709 10924 11270 11838 11856 12156 12198 12363 12381 14314 14771 15087 15286 15798 15976 15992 16284 16333 16343 16627 16870 16987 17668 18170 18718 18974 19315 19458 19531 19889 20008 20205 20232 20269 20528 21161 21435 21742 21977 22669 22840 23048 23161 23355 23540 24156 24676 24777 24895 24929 25276 25362 25839 26141 26334 26653 26694 27171 27188 27255 27703 27862 28104 28269 28716 28911 29126 29138 29267 29472 29481 29492 29494 30109 30402 30701 30847 30960 31279 31283 31296 31366 31729 32121 32142 32532 32753 32773 32826 32832 32849 33146 33330 33691 34231 34305 34350 34402 34576 34620 35012 35074 35148 35445 35808 35970 36303 36335 36336 36582 36661 36817 36977 37025 37385 37397 37567 37628 37713 37990 37992 38149 38239 38294 38432 38513 38906 39203 39392 39430 39850 39957 40094 40424 40607 40739 41840 41847 41951 42118 42208 42717 42794 42974 43060 43182 43196 43331 43440 43503 43665 43785 44066 44400 44472 44525 44529 44661 44917 44958 45048 45243 45319 45362 45394 45458 46048 46055 46127 46362 46841 46916 46944 46946 47322 47419 47452 47524 47526 47935 47965 48127 48151 48206 48253 48261 48302 48679 48757 49033 49271 49474 49475 49589 50221 50497 51221 51231 51234 51315 51450 51457 51527 51712 51786 51817 52223 52243 52263 52582 52620 52624 52713 52765 52826 52861 52929 53268 53314 53377 53657 53731 53732 53751 53832 53900 53913 53958 54138 54158 54235 54254 54471 54777 54870 55019 55037 55280 55290 55642 55723 55728 55758 55805 55816 55919 56131 56188 56342 56438 56490 56603 56647 56735 56805 56813 56881 56907 56942 56950 57031 57077 57087 57179 57192 57193 57244 57697 58361 58617 
36592 44847 46246 56806 58405 
2405 8654 13535 15238 42328 
26954 44270 47578 47779 49682 
128 2446 5006 9051 11100 
1418 13247 31401 41651 54362 
1852 22852 27903 44564 46395 53492 
21310 26131 39832 41473 49086 51276 52019 54557 
5804 12171 12527 51512 56997 
3114 7108 13630 13707 55228 
29104 37125 39132 43980 44947 53398 55514 
1032 8642 8643 8649 20866 24564 26068 26772 32996 39860 40546 42865 49231 53476 53974 55079 57624 
149 201 202 212 278 279 439 465 526 544 616 988 1055 1056 1124 1222 1522 1818 2479 2622 2760 3083 3846 4061 5517 6144 6589 6739 6800 6911 6987 7066 7282 7330 7613 7616 7624 8063 9216 9693 11680 11713 13078 14133 14832 16100 17124 20121 20955 21070 21118 21231 21398 22656 25175 26279 26578 30891 31567 31583 31612 32729 34883 35395 36102 38288 38792 39215 39470 39819 40261 40359 41409 41414 41661 41785 41803 41953 41958 42259 43233 45981 46318 46827 47556 48040 48505 49126 50667 52687 52741 53781 53944 54509 54761 55335 55591 55803 55991 56271 56334 56739 
3899 25398 31414 34213 37307 41244 43203 43583 49967 51910 52608 54356 57326 
8607 16370 28395 32243 41659 43243 50007 56928 
4869 6828 17494 26195 28791 33660 39647 48769 54128 54258 56804 56893 
34956 36714 39001 41149 44408 53691 
27174 42515 51232 54362 54380 
7978 17938 17939 19087 19412 30821 47881 54084 
822 1099 1566 2882 6058 6392 8969 9083 10274 11990 16080 
2572 5822 43530 52950 
3142 19779 20497 25531 25532 28760 31205 37224 37676 37985 39523 41770 42347 42670 43296 44056 44300 44989 45910 45941 47713 47765 47840 48524 48824 49564 50970 51298 51417 51687 51937 52493 52584 52699 52903 53128 53279 54061 54849 55026 55307 55391 55406 55687 56521 57046 57205 57816 57875 
9832 20491 32036 40572 52790 54472 
10924 15282 18736 21765 27558 32112 34620 36262 37773 39672 52233 55484 56188 56999 
4552 20202 31096 43457 53644 53691 
7768 18581 24268 27426 30405 39392 46449 51490 52814 54990 
22561 32030 32031 53000 55679 
2494 3540 4878 4942 7806 18941 22743 30815 34815 43989 46136 55996 
16780 17610 46745 50346 53558 53698 
138 7791 32323 47000 53697 54071 54674 
14 77 832 1535 2260 2300 3914 5491 6429 8199 10563 51522 56707 
13886 13906 22365 31414 47584 53126 54036 54922 54930 55142 55172 55271 55407 55514 55811 
25960 50482 51819 55988 
1903 3899 20946 32891 38807 44453 49967 54146 
866 867 3817 22096 31496 32972 33349 34170 34482 37394 49389 58222 
1718 3644 5646 5690 8413 9189 9190 12462 14590 15602 17580 19172 23842 24997 26508 29171 29617 30897 33324 40850 44746 47619 52429 52910 54054 54426 55275 55286 55413 57059 58042 
11711 16737 20283 31232 48340 55695 
21310 25777 29294 32505 34038 35497 35827 40150 46730 48440 50178 53462 53599 54405 56150 56207 56444 
28555 32979 47573 52971 56165 56600 
1211 1317 1458 3723 3779 5478 11254 34755 51809 52523 53135 55656 
7736 10070 14618 33813 53205 
17549 22709 31096 53033 53096 56468 
448 449 3407 3613 4368 7978 8132 9546 9874 10396 11006 11956 14562 17766 17939 18596 20261 23082 26510 29880 30185 30670 37426 38445 39039 39189 40746 41198 45201 46502 46623 48609 48829 49707 50394 52306 53003 53453 53625 54545 54848 55052 55348 57199 
17902 31099 34358 42581 53702 
3250 3518 4084 4727 5102 6230 9125 10409 12219 13519 14090 16391 19348 20200 21941 28773 29405 34534 40868 52562 55539 56626 58026 
8986 14356 28779 43326 46049 48148 50333 54759 55306 56136 56492 57082 
12021 23406 46612 54829 57640 
1376 1377 40098 49915 50462 
58 1153 1435 1911 4055 4928 5492 6303 6546 6661 7087 7254 7577 7865 10756 10916 11023 11143 13844 14336 15753 21213 21231 22524 22751 25881 27626 28740 34532 35259 35647 35855 36301 37812 38479 38626 39798 39802 40712 41744 42077 42837 43574 43779 44691 45618 47061 47064 47081 47608 47849 48397 49957 49979 50158 50518 52427 53941 54020 55975 57229 
5269 5270 8406 31674 39677 39776 48769 49766 56420 56460 56593 
1732 9430 21377 55044 
11351 21995 34944 51755 56073 56815 58306 
148 1818 2949 3718 4137 8632 9689 14599 14704 19013 20918 27563 28111 45296 50872 50895 55782 57882 
649 1344 5479 5876 51112 53640 
3839 39661 43728 46259 53599 55643 56924 57572 
7765 12413 31364 31991 39292 44732 49866 51308 53599 55710 
600 11766 32295 38849 53697 
32389 33905 36671 48498 50959 53718 
4084 21310 24545 27353 28247 28786 33934 34424 35195 36032 39081 40082 44660 44735 46259 46294 48145 50136 50344 51276 52332 53544 54052 54283 54538 54557 54945 55500 55634 55813 56203 56986 57333 
28296 32505 37028 51983 52263 52326 
168 7057 7775 13489 13707 53248 55228 58347 
4147 26628 29161 35588 
59 616 2309 3167 11025 13556 16100 29963 34255 36149 41515 48032 54509 55591 56334 56546 58274 
8570 10654 14638 17256 19866 31150 31541 41498 53830 57940 
14300 21379 30606 52828 53198 
34318 35931 43220 52929 52941 57415 
33391 44327 45500 48871 50910 55142 55172 55735 56856 
1341 14425 27991 40956 
10685 12309 37286 49716 52212 53516 
18979 29646 33266 37155 39897 43317 43333 44444 48800 50159 52170 52769 54998 56297 57146 
2002 3175 3545 4396 4599 5315 5401 8008 8155 12439 16472 19167 20142 20799 21479 28207 36000 52293 53722 53941 57094 
27743 47573 49092 51046 52346 58627 
456 1635 1811 3418 13593 17224 55078 
14771 24155 26096 26558 27271 29363 29520 31096 36223 36949 39081 39292 41926 43075 44848 45443 46793 47397 48221 49925 51902 53599 53735 54635 56924 58187 
4921 4922 9087 11521 15004 20005 21377 32937 40607 55044 55578 
638 639 4155 6917 7877 8709 9948 10551 16644 29442 38396 53883 
2366 11534 36330 44298 53041 
400 1366 1440 1662 1727 4374 8850 23192 
7910 17561 52905 53102 53103 53269 53503 
7251 28932 31026 40287 40288 43808 53052 53728 56204 57456 
14339 26141 40973 48588 49114 57884 
25935 29815 35164 42587 44478 47455 48846 
364 2791 7105 7280 10454 11365 15370 17549 18897 22180 22709 26131 30566 30640 40374 40517 42663 43495 44670 44676 48974 50154 51620 52054 52137 52260 52543 52750 52865 53273 54586 55850 57100 57110 58296 
5712 11743 49518 50130 51633 51686 
6240 17853 19345 22852 29016 32605 41288 43626 43967 44273 47054 48209 49902 51055 52445 52456 52724 53009 53066 54591 54642 55473 55625 55749 55787 56196 57026 57039 57475 
5835 25871 35981 46449 46461 54669 
14452 23778 27280 28772 32593 33837 34437 34527 34905 35417 36309 36376 37448 38975 40422 40423 41713 42268 46924 51470 52546 53169 53521 53552 53901 53949 53973 54005 54013 54046 54090 54601 54720 55583 55745 56159 56485 58184 58630 58665 
1470 1666 4730 5219 9893 36032 
9014 21087 34168 35231 43609 50896 51020 51465 53781 
12910 31026 37523 50062 51000 51263 51774 53857 57584 
114 115 4061 4599 8921 10817 10823 15717 16688 17592 19798 20799 21231 22338 24736 28647 28821 34656 36000 37968 39724 44639 46304 46305 48175 53722 53941 54840 55247 57094 57152 58022 
629 25313 42294 42814 53321 
1978 2769 4548 9318 16522 
1522 7131 21231 30329 34256 42077 48304 50940 53323 53941 
3064 3153 4304 6944 9751 16386 17779 19618 19939 28334 29856 30749 32973 34079 34831 36043 38573 39362 44051 44294 48076 48459 49788 50757 51525 51589 54774 55119 
616 707 872 1056 1767 2126 4304 4687 5054 5467 5880 6649 24098 27021 28334 32928 37599 38792 40850 44437 53745 53952 54859 55371 56315 
3901 4507 21157 30839 48016 58474 
5 1482 3593 6451 20318 23757 
3941 5544 7060 17592 39433 48206 
3228 24145 37340 52243 53438 
1559 10874 24299 35741 41256 41757 49241 51450 54926 
322 18658 20067 52174 56786 
2002 18435 25560 55078 56378 
96 1632 6989 7233 11795 20408 20751 33068 45817 52411 53356 54412 
21398 36102 41101 50676 50940 53988 
7131 7554 18960 19758 29414 40442 53892 54861 
224 225 756 4290 
15617 29049 37990 50230 52272 55410 57220 
10509 20669 34278 53678 
42144 45424 48785 55799 56631 57729 
10656 19809 50447 56983 57708 
14715 27492 38810 51569 53576 53766 55051 57242 
31817 42529 47222 48309 53767 
1027 1061 1522 7087 13756 16471 21231 24308 32289 50736 51789 53757 
1991 8058 21178 22656 23835 50620 
13473 18506 23146 50785 53754 57101 
1451 2373 3403 3899 3922 12473 16252 20946 25167 40469 44453 53574 56379 
33301 35981 37747 39606 40650 45500 46132 46519 49716 52909 53903 54283 
414 9326 16001 21403 21404 22112 24895 26983 27324 27515 27702 29363 32142 37120 38651 39922 41861 48650 52014 53580 54523 55028 55037 55296 56218 56438 58019 
43274 48404 51356 51890 52708 57018 
2203 7775 10298 13384 18582 19054 40613 44446 58347 
3296 4034 7827 9640 23767 31076 35754 36252 52754 54053 55058 
18899 31096 41473 43457 43533 56468 57100 58374 
2480 11054 16342 26968 43586 
29958 32104 44952 48977 
1137 2581 2830 10076 34883 54588 55929 
12843 25502 27820 40653 53640 53964 54874 57465 
14773 42716 46939 49783 58263 
1091 1447 2320 47700 
279 5646 5939 12968 14570 19389 28334 35596 40239 50640 53737 53745 
13216 30141 37627 43600 44639 56000 
10924 12816 19963 27644 36431 37992 39106 42897 46020 47807 52794 54547 
2652 6128 14420 17322 21144 52129 57331 
25156 33052 34406 43825 47887 52862 56737 
1705 4014 6471 7745 8093 28870 
9134 31502 51912 54394 
4506 12530 14115 14662 20148 20773 29186 31124 31143 32840 32901 37290 39835 40262 43810 43923 43962 45363 45780 46428 46697 47073 47236 47674 48384 48715 49089 49349 49727 50593 50838 50959 51192 52203 52515 53689 54732 55363 55660 55836 55998 56337 56407 56498 56782 
3777 18890 44252 57057 57058 
12413 16354 24155 38713 41234 42553 47397 53599 55710 
2898 7775 21088 23184 40613 55228 
2082 2488 5646 6069 24308 29617 40938 
3787 4251 4944 22838 24308 33729 42310 42706 53650 
17453 29074 35938 38332 40997 46232 46967 47834 50828 52019 52601 54312 57952 
15264 16508 16509 18256 21053 21356 25915 35372 36998 40209 43818 46127 50532 53761 54158 55633 
13187 35234 49593 53497 54170 
3762 5777 7017 7261 8312 34849 43609 53622 53781 54834 56387 
58 1435 8319 26279 31567 43737 47061 48173 53745 57229 
19389 28962 29653 29675 47557 
22042 22489 22920 25746 27722 37362 45269 47601 57069 
1138 1478 2209 2830 3276 28988 35562 35673 35674 43968 52967 
136 177 44076 45703 45889 
1018 3728 7466 7569 8863 10345 10406 11151 14599 14704 18428 25642 29934 30616 30731 37910 39470 41633 45113 45296 46784 50736 55400 55782 
3718 11441 32382 37082 37758 37961 41301 41982 45155 53666 54364 
560 3153 8155 19861 28046 45501 50695 54322 56387 57827 
36592 40117 41235 43303 50828 
3472 4854 13942 33388 43440 48679 
5760 19506 19507 19550 26383 53409 
1346 2214 5047 5273 5484 5563 7992 9869 11824 13392 13818 14011 14149 14678 16869 16937 17308 18769 23680 23812 27550 31915 33510 34291 37300 45807 48947 56364 57755 
1273 2231 9825 12759 24732 26653 33859 44016 
979 28561 47376 47504 50991 55403 
39588 53808 54219 54298 57183 
22 1739 13115 23418 29492 35596 
7343 17732 28194 32392 37736 43226 
68 1877 1990 2149 2964 7098 12674 17074 25861 27663 53757 56961 
138 139 968 1556 6042 6349 8235 13446 38795 54033 57882 
13974 32724 37883 53040 53814 54081 54180 
474 2001 7105 11797 41552 43495 53542 55369 
562 2187 4990 7148 10353 10972 14599 16212 16873 18258 18565 22751 26412 27563 27586 29883 31567 33838 45934 47921 50158 55400 55782 56315 
19242 19243 51859 52186 53476 
148 149 14599 33838 40883 
425 560 918 3064 3471 3716 4214 4322 5537 5544 6794 6944 9137 10123 13593 13796 16292 16895 19309 25702 26250 36043 39440 45163 47749 48459 49527 50395 51589 52168 56387 57827 58425 
263 275 561 1306 2083 2622 4213 5689 6009 6158 6853 7244 8023 8103 8241 8357 9940 11040 18036 19603 21198 21207 25630 28695 29310 33028 48267 53176 53866 54042 55462 57538 
822 2747 3177 6674 7600 15586 16080 23333 42058 55995 
843 1429 14635 16035 34596 57596 
3323 7244 8783 17496 17610 21005 24636 29323 29392 29492 31863 33115 38408 41840 41949 44661 46456 46841 48145 50721 52860 53913 54471 55058 55861 57316 58481 
28393 39453 45995 53821 
6533 6534 20258 20259 21765 23433 28911 32112 43060 46048 52090 52403 55153 55484 56188 56369 
3064 3166 6794 7546 19939 23760 27226 30749 32973 34695 45163 48397 48459 52308 
8295 16890 16891 28295 54181 
4236 12742 13974 30246 36312 
1436 1500 1622 2712 3046 4200 4400 4401 4642 5042 5954 6248 7360 10791 12109 13000 19157 26142 26637 26968 27344 27490 27759 28008 28461 41054 45664 53963 54075 54102 54322 
148 1010 3064 5042 7569 14599 19389 19618 32698 53745 
3763 13867 31828 32511 37627 50241 55284 56672 
120 2045 33522 44405 49072 54320 
602 1877 9689 12490 30328 
3899 9141 34821 38348 53574 55849 
7174 7175 8206 24684 27654 53829 55929 
5059 28552 37211 49428 50573 50706 52876 54098 54106 
1622 1910 1961 1962 3134 7468 15609 28690 51112 56567 
114 1429 2126 8155 8783 9986 15151 16688 16832 19798 22338 22700 23821 27970 29803 32470 34095 35025 35158 38290 39724 41126 45076 48175 48980 53722 53941 55247 56315 57152 
1799 1800 1937 21468 37938 
39998 47049 47201 56494 
16991 43103 50722 51714 53243 
232 233 685 1472 2749 2778 3635 4811 5465 5524 5526 6470 9170 9395 9507 9580 9723 9765 10288 10379 10546 10644 13521 13679 14873 16286 18068 25817 28176 30799 31347 33635 38467 38938 39040 40712 41661 45753 51686 52482 53845 54308 55383 56661 57299 
7441 7442 17121 32573 43953 52625 52934 55801 
148 349 741 4930 6746 13372 22751 27563 50736 57464 
1712 1713 2421 4326 12064 14335 19005 37772 50998 54775 55087 
6394 10361 13035 16873 38615 
913 1429 3184 4208 4296 4411 4975 6883 7042 7380 7980 9681 11322 11771 14370 23821 28522 42523 
5946 5947 9705 11824 19460 31915 43869 
3184 3322 4111 24358 24897 35231 38290 41209 48090 53941 54434 58064 
552 1018 1767 2125 4990 16943 20579 22677 34710 47608 54859 58703 
5101 9662 14282 16484 16485 17833 29361 47538 53832 
793 1556 38081 38849 45091 
94 4246 10143 16109 33114 38497 53835 
10398 21986 29709 30280 44947 52394 
2609 3155 36623 52019 52352 53033 55120 56945 
1618 2521 4240 22059 53820 
1530 1734 7954 8344 9903 19629 35087 53744 
6636 19647 28675 32890 38876 53667 
15262 26653 38986 45936 47524 52991 53036 54870 
180 415 924 1714 3512 4589 4950 4954 6290 8110 8212 8698 9712 15881 17279 20612 24636 27034 29138 29293 38810 42541 47922 52153 52435 53102 53855 54190 57331 
4909 27947 33504 46128 54276 
5237 24893 31623 52387 53827 53854 
8 20019 38098 50897 53858 53881 
21116 27944 33560 34206 42135 44728 46061 48331 55241 55631 58467 
9693 16302 16979 25084 30472 32936 56334 
4546 7904 8332 12626 15803 32402 44404 46279 46987 48641 52003 
163 2197 3899 4036 5134 28658 30405 33859 34821 36977 41074 48747 53213 54600 54990 55997 56997 57326 
6 2001 28241 31405 49331 57010 
30592 32125 46880 48660 53871 
1217 8102 15573 23225 31298 34078 42612 46682 
6432 7748 12198 18503 23116 23904 36696 45535 45645 48235 56144 
18642 26606 46390 52340 53512 
6054 14486 22512 25981 27554 31599 31947 37529 41151 53161 54724 56250 
4746 49831 54080 57049 
1527 2184 2230 3197 5135 8850 
40280 46329 50062 50995 51000 54536 
5484 5947 8035 13146 27550 31915 37390 41408 42211 56364 
10022 41498 42482 45168 46187 48171 48246 48253 55799 56465 58180 58273 
36557 42663 46127 48974 52019 53033 56468 57100 58296 
3640 30735 37036 50765 53879 54292 
3382 7014 35199 35341 45878 47590 53447 
16185 40840 43303 43722 44478 48431 51782 
6006 9896 15516 57879 
1089 15384 21362 28749 35853 41182 46472 46932 51362 51592 53161 54724 55710 
4386 4387 8176 9886 10650 12509 14915 33242 37086 40406 52434 55411 
16084 19268 20664 52303 52478 
7768 42122 52814 58494 
40264 42813 43135 45188 48746 57207 58062 58727 
4314 5316 5317 5582 5625 7419 13814 37478 42833 48230 
148 349 5497 14599 29368 42259 50620 54248 
8119 8366 16666 16921 20751 25931 32534 34608 51176 57874 
27052 35265 36437 37778 42116 42298 43333 46855 52769 53145 54997 55626 56888 
721 2348 2526 15717 37599 39724 
1018 2526 34710 35544 36984 37599 46556 53745 54859 
1491 2917 8304 8688 12822 24248 45526 
1870 10629 13385 14881 27839 41118 
741 1709 2119 7463 20192 21087 28538 29492 31828 34168 37949 42159 43390 43600 44620 47453 50241 53781 56557 58053 58064 
1055 14599 14681 14832 27563 28740 33838 42077 50736 
285 2305 4804 14883 17657 17809 
18986 40044 41202 50486 53111 
1338 5043 5561 6057 9988 42555 
97 3507 13161 13163 32329 32562 56522 
37114 37467 47445 49557 53933 56955 
17932 24728 38905 40264 50112 50802 52808 53876 53904 58727 
663 1527 2022 2536 5268 6531 9162 11300 58274 
3603 5517 7221 20532 50250 50399 56546 
31 1911 3137 3442 4155 7315 45721 53734 55591 56546 
7380 7980 11771 16628 27388 28035 29963 31055 41633 47408 
622 1453 1919 12524 14360 17203 39776 
1853 11503 21019 27903 39762 
445 14893 16089 17585 24904 44215 46010 51574 53374 53908 
9124 9731 13904 15782 27785 
4490 16519 23554 36973 50499 52029 
2635 5047 12657 16204 21953 38344 43528 52876 54098 57956 
95 3071 6510 8773 45825 53913 56114 56805 57331 
12769 25971 44400 44898 49381 51457 55255 
10005 20124 25842 25971 51457 54138 54835 56045 
6837 37254 40760 46450 52320 52325 53778 53916 
631 28862 35978 36162 45102 47044 54487 
2463 3284 3296 15594 21005 25834 33708 48090 53913 55058 55532 56603 57316 
2422 3526 3974 5023 5145 7808 8226 9156 10005 10006 10359 11141 11838 13966 15421 16348 16627 18895 19315 19458 20426 21977 22669 23434 25842 25844 25971 26653 27409 29573 34854 34904 35012 36303 36340 36582 37428 38766 39650 41847 43060 43151 44309 44400 44917 47677 50091 50142 51786 51894 53731 54254 54777 55255 55290 55333 55476 56131 56144 56532 56942 57087 57179 57697 58361 
1029 2162 4498 21523 23433 33303 
6580 18710 53508 56521 
2949 6069 17580 19580 20772 24308 38288 49359 54168 56161 
35972 37526 42246 45269 51890 53033 53096 
11141 25502 26983 28489 30535 48257 53156 58361 
2663 3216 8119 9228 9701 16963 19376 45817 49734 53356 54412 
5724 12065 13319 23255 24296 25465 25466 25555 26626 28249 35131 40818 42178 53902 55201 57198 57331 57769 
408 3935 51551 54725 
2897 35131 35137 35981 44637 
595 3846 27563 43924 53941 56334 
197 895 11660 29968 37713 54471 
2018 2712 4400 4919 28988 43968 45125 54322 
1541 2855 2931 3182 3956 15690 33324 36361 
39855 44566 47374 53229 58500 
1353 5828 13241 13764 14321 15853 22506 23754 23978 28258 29836 30174 32593 33847 34571 38340 47975 54181 55379 
28781 32544 33943 38089 38675 43581 46028 54599 
3438 6323 24399 31060 39203 54599 54990 56997 
4743 19304 35451 41508 41592 45189 46292 47004 53293 57052 58063 58737 
432 446 5544 7242 8312 12677 12834 22906 24897 29614 46482 46676 52836 54434 
40332 40484 41029 43141 43224 43916 45478 54084 56243 57306 
11896 30541 36239 36613 52608 57326 
642 731 2705 10932 31530 47811 51088 
5901 18067 43147 47322 53735 
16173 22793 25978 53953 54171 
42348 43655 44588 53957 56079 
19127 22767 30934 31015 53772 55707 56674 56749 
7571 17733 31428 53529 53845 
672 8119 42394 53959 
18877 30639 32413 46964 52429 56391 
10742 15086 25931 31047 47875 
3056 20211 23150 31521 31567 39684 
14309 19748 21976 32925 51554 56756 
4527 4539 21953 27550 33885 41408 44164 45807 
17304 39435 53966 53972 54745 
9126 31954 37354 44142 46460 46772 48254 50630 50653 51604 54405 55877 56277 
1056 4990 11680 14599 16212 16979 19389 20121 21070 41953 44620 51465 53781 56334 58053 
2821 4648 6015 29313 
1655 1804 12294 15170 24911 25602 32887 33914 
5517 21398 22222 30814 31034 45721 47181 54785 55335 55839 
6691 10866 19498 57445 58100 58551 
27734 35527 40868 51513 53971 
207 551 919 4054 4593 11222 13072 13153 16148 16899 22962 28316 32511 32928 35544 38618 53941 54859 58703 
21760 42361 43566 45997 52362 57156 
4672 9045 12460 25149 51112 
2478 15955 29735 30526 38102 44253 46194 
33871 41591 44019 50418 
12637 18008 18897 47190 53798 
1667 16933 20751 44074 45817 49495 51371 53356 54412 54487 57874 
5720 33560 45459 49358 49484 57844 
2626 8777 10239 11248 11680 15126 15497 38626 55591 56546 
15588 32843 33926 36188 36501 41454 43649 45314 53679 53680 54715 57724 57725 
29199 35460 53960 55346 
15763 21672 24760 36362 37529 37655 54724 55126 58402 
35025 39724 40735 40909 41744 53941 54840 
3704 4600 39455 41945 53941 55247 
502 2049 3083 35596 38899 39796 53745 55371 
35168 39441 42109 42927 47191 48820 53052 
4732 11271 11359 12020 35736 53680 56611 56687 
1054 5153 5639 8699 10095 16338 30790 31760 38082 41226 42874 44583 46036 54190 
9423 16714 51265 53994 55060 
1282 15109 39097 40653 40674 56067 
6269 16949 21938 32892 36048 36344 37273 37378 38758 39464 39595 40084 40640 41024 41305 44374 48395 50354 51044 54052 54380 54550 54718 54933 55538 
702 740 760 1818 1876 4062 8935 16471 19389 20565 41631 51789 
595 1136 4600 6119 8889 53941 
10997 33275 35315 53996 54419 54954 
3578 5754 27947 33414 49229 54668 
3556 19126 31153 52802 58062 
20713 23401 23402 44334 48125 53213 
317 3766 5317 22921 26023 52029 52356 
4908 8163 39858 47523 52029 
230 4097 7675 9215 12453 12524 27878 40253 52287 52298 54004 
1632 2663 13359 25991 34335 39314 45746 45817 53356 
1935 2901 5231 11010 12674 51636 53913 
34696 49709 54014 55680 
29942 32751 33301 38030 42810 53514 54726 55039 55678 
24958 40514 43470 52797 56477 57525 57694 
8582 51680 52453 55850 57110 
948 949 1338 3260 33814 54017 57293 
4593 29671 35544 41109 41744 46556 47608 50640 54859 56315 
8312 9316 9692 11130 12511 43600 44737 53074 54434 54880 
37653 48717 54025 54367 57493 
26392 26772 38196 50617 54025 
1454 2223 16151 30154 56385 
33898 53798 53923 56246 58112 
17169 35981 49656 54032 54225 55153 
638 1782 10551 33317 39994 
14081 23887 35192 37924 48602 49804 56555 58555 
37446 50950 52190 52596 
1893 41042 45756 49319 54188 56909 
13420 26574 28189 53232 
9540 19087 19395 19412 32458 41307 47881 47882 48287 49467 51320 53800 53998 54584 54673 55303 56203 56677 57803 58029 
9751 15691 16934 17358 20856 24056 32627 32660 37983 40726 47523 48944 49335 50314 51382 56731 
4084 14771 18260 18429 22945 28786 32747 33190 35269 36606 36994 37664 39081 40868 40989 40997 48145 49484 50136 50199 51276 51341 52170 52257 52271 53158 53316 54273 54283 54557 55050 55240 55500 55813 56530 56629 57449 
8755 11154 16769 16973 30986 55683 
846 8431 14730 16370 17584 39341 
1528 22152 22560 25930 28952 29121 29568 30515 30830 39752 39888 43506 52457 54850 55552 55715 57852 
35680 36354 36869 39776 44868 46656 54047 54141 55832 56420 56653 58559 
1754 2151 10067 51818 53277 
1748 2359 2543 2544 31263 
14081 19874 34514 35751 44215 53800 55579 57083 58555 
454 4907 7042 7466 14599 50872 57464 57882 
31942 35530 48918 52194 55702 
510 832 1910 9179 58575 
14771 15485 20708 29049 34338 35939 55066 
398 4429 6339 13402 22665 
6897 13883 45221 49857 52110 57294 
1006 1055 1329 3728 5880 6212 9491 16688 22158 28012 34256 39470 48175 52741 53941 56334 57516 
4222 6525 25736 40709 55654 57789 
1212 3723 12036 16370 50134 53135 
1208 3302 20399 20648 29822 48747 
177 814 18503 29180 54856 
6628 22240 48274 54320 55240 55732 
272 1454 2223 2249 29910 49980 56385 
442 13072 29999 40239 53952 54859 55878 
29240 50583 53996 54419 
435 1028 1029 14476 20376 48267 54392 
2526 4304 15151 27970 28334 39796 41109 53007 55878 
560 6880 22697 27861 43586 51442 
861 9595 9959 50666 51493 54765 
850 3735 4118 4539 17631 18328 32961 33510 
306 1728 13624 29293 44583 
1215 2589 4558 5384 12781 
1513 5146 9004 11630 18242 37411 53913 56805 
4302 6482 11435 14806 29619 
8622 12193 19323 31225 33388 45577 54006 
3840 24804 40452 41566 46352 47061 55641 
2679 3733 22262 26811 29549 50640 
4737 6861 9925 11185 
6567 14422 22435 33694 38329 44683 44823 
12945 21407 26271 40372 53929 
740 741 1945 3175 6416 15430 21231 53941 
334 335 7363 9244 55996 
148 1018 1368 2526 7131 10475 16943 27563 28316 36102 38629 41744 41939 50158 53952 54859 55878 56315 
200 414 4084 7252 45696 53161 54538 56105 56825 
1063 6061 12536 12806 22638 22776 42022 48212 53479 53705 54659 
19249 42927 45275 46113 51712 
2373 3899 18458 37431 46199 50029 52176 
7073 19433 37233 39224 45009 53467 
4894 5573 13885 14547 17127 32955 39602 39919 54226 54466 
5091 18943 27143 50974 54603 
4414 36944 46797 55119 56059 
9221 9627 9901 27780 34605 48389 54056 54286 
5023 6731 14348 33743 54073 54074 
13639 20706 33175 52698 57793 
33301 41020 44613 50018 52909 55688 
36916 41020 42735 50962 
5723 7775 34142 42518 48144 48275 54910 54962 
3787 13259 16937 18191 20728 
2944 7096 7940 10375 10681 34574 36950 42980 
33634 46909 48572 50240 54100 
13035 14599 16979 23594 27563 27585 27586 43668 
3850 3851 11203 15073 31121 49266 49682 55641 
8773 14420 28359 33064 56114 
314 561 2466 10475 27376 38573 56387 
433 10915 15508 31164 39315 57462 
1940 2525 11630 25515 34710 36984 53952 54859 55371 55878 
4916 16169 23629 53819 
385 2346 7098 10652 19057 20263 25106 48090 57052 57316 
3184 15602 17580 32936 54168 56161 
18516 26131 32190 40633 46793 50303 52257 54283 54538 57324 
777 3525 15617 21116 21543 51450 56945 57033 58009 
9228 19351 23329 34335 45746 53356 53372 54487 
12910 16031 23724 27673 28299 35242 36823 37855 
4211 4949 7577 8312 11163 19618 23163 28046 32511 37627 43600 44260 44620 50896 
8492 11248 11973 12674 36098 
3899 11420 13932 21011 31414 37431 39095 43347 45996 
138 968 7334 31412 
5876 6896 14564 22363 49825 57331 
773 2916 12948 18538 25735 54109 56409 
414 781 782 864 1057 2203 4949 4964 6147 11105 11163 16176 23962 30331 30344 41372 45934 55228 
15416 28271 28425 37448 37961 42379 54364 
8992 9121 9449 13710 14129 16653 23933 26476 26740 27840 32234 39011 41757 48635 48673 48899 53721 54116 54866 55047 55074 55590 55654 58442 
7808 20426 38680 41335 43220 56045 
1093 2373 3899 5787 9141 13435 16252 19695 24296 37307 37431 38807 48329 48610 50072 54146 56198 58340 58697 
1678 10750 11097 15830 37146 50314 55576 
23062 30840 40037 54135 
349 439 7418 13078 13756 27563 27585 39937 51789 53757 
85 1439 3184 5649 5715 21756 33324 
456 3110 3167 3562 4560 5640 9310 9514 9774 10324 11009 11239 16022 35655 38530 47613 53734 
1439 2038 2339 2525 5186 6787 8177 8941 10804 13216 16267 21807 30141 34141 36104 45132 46318 49463 50158 54861 55078 56240 57504 
15546 29112 50304 52025 54703 
14840 16935 17203 38029 38517 40603 55242 
297 10706 26840 33859 40006 44016 
18313 37267 42753 47148 53998 58612 
6256 18660 20888 50294 51961 54136 
18967 24134 28048 38423 39776 40576 43021 45287 54141 56420 56460 
3195 4502 5482 5675 52327 58272 
368 6753 17631 20728 44270 
5162 7252 12030 13820 26044 53661 
1458 4292 6689 35394 56849 
19166 20492 25233 31600 34028 49336 49599 54498 54931 57902 
1193 1362 1471 9338 27881 35268 
7131 8129 27563 34596 44233 46784 53745 56315 
5089 9755 24840 29209 48053 
13932 38249 47571 57969 
786 6591 11585 13728 15906 
3969 7734 36492 46264 52288 
5047 11809 16204 18997 23700 30360 38344 51574 53637 53810 56287 
38545 39575 42105 42902 49719 50650 
21011 21920 25455 28932 29020 37431 46182 49967 52605 56198 
180 4915 14564 26220 36822 46952 49825 54314 
21543 21544 26141 46127 56945 57435 
15276 37643 46544 51438 52380 54024 54293 57349 
3826 7080 7374 12654 14078 24296 25282 26626 29083 31053 34817 55201 56781 
476 904 1629 2086 15491 41118 
5421 13648 19991 46182 54146 56188 
669 3064 3166 6794 12238 12439 19618 25955 28046 32973 37857 39440 44294 48397 49527 50395 50945 57827 
196 207 4031 5459 25515 29675 56315 
2232 2902 5577 7296 8831 8863 18428 20565 23594 31567 37834 38615 45296 55400 55782 56739 57464 
1558 6081 7244 13363 13894 24847 
4300 4566 7412 12777 34849 38378 
6723 6724 18922 34602 40766 
731 1685 2705 5226 7473 26185 47811 
40225 44579 54450 57495 
22714 31257 36849 36904 50916 57833 
1310 2132 2799 3490 4905 6205 6489 27187 44699 48927 53650 55641 
13499 33983 42155 42469 55118 
14976 37563 44834 53927 56453 57931 
5767 7940 9887 22601 23333 45149 
39307 41917 54192 58087 
28932 30308 32891 37307 50439 56903 57326 58340 
9131 17127 22013 30809 40299 
41331 52540 52677 54193 54194 
300 865 1061 1411 5517 5658 8063 20750 21231 24317 24611 35226 37100 37800 41575 47081 48973 52154 55591 55839 58274 
18880 34464 44327 47337 47920 50719 54200 56461 
27263 43751 48540 50028 51742 54080 56358 57049 
4983 4990 4993 35596 50640 54060 55371 
560 3064 8941 42526 47262 49527 51525 
1444 2146 2899 8275 13707 54202 
865 5986 6338 6692 7131 28161 30481 35953 36760 38640 41282 48973 50250 51174 54785 55839 
5089 11258 15650 20866 21702 25754 40994 42089 45072 52233 53934 
9095 34074 51055 56183 
12592 24718 29021 41293 41591 44019 44298 58032 
5132 20548 36111 48053 50205 
2483 7565 26587 27554 48842 53974 
18642 34890 35299 41787 53512 54032 
3209 4050 4051 35400 
7686 15179 15597 25765 53016 
1490 4873 5746 14809 53650 
30308 46245 48063 49185 50081 50240 51258 58117 
31185 37431 49315 57478 
7762 11680 22847 34596 42403 48304 50584 53988 
47692 48404 51890 53096 58540 
36188 43317 43462 43956 49699 54992 
20081 51626 52853 53874 57318 
5848 7348 41097 47576 54223 54948 55728 
512 1231 2881 5184 6110 9083 31779 
2452 2795 3966 6638 8357 8639 14547 17127 31908 39919 48267 54226 
3415 8713 46352 49266 55516 
20713 23402 29413 53213 54233 
22589 28848 30879 52980 53447 56569 
717 1621 1622 11989 18105 52258 54810 
1398 2622 3167 5492 19806 24050 54689 
1874 2650 3152 4306 15210 41118 
207 4984 5954 7131 7746 10324 19777 32511 47613 50640 
8815 10912 35950 56393 57896 
21866 26740 35122 40328 48536 49241 54116 55654 
11692 24852 25101 39637 44832 48295 54443 58635 
28940 28941 54250 54251 54980 
24715 40263 52754 52892 53292 
6589 11535 22222 24988 34058 44233 47081 51174 55335 55839 
3779 6989 9237 11795 16370 17203 18129 19559 
3788 7181 7816 17395 
37277 40322 43665 48951 51144 
13553 38927 40973 54258 
29537 41096 47740 53540 56160 58709 
16147 16369 34179 40576 41708 43243 50134 51809 52523 53135 56849 56928 
30795 33191 34064 39081 41236 51276 57438 
6022 7337 7804 13170 16147 16370 17203 39189 
2526 4990 5866 7602 41585 50640 54859 
764 7763 12284 14796 35790 54373 
9685 10036 18642 36402 53512 
741 8058 9040 12767 17124 21178 32831 53745 
931 37267 51689 53772 54275 56018 
7773 20943 31363 41699 55792 58825 
547 5984 6116 7450 16302 39433 53745 
24760 35853 37529 56250 
7394 10463 27738 35442 50468 54254 
21364 21372 30369 34131 50784 
9784 14397 33276 34633 49896 
6351 13477 21010 22645 25319 
15092 19533 30640 55079 57624 
21383 28854 30356 42011 49212 49925 53599 53732 53950 55479 
2050 26382 48618 51902 
21225 35774 37267 47004 51394 53186 54072 54241 55895 57838 57906 58470 
1321 6744 19934 39095 45433 50821 
741 1024 1808 3100 3329 3791 4062 4820 11559 14599 27563 33307 34169 56274 
1147 6767 8535 22161 28250 33234 
26494 35997 41011 42983 49475 50661 53868 55460 
892 936 2927 17658 24965 
38240 40120 43568 53289 
502 2622 11680 17125 19570 34596 50584 54237 
121 10528 19458 42704 51457 54656 
7613 25084 30472 42430 43478 52687 56334 
8845 12056 49733 51490 56232 56822 
12075 25106 26527 29230 30221 42004 43005 44983 46127 46232 46967 50828 52129 54453 54912 55062 
1459 1460 17498 55333 58313 58378 
9156 15281 32112 43469 45885 50089 53754 
4960 9477 9679 11823 14522 22673 53205 
2497 4509 5482 6628 33522 43530 47843 54320 
2023 5517 6212 13099 18444 47700 47857 54861 
9619 16943 19758 20277 23150 26925 43968 
1533 18188 28911 47452 48108 54331 
13607 18242 19907 22365 31421 56117 56461 58456 
6193 9404 22767 24100 28811 56749 
1535 22435 27813 31770 34098 39107 51505 55379 
16357 24901 42159 43671 50559 
32157 34231 40674 42395 53497 54517 55758 
6808 7150 8992 14866 49241 54926 58347 
2604 5560 6922 19755 50747 
1698 22606 28012 39730 54248 
13549 21796 23459 48117 
1598 7621 19861 21482 26121 43957 45451 50980 52299 52383 54518 54619 
28662 42097 50911 53430 53789 
3706 14715 35210 50006 53178 53508 56521 57687 
38759 39322 54253 54368 57833 
3899 5134 5804 6410 7080 12170 12211 14220 22646 29822 31060 32967 33859 34821 39301 41607 42474 46449 51453 52814 54599 54990 55997 
8892 19428 24296 26815 29020 29083 32891 38679 38682 54359 58340 
8920 28556 42775 46364 51787 53389 55241 
182 3606 4754 7873 37529 58243 
15955 16581 30526 30628 33560 35292 
228 494 1176 1818 1876 3384 3628 5982 9853 10665 19649 23704 26674 40095 52835 
7350 9220 46093 52272 53304 54254 
2526 27388 37599 40239 50895 56315 
3286 7978 17939 47889 53404 57258 57445 
33134 33701 45562 54349 57379 
29104 34983 54264 54688 55702 
2670 7901 23880 36585 44417 49724 50158 53007 
5630 6409 25702 34079 39951 49527 49788 50395 50945 55849 57827 
2682 9983 22820 25548 43578 43955 
33871 38196 39918 43426 43588 54198 56589 
12592 23495 24718 33871 39918 44019 47461 
707 4887 5341 10395 22656 29368 33589 45721 45981 47264 50250 54785 55335 55591 55839 
570 571 1628 2053 2930 3948 4010 4409 6583 11788 14066 14585 34718 41118 44774 48700 55610 56473 
924 12687 17279 30435 43508 44224 52153 53835 
5835 39957 47526 52152 
30645 31964 32485 44276 52923 
37 3957 7046 9709 41633 50401 
28786 32225 40449 48184 53556 
236 14206 19153 20155 28900 55205 
4674 42571 44926 50363 50488 50681 
447 789 2525 2622 34256 53745 
1408 1558 4342 13363 21207 50874 
16158 40452 42662 51383 55158 
1511 4312 8206 11796 31374 43957 50518 55929 57142 
1415 1662 1952 49187 54637 
1704 3325 3787 6659 42706 
1732 4038 10918 16171 17190 21207 26261 45937 50090 55452 
364 11365 26772 30566 33151 35497 39550 39980 40374 41219 48842 51620 52054 52137 52453 52938 54586 55612 56278 57894 
1279 1280 33291 48606 54414 
939 1816 1817 4146 15302 
19820 19874 34414 57083 
17523 28911 38737 40835 50648 51338 53186 54171 
735 918 6547 28334 32928 41109 41262 55371 
12089 18476 39214 42660 
3167 3957 5374 7346 48032 
1131 3558 4753 6495 39352 
1753 6705 10787 32707 54407 
12421 13441 20160 21433 24630 37823 55253 
418 1865 1933 5402 20424 30124 
1055 4990 12881 15717 40850 41744 42077 43737 45618 47608 
11503 21227 22852 27903 45492 54435 
10997 25641 34788 51893 54918 
2470 9643 9932 28733 33659 37242 54138 
13709 24811 31241 42482 44355 50759 51976 58273 
518 1708 3328 7665 20145 48090 54042 
24682 24691 27673 32282 34038 34627 34641 35803 36823 37743 37855 38304 40997 42968 43627 43826 45636 46232 47626 51438 51983 52019 52273 54243 54312 55881 56207 56735 57111 
255 521 599 1840 3090 12730 57217 
24728 36081 46150 50054 50832 55015 56023 
4054 19777 27043 32511 37952 50241 53781 55284 
734 735 821 1018 1707 2126 2246 4304 5597 5954 6355 8058 9492 11029 19777 25944 50640 54859 55371 55878 58418 
36597 36714 38252 40318 43728 46411 48058 51566 51791 51975 52444 54927 55465 
1169 2406 5622 8500 18122 24410 54806 
1644 1710 3688 4684 11055 53835 
7926 25592 28180 30691 46217 
446 14948 39433 40088 54434 54880 
177 614 814 9646 41820 44607 48117 
8252 8563 27515 36457 45333 46174 50102 52971 54349 56600 57379 58043 
8643 11004 26772 38443 42865 44715 50378 51015 53723 53974 54303 
7553 7865 23555 40239 48153 50158 53892 
6195 31001 31404 39255 47556 55845 
24308 33487 45425 53650 
2470 29839 30048 47452 54138 56045 
968 970 4066 4399 6892 22538 45754 
17447 43283 47576 47965 48622 55728 56326 
35981 39606 44637 52720 54669 56800 
2391 14564 17496 37713 47123 57331 
3322 18993 21102 23225 44932 55959 56784 58279 
274 17186 21845 42949 48090 52678 
16221 34589 46363 48643 
2201 27530 29738 33414 39161 54364 54668 
18304 22222 38640 41282 42265 47329 
10533 17680 18615 21721 35970 41847 48117 
969 970 7666 7804 16147 32859 
1694 9718 14724 34631 54724 56287 
433 3254 14541 30861 39315 53623 
14729 37546 49307 50409 52062 
1075 13251 23754 23978 28295 
3490 6036 12062 30108 56562 
5571 10548 11917 14387 47216 50903 
1309 5021 13167 47061 51978 
451 734 1351 46784 55371 
24606 36117 36785 41895 47669 55690 
10218 14716 45283 51871 53524 54752 
38241 39667 40226 40603 44833 56906 
40911 46261 46262 54503 
555 25256 38244 50452 50453 55389 
6643 7565 17523 19738 25824 25978 27726 28911 54171 57173 
389 2091 9174 12937 15963 
845 5485 7310 16370 18551 30373 
1632 8119 15883 15884 26304 53356 54412 54487 
30041 39508 46772 50650 51981 53453 53518 57286 
6820 43911 51071 55827 
9100 34171 47920 54521 56073 
19687 21227 48465 49925 50645 
21310 26546 49212 55182 55497 56444 
14383 16032 29320 47036 52801 54251 54586 
2537 31544 42211 45807 48947 
19753 39228 48812 51327 54498 
2778 4527 35219 48104 54308 55738 
25720 26341 44408 51912 
125 525 4105 10088 40436 
4775 14159 19697 23406 29355 35078 54829 
33916 43560 43751 46127 48540 51144 57049 57091 
2840 4084 23276 27884 29216 37016 39081 53161 54538 56105 
254 413 1263 17365 24930 53580 56438 
1868 4305 4730 7950 56489 
3095 24791 26512 27161 28451 31307 32055 33322 33894 39564 56122 
2455 16711 16837 41345 49463 55078 56161 
19260 34017 34359 36790 54555 
7639 8029 12935 43339 54286 55963 
3442 9963 14939 26049 52154 
7066 7738 9664 15365 23035 27143 28035 38711 41608 49507 49818 54603 55001 
8588 10258 18960 19517 39772 40442 44260 44639 55078 55446 
4575 29029 29884 45467 49865 50709 54707 55213 56048 56223 57730 57947 
14106 24658 52955 56889 
9392 22047 29995 43414 49724 49813 
710 1111 1446 2738 4306 12227 
804 2234 4066 5485 12524 16370 39363 
434 8059 31889 39315 52284 
1188 1365 2241 8850 42413 
6084 8146 43269 43418 52034 54570 
26606 33174 37222 38167 47993 52698 55376 55758 
351 18626 36183 52203 52515 
11842 25978 32731 39039 41148 47807 54171 56805 
35193 37120 39959 49088 53378 53788 55278 
36235 42953 52801 54251 54586 
16939 23819 25249 28300 32942 50424 
16032 16033 36664 40640 54448 
940 1338 2836 3260 3505 5767 9773 23333 
7652 8469 9729 23643 54615 
2650 4920 12227 12587 39119 55218 
1247 1379 2104 2411 2571 8070 9524 
5007 10010 18779 34602 41154 55991 56452 
1357 11141 14393 22378 25762 29474 50785 54599 54957 57101 
496 8514 9563 22921 
5758 7348 34639 47965 55728 
4989 5183 5317 8228 16322 16715 37065 40479 48230 56731 57320 
1056 4907 8632 9689 10756 14599 41744 56315 
446 4642 12677 12834 27593 41209 44737 53074 
3093 4099 9178 19454 21999 52889 
2203 3443 5890 11764 30320 41568 42674 55228 58695 
526 2384 14818 16817 40340 55726 
2613 5804 47982 51890 55276 
1303 2804 3382 8665 23894 40624 
987 1132 2851 5133 16672 54543 
31897 33905 43421 43812 49657 50313 50692 51716 55965 56545 
4899 22112 43229 53519 53906 
175 2845 18588 19626 28061 40554 
702 2846 3728 7131 10475 20121 34928 53757 55400 55591 
18022 28194 31302 31360 31725 31808 32097 35851 50347 54148 54665 54846 54852 55392 56864 57063 
5984 17647 37076 39918 48526 58112 
26131 35269 36623 50154 54283 57100 57390 
873 4831 11072 13467 13680 22512 23453 42888 55837 55865 
6900 9379 9380 12214 26629 36322 
333 5248 9503 14672 28111 34902 36508 37961 54668 57882 
1000 32959 54682 57558 
6794 10708 24358 24858 41209 47453 
2320 3861 16735 21807 55364 
914 10366 12678 16732 27994 41631 55400 55782 
819 2533 4964 9337 14052 
3574 9518 18008 23830 49987 55524 
12604 31138 34396 53917 54701 
8990 49332 50034 52176 53574 55849 
23714 24954 41242 49220 56158 56360 
12334 21566 36276 40228 51600 54709 
7412 9842 35231 40309 41636 53781 58064 
530 2389 20603 21250 24299 26042 32911 53913 53974 
18691 35674 51015 51273 54067 57335 
3787 6070 11262 18087 24308 
1837 2592 3296 10924 19118 21102 23225 36252 39106 41720 44742 50798 54547 56310 56784 57372 
502 2016 4143 4956 5179 5646 11807 14484 39040 50553 
2127 4066 10917 14798 44782 
3898 18156 19972 20109 23002 42282 51561 
6174 6506 10720 49679 51856 
16166 23888 34414 35374 43389 56587 57554 
3832 7067 41303 43608 
7910 13050 13687 14570 17997 24876 44658 54603 58078 
7388 13722 33033 38345 50418 52778 58263 
3530 5577 14599 16471 40186 56739 57464 
172 700 2346 2844 6322 12237 16419 56689 
1352 1353 5570 5827 56359 
432 5777 14305 15648 41209 46890 53622 54834 
34177 37894 45589 58539 
818 3211 10624 22602 53584 
167 2910 7068 13942 26600 46915 53725 
4909 6567 6568 7608 22037 44952 48977 53536 55379 
857 1992 5056 7226 8071 
20487 23945 29359 50648 54698 
6312 6732 24502 40298 54035 
6533 17086 22720 27135 52658 
100 647 3685 5544 15648 41209 54880 55383 
5079 17256 17401 36431 44472 51798 52039 
6886 18155 21362 37717 46199 
986 4315 4737 11114 52571 
3400 11858 24133 49420 50668 
32721 52806 54901 54917 
17003 21413 25192 52686 
1033 2734 18419 26653 30847 46841 51786 55216 
627 819 1495 2077 4916 4944 8754 13794 16176 42310 54787 
80 5255 9387 18618 33236 49126 54116 54926 
845 5485 7210 16370 26677 47039 
1424 3167 7285 12978 24611 26245 54689 
494 668 1439 1709 1762 5042 6823 
20594 35282 39154 39219 42081 
645 663 1404 3197 6452 6775 21519 
6099 6712 7178 27456 31222 52361 54812 55842 56907 
12604 25229 28424 33216 
14522 14828 16650 33813 52551 54556 
4831 13922 15752 47907 49720 49832 
5000 43528 46295 54208 54724 
13268 25627 37622 51087 54567 
918 3064 11696 21817 30749 
523 593 1911 3988 21787 
4636 10572 40726 46318 49422 55845 
285 394 395 1496 2279 4374 
28932 37522 37523 48142 53728 53857 56204 
28751 35202 37014 38872 54691 
3550 8269 14397 35629 39347 55254 56088 
1462 9175 19264 23388 24425 36478 55799 55952 56198 58364 
2388 5221 8739 39697 49026 53918 56308 
3760 5145 6602 46952 54829 
19412 38545 39575 54673 
3817 4942 20525 32731 56045 
1466 3441 12624 13176 39355 55371 
13620 30979 44859 49852 54105 54106 56484 
4182 17727 21128 38128 54866 
17443 26629 38706 53798 53937 55630 
21310 32405 33934 34270 35269 47598 55732 56342 
3067 6035 6308 30749 39440 44294 53130 
18772 35541 35542 51394 55028 
12512 47398 51755 55514 56848 58306 
2002 3963 12834 15430 22150 41209 
4081 10084 17303 32939 36154 39319 54864 
31258 41869 42303 42841 53208 
2284 2936 7066 14818 35596 48051 
2934 2935 21010 22645 45886 
2208 3040 7331 29889 35158 54861 
1299 4016 12655 47295 49922 
9245 32405 36874 48274 51821 55732 
343 26476 28374 29667 48536 49241 54116 
1090 2253 10671 12919 42801 50226 55925 
75 447 12767 14461 54825 57942 
214 4950 7549 20425 33859 44192 
28911 33859 42122 43060 50901 54990 
872 2525 4314 21759 28538 42259 53781 56557 
1282 15109 35370 41737 56067 58501 
25 8842 14712 40633 55801 56444 
5962 8842 11258 20597 33683 
138 1556 2665 8573 16155 53441 54071 
1953 18102 28033 44782 46623 
7361 15145 22354 43305 53580 56438 
3407 25317 28670 46286 46432 47139 54545 54925 
6495 16175 29800 39486 44619 58206 
35765 42402 45040 46313 55981 
37526 43274 48775 51890 55521 57857 
6058 15207 35269 35548 38848 43624 45740 49841 51824 54837 
470 1439 4200 8856 10599 26296 
14314 21102 38547 42435 42897 46841 48164 
3549 8365 31982 34673 35505 42494 54181 55379 
2038 3791 4155 4988 5715 16931 55591 
6780 7960 49692 54808 
560 831 1945 14948 22706 
21577 53923 53925 54951 
558 2291 4027 8917 11986 
27207 28911 34620 35269 35548 50901 51824 53732 
1339 7792 13899 40956 53926 
14976 44545 44834 44835 53927 54878 54886 55208 
1494 3184 5098 7100 19389 43671 
5350 34831 34849 37952 39454 43671 47453 53622 56557 58053 58064 
835 1250 5241 42849 54873 
5954 8632 9689 31476 50640 53745 
432 1316 34168 41636 53781 58053 58702 
8590 9040 20776 21894 50401 54825 
6739 8777 14972 15827 19475 38626 54825 
1252 5779 6749 33724 42378 
1763 2849 3093 7140 10184 32166 
1000 7331 12871 45132 49105 49463 54861 56240 
821 2961 3627 5954 12789 14641 27090 57513 
2320 4020 4372 6926 13035 53757 
158 10569 17474 23275 23276 56794 
741 2125 7131 10471 15717 21248 31055 50518 
1557 22734 44139 49484 54312 54952 
3167 9941 11162 17664 38626 45721 55591 56392 
26074 36074 41349 43594 49482 54982 
14787 20969 28920 38906 56006 
5572 24907 26958 47216 47261 50903 57574 
1033 1470 5312 27959 35065 36827 
9466 12458 39058 43854 
393 19321 31830 41888 42447 
204 1111 1497 2917 2944 9425 55218 
18420 32143 41699 44444 45052 51142 54998 
3961 3962 42524 55001 57492 57597 
906 3187 9281 9282 27146 33657 46054 
1507 1508 10706 27252 
29484 45316 47557 54803 
27762 28104 54264 55018 55880 
2452 5643 5726 6742 10716 14235 
2526 3167 5597 8058 10572 12466 16943 24098 26385 27021 29675 35544 46318 46556 
6589 8326 13072 17580 26578 26778 31001 41785 49359 50561 56334 
2050 11787 41059 50070 55027 
20 6550 11798 56298 
4631 10677 28433 32108 
11076 23643 35452 46572 47887 48694 
7469 20723 20949 41510 44645 
9529 23541 33575 39388 39513 
43533 49719 49973 54717 56657 
545 11367 14309 17692 35480 35600 55046 
5985 7098 8347 26385 36102 41758 
1149 15594 21005 23225 23767 23988 27690 32789 35754 38921 42435 42469 42897 54053 55058 57051 57450 
168 1297 2754 3114 4986 10707 16176 19290 21317 23962 54787 55228 
5344 8191 10729 10805 25161 
8227 12864 17414 49335 51382 55562 
19183 31228 39789 55127 
11821 24308 31675 47557 50895 
7252 19150 49505 49637 54979 56749 
9017 26054 35312 39719 45971 47143 
470 1095 2338 10951 26296 
15083 17931 55074 55077 56154 57311 
2125 5527 6864 8089 52258 
24895 38250 47524 51953 52643 55037 55184 57332 
1457 12724 39144 39992 45486 54487 
545 2130 2407 7208 20647 30340 36646 55046 
27190 28221 33761 36338 46193 
33276 38159 42827 55916 
372 14235 38459 39602 53205 54156 
2475 5231 19469 20160 21231 29862 53757 56961 
1022 8618 10716 11291 14235 54392 
29365 49119 51971 52456 54307 57922 
19533 26772 36741 40427 46127 55079 
442 2348 5062 8058 15717 37599 50158 
9134 15164 40943 42635 46411 
20365 27190 45803 50362 
2987 31731 33229 48629 53998 
3787 4944 18087 21472 
319 399 1965 13803 14832 27112 
11104 16185 24939 40840 47455 48846 
545 5694 34962 50777 55046 55616 
15999 37129 43668 47556 50561 55076 56334 
4198 5664 7954 8456 20152 33123 
18979 39860 43568 54998 
22751 27532 28689 38102 46194 54563 55485 
42303 42866 47148 50425 51284 55038 56482 
9842 16979 29325 30289 30823 34849 56557 58064 
4950 10312 11671 28898 50156 54699 
17610 21005 21102 22563 23225 29323 37244 38026 46581 50502 56774 57372 58481 
10699 13212 21234 49841 57360 58227 
7678 26876 42722 47322 54907 57878 
621 29409 45746 45817 46184 54487 
1110 3697 4526 5980 45643 
24243 36774 53772 56300 56476 
1216 1238 5384 6178 6356 10050 19931 
9668 31283 37713 48425 
693 1098 1220 3412 52889 
15588 31112 31113 37838 40625 40626 53680 54992 55692 56297 
2609 8650 14374 25276 25842 27255 27862 36335 42794 50091 52392 57079 
91 1681 2206 6723 
34715 38569 44924 54441 
871 24569 30955 36459 48433 
6424 9232 9233 11658 12152 
12871 17030 26952 32958 45132 49610 
2404 21885 25102 40056 51505 53536 
45488 45951 52419 58060 
148 1452 1703 4137 20082 31984 
2406 16147 33449 35418 40246 
13819 24918 36625 37194 55057 
1816 2966 4710 5041 31427 31760 
19127 44054 44152 50039 50692 53253 56545 
7578 13456 15167 44136 
30355 36876 37940 45463 50692 55986 58062 58168 
3463 9332 13078 19839 56846 
9864 16715 23650 24558 35208 
2231 5745 6232 8963 32199 
1628 6205 8522 29313 44763 47290 
1658 4472 6535 30426 49131 51522 56707 56774 
1301 1308 26840 27726 44016 52568 
1030 1048 7741 14460 41856 53855 
11450 19048 20585 36093 41782 
429 1662 2040 4374 4593 5071 6064 
1217 1794 2547 13731 13759 49069 
6458 37778 42407 52170 57032 
9558 30495 34362 36241 46774 48609 52134 53389 53868 55241 55261 58467 
823 1326 1628 1659 3355 4128 6810 14434 
921 990 28621 35265 36443 46127 
610 17650 32242 48709 54700 55321 
2220 14800 15896 15897 
148 463 4137 33838 50736 
10756 20165 22751 25881 28988 32729 33838 33975 37910 38615 50736 55400 58484 
2373 3403 3923 7164 20625 28262 40469 46199 54146 58340 
294 1334 33583 55278 55827 
42050 45726 46630 55289 57913 
2260 2261 10385 45841 
5316 5317 12864 17414 55294 
21162 24223 29401 39836 50533 53512 55781 55936 
5881 6670 13017 13328 41494 
192 5265 5266 6821 50398 
4094 7121 8895 47495 52294 
258 8651 12501 37436 38124 49098 
14697 18439 25914 55312 55486 
271 1443 14095 24029 36822 48555 52571 55466 
10008 23878 43730 47695 52986 55008 
2481 3276 3277 16726 34883 38076 54588 
14832 42077 42217 47608 48612 50640 56270 56882 
608 609 1641 3144 8812 22517 30390 
1452 22619 31984 39470 47181 54785 55335 
5007 10371 14400 14708 48876 54926 
9215 12524 13587 20698 24989 39189 42650 43021 
22 6011 25496 26485 29492 34450 
21511 35729 55317 55342 
2588 8253 32737 36457 37120 58043 
17657 26510 40765 55297 56072 56148 
14863 18680 36597 40572 49307 49358 57542 
8990 11764 13216 33472 50585 55849 
262 19840 23385 54042 54857 
2734 21702 24706 33920 36883 55216 
19453 20866 36883 39671 51786 55216 
4349 12687 45511 47695 52252 
117 11761 14672 36851 55268 
792 1698 30438 51789 55782 
2502 9702 29675 31404 31476 35544 38629 41560 41579 51951 54859 55878 
14964 15290 21293 41366 53462 
5517 6156 30679 39470 48399 48493 51174 55335 
6351 30754 35639 38471 51450 55361 55362 56114 
1421 1637 14318 17081 25766 28854 
1826 6227 9429 24169 55172 
24919 25405 32742 32939 46385 50919 55046 
39598 48133 53526 55388 
1177 5316 5389 5771 6461 6865 35308 55294 55686 
680 20955 33252 33688 40543 54834 55364 
9199 18244 44875 46046 49056 54530 55624 
4445 13112 31929 46070 48230 50499 54530 55576 
24728 26208 36081 41395 45463 46903 53502 58056 58164 58323 
7386 37575 48039 55294 55686 
1381 28349 32334 32335 
21664 29538 42787 55404 
18167 21951 44673 50294 55333 
46348 46349 52786 55414 58730 
39550 39575 40374 55404 57333 
5188 7926 16779 25592 53470 
2947 15146 22123 32422 40851 55379 
2800 26677 34421 39034 55320 
6390 22767 44715 51535 54470 
821 3099 6612 8392 10175 12374 
706 885 4990 54859 55371 
7947 9777 18485 20801 39576 48267 
4974 14948 27593 41209 49224 53074 53866 54434 
1048 2029 7622 14712 49098 49517 
7128 34502 47248 50872 57882 
4716 8338 9124 12502 39861 55401 57250 
43257 43258 51394 54475 55378 
22714 28861 38639 54506 54724 55445 56660 
571 9599 10256 13992 
33718 37699 50124 55401 56525 57250 58084 
7363 7612 30898 39554 41398 54812 
9161 36221 51284 52671 55038 56482 
5 3539 3612 11247 11661 17203 
9696 15466 24380 34849 41568 55367 
46679 46818 48245 57408 
9550 25396 42435 51535 
26208 44524 46791 54999 56788 
23885 42182 42398 48469 55404 55891 57333 
246 5579 8973 52552 52835 
30222 41288 54530 55473 56653 58681 
1254 2476 2761 4304 5954 7520 57513 
3974 25844 32305 53623 54170 57886 
7858 26448 37467 48216 
1308 3111 26840 44016 50901 55916 
5059 47116 47349 49637 54979 55369 
2592 4294 6230 7348 34194 
14886 30117 33714 55490 56152 56430 
1007 9705 12905 15844 16629 
2677 5140 19073 48062 53868 
14438 49366 55471 56472 56775 
7274 18425 19711 27428 29488 35430 55379 
3014 14186 28989 29576 55326 57655 
19618 32511 34168 35183 37952 54434 
8683 9156 20258 21162 51315 54261 
5234 6280 18485 22008 48267 50153 
12618 20939 22802 54256 55357 57691 
3592 8282 18521 25804 55386 58072 
6185 30649 38407 39766 42606 50896 53781 56557 
8842 13473 21797 29284 55728 
741 1439 1810 1876 2900 4062 4973 5445 6849 19389 
1595 39854 53372 55516 
3360 36493 45763 45954 
14206 15748 19153 24686 40442 58077 
438 2907 5432 10996 18485 30473 48267 58099 
14228 17606 27476 31084 47240 48535 55407 55514 
3309 4140 36438 41488 43132 55484 
974 3617 7108 21500 24472 55228 
8123 9017 20112 24636 51071 
9746 20842 37125 46139 55514 56633 
41686 44094 56056 56646 
2410 6010 9087 18036 20420 40607 48267 
2367 12204 42666 42667 55543 
3407 44292 54545 55545 
44999 49347 53383 57024 
560 6794 19618 19949 25702 30749 41256 50395 52963 55119 
4161 24616 42109 51323 52417 
167 4756 29193 53725 55559 
13568 27205 28781 38450 40517 45756 54188 55565 
4689 8467 9083 14136 42929 
6214 41656 53902 57463 58052 
996 1132 2851 4689 8837 9083 
15311 15845 16235 17589 55553 
3827 12549 16465 20737 22475 26951 33388 51450 
16663 31817 36418 56342 
5835 11504 31407 36931 42941 43960 55563 
11124 31552 49592 55237 55521 
2737 7087 7548 12785 16302 
13199 33905 53308 55086 55577 55660 
4639 22533 22534 24834 55178 56578 
6468 16956 23999 53087 55306 
4949 6143 15478 41384 46797 
6757 19099 19100 53045 
4743 10872 32234 55074 56154 
21665 40761 43370 48243 48244 50645 53959 56940 
42866 46157 51821 53371 55531 
6414 33465 39100 42725 48018 52826 
5936 21211 28754 38336 55616 
22496 41562 50490 52872 56412 
1171 8344 13941 24310 54088 
247 3679 10881 11817 42058 
39244 40249 42088 48609 51071 
191 7128 15417 16212 16873 27585 29883 33838 47329 50736 
821 885 4993 12374 16499 29814 
40581 42968 50451 52839 
21621 25049 35501 41151 50255 56210 
13208 38572 42761 44983 54312 
2484 22819 23207 42665 
110 560 2017 5775 8590 10149 50518 
2014 2055 15972 16465 39170 45046 
5701 38814 45173 46421 57007 
14612 47325 55651 57413 
5651 9415 12674 16308 18242 18691 20871 26334 28269 29067 37713 42779 44715 48425 49899 52189 54471 56805 
1963 2089 10371 26740 54926 
829 7232 12444 23757 40642 47853 48166 54975 57630 
6078 19617 39362 50216 50945 
2861 35489 47744 48062 55661 
7117 15511 15744 54620 57126 
413 25814 43305 50704 55028 56438 
882 6156 7087 11680 48051 
456 7331 33324 35158 36520 37627 56000 56161 
30006 39292 55537 55701 56331 
10441 17846 20556 35240 38814 
18637 24250 24733 28657 49926 55705 
1604 1605 6618 8262 14183 
180 650 1513 4287 24038 27463 43936 50392 50398 51450 51523 55302 56114 58395 
12725 20665 22780 41705 51672 
2648 3649 31164 45952 52284 
257 2537 2538 8035 16869 18769 18997 19623 33510 41408 48947 56364 
35269 35913 45161 50425 50612 55038 56497 58658 
3227 15682 18436 35715 47735 50919 
25785 31574 33566 39425 39878 39929 57674 
12878 21067 31009 37758 41632 42703 51004 55807 
602 3043 8707 30328 54791 
7383 11219 35018 36443 37424 
3297 11341 27554 51542 52959 
1984 2404 8553 13402 18178 53536 
3492 27322 53528 55409 55756 58010 
3585 7387 50961 53618 55749 
4887 9941 11680 13810 13852 38773 47329 56546 
10298 37625 55503 55595 55774 
217 4298 5445 5597 6926 12272 
10172 26653 29474 42273 46385 55788 
1452 20579 39470 41989 48493 51465 
3304 17662 31193 51478 55792 57897 
26960 27944 48062 51065 52722 52826 57527 
13971 17750 20043 39905 47289 55800 
2177 2286 11027 39433 55713 
9901 30323 34735 44205 51644 56502 57035 
14579 25870 33816 36488 55815 
18736 20658 25010 48244 50645 56850 56940 
2983 13765 29403 47001 53199 
8154 11378 11619 24884 29044 
1367 5042 5685 20160 39433 43574 52118 
888 4393 5116 14752 23006 
2293 54125 55841 56191 
7595 13005 32982 39331 53150 53700 
1452 1522 1824 5548 14972 38960 
19225 40384 46347 55699 56978 
50476 50546 50716 55779 
28556 31103 48597 55862 56575 
11430 17195 28621 36550 50495 55816 
1358 2163 8206 21318 44715 55823 
1027 2312 5813 9481 9771 13430 
17686 33957 35154 37128 55201 
413 4646 4968 11408 14712 37633 
21310 33934 52019 54405 56207 57140 
35157 40650 46319 55808 55883 
874 2774 6552 11297 55837 
7953 19428 34017 36790 55842 
241 14617 26935 40207 46318 49422 
4609 7013 11084 27901 39009 44905 
9158 23626 27721 36481 49307 49358 56979 
740 810 4062 16212 47329 
3388 3543 11159 13812 43272 45551 54659 56737 
18783 23531 35970 38116 55471 
16584 24268 35442 41607 54254 55916 
9829 12111 14028 33562 37523 54875 
1617 4853 5130 8739 56476 
4083 42219 53678 53921 55307 
5037 16845 38508 51688 55683 56056 
13208 20434 26923 48757 54171 
3049 8763 12689 47795 55701 57133 
864 4487 16656 18582 20826 
6628 11034 11505 16237 58437 
293 1274 1662 1952 2126 2233 
2733 11218 13988 16227 55218 
972 13930 16943 35252 42378 55845 
1356 15672 19776 30085 32091 
4081 29404 44868 52654 54864 
9496 18284 24058 28640 32285 55973 
1054 6698 8937 9381 9873 
1677 18145 20510 20986 36093 57539 
9368 14657 25301 36117 44948 56056 
23061 28286 39013 56001 57953 
6923 13563 21971 44744 44745 55903 
7250 16921 21488 37426 39303 39604 40746 44183 49530 57548 57599 
23885 40517 42182 54338 
6276 15672 18311 20202 21967 
5901 18710 34173 52323 
6666 15683 42946 48523 56030 
22664 37064 39001 45175 56153 
267 1546 5453 8567 24912 26653 
3120 3505 4717 22838 42706 55995 
1778 13275 23097 52779 56043 57396 
7049 24325 40633 51864 53081 55568 
23388 37650 53202 56198 
891 937 16959 20594 52557 
34858 37120 43964 56075 56815 
17480 34006 37249 37887 40848 54801 56071 
18615 19529 21606 44367 56081 58477 58635 
24852 50949 56081 58477 
5884 16921 20584 21136 30566 52137 55850 
3354 6019 38079 55995 
1018 3099 4149 4993 7131 8392 31527 57513 
1464 2495 3326 7765 10971 55996 
44588 47719 56098 58412 
15680 50461 55086 58138 58359 
4629 13402 32768 38340 50322 50692 
5182 5183 14503 55576 
11720 32797 38378 44720 55978 
52879 56103 56157 56230 56599 56852 57021 
9805 25800 31754 40246 
26535 34061 35427 51334 55810 
32511 34168 42159 57152 
8080 8327 9188 43011 51686 
11040 18854 20005 48449 55044 55578 
896 8683 9156 39956 44742 55823 
1646 4990 17125 38288 47613 
2085 10793 51778 56117 
22583 41366 43911 47547 55241 55827 57567 
4418 4679 4680 7713 23962 56130 
11323 13670 29457 35934 41471 55915 
36302 43659 52018 53361 
41950 44944 47087 55964 
13561 23146 29834 54957 57101 
11343 12330 24287 27365 
149 8632 10414 33589 33838 39937 
180 5313 6316 27054 37633 56114 58174 
23948 34028 55470 56462 58817 
7348 8112 23086 27499 49399 56185 
343 32311 38896 41757 48536 50398 
13174 21653 21738 35370 49287 56114 56828 
22187 40264 43994 56180 56353 57120 58282 
14139 42144 43560 44035 44090 45424 55799 
37431 40912 56198 56199 
5420 5556 23308 49603 55654 
221 7174 17896 21060 55929 57142 
31507 35523 45436 45877 54782 
1981 6211 13527 33884 42435 42717 46841 53913 54171 56068 56805 56961 
1780 7975 9368 46384 56166 
1292 2023 8588 16838 34355 37684 49463 
51077 51145 55372 55887 
4308 21749 24919 52806 54532 
7332 22664 39478 40048 45429 45483 56828 57872 
24616 35762 48820 53836 
1849 4198 5333 5890 11101 41568 42872 56213 
2289 3925 6708 8908 26007 
5326 5776 15819 29138 29619 32826 35264 48425 
2675 4365 4851 29401 33175 35317 42109 55376 55377 
24097 32731 34821 35613 47364 50549 50648 56971 
2387 8461 11560 40170 51869 56133 
56 1058 1297 3282 41929 
1837 9640 11660 29544 39106 43060 56188 56805 
683 920 3826 4356 43684 56248 
717 6015 9002 19434 44667 
581 582 6633 15324 17182 45518 
1146 3545 4893 5342 6457 
18353 22651 27312 49994 54286 
5 2617 4029 9235 10433 23757 
2861 9602 21735 55710 56206 58287 
22489 23263 47657 53102 57069 57247 
391 1656 6570 7777 32507 52855 
3521 3754 21865 47565 
54433 56222 56299 57396 
1710 3191 4684 5609 9896 53835 
462 728 2283 2610 56302 
28339 43630 44719 56165 56306 
7922 28353 33136 35913 36378 52233 
8691 24925 27721 28448 33837 56311 56979 
1300 23787 32090 48728 55728 56326 
16544 23991 31094 55108 57084 
1848 3866 4948 7801 56302 
18711 24999 37527 45064 
8454 15520 17179 32289 56213 
19188 36215 49342 56296 57060 58162 58661 
11710 19498 21155 24922 56316 
1049 1050 32736 33637 55553 
5419 5556 19414 26892 55654 
5539 16837 18952 37685 49265 54861 55078 
8370 14880 17291 25039 
7518 8515 21423 31053 56405 
631 39992 54109 56409 
655 13426 15230 24310 32219 39356 56972 
11208 26415 31348 31349 35115 
2098 2801 7185 43282 49135 54659 56737 
3780 5686 25972 28309 42065 
777 896 1358 29138 44013 55823 
5298 29083 42419 48801 56405 
14393 20841 25775 34325 54425 
1605 2762 6618 12841 26936 
5883 8699 11978 25640 52868 
6261 7467 17970 45947 54448 56447 57807 
4654 7066 13335 50852 
3770 12102 13361 13362 49738 55100 56377 
12162 23045 32249 45848 55470 
2295 3006 32941 48042 56439 
2478 7409 26535 31418 37244 40814 
34284 43448 46124 53654 54550 54718 57814 
8531 14833 18827 40253 52997 54723 57099 57953 
7549 14160 21842 25279 52907 
22245 27476 41460 47240 49400 55514 57272 
229 4504 6258 20108 54893 
2144 3225 4665 7139 11485 20237 
295 9543 11568 46604 58344 
11687 23213 40539 53483 56260 56552 57645 57818 
5975 12555 15985 24569 56400 
11426 16991 46363 54404 56520 
576 7660 15042 21948 32408 56473 
5911 6219 11437 25676 29861 
7263 32511 39796 43600 53781 
30433 39123 55287 56547 
810 1671 5847 16212 27663 
9830 24965 26149 42686 
3787 6070 6551 7643 10985 22706 
14302 14701 41618 50847 
7006 11402 16663 21116 55919 56342 56881 
8650 13033 36922 44309 49633 56532 
13212 16902 44661 56313 58227 
6348 10652 17791 27593 49124 
13199 36438 45363 46520 
3574 8892 33025 51993 56379 
14310 14311 26994 56140 56587 
10529 12524 19634 55637 56691 
5 1482 4335 7976 23757 30510 
9755 11180 50423 55535 57661 
446 4300 7030 19956 40088 56387 
2463 15594 22563 29323 29378 41949 42435 42717 56805 
1219 3844 5126 10693 11535 56546 
9303 46370 48689 52665 56545 
2166 2304 2420 8160 14883 20299 
11271 27196 37705 56589 
33206 38540 44094 46780 51426 56126 
5792 7868 41946 52452 55781 
9803 30117 48451 50615 55584 56607 57968 
1934 4695 12524 16921 16963 53356 
851 10332 11316 12242 12313 
35850 45930 56385 57549 58138 
22315 36241 53389 55661 55786 56647 
2557 3961 4897 34783 54893 56499 
4128 4979 14182 14434 21166 24381 36173 55995 
16924 31807 37676 48963 56627 
8990 10907 16253 22428 24296 41286 54683 55849 
12196 18353 36469 46326 55938 56674 
3319 3513 18370 20159 
17896 30483 38910 55929 57142 
3131 3522 6331 28337 34596 39215 
6327 13653 17360 21991 23848 37411 56517 
4067 12199 54453 56523 56724 
9303 17250 26644 53420 56545 
2897 5835 20043 36502 44637 56800 
920 2640 24112 45423 56248 
13983 17489 28270 42170 52868 
22192 28816 33048 35155 55858 56729 
11595 51492 52707 52708 56733 
5322 5607 8697 9878 16445 
41006 46936 56228 56730 57595 
6644 6645 34644 54523 56638 
33756 35164 48244 53985 55238 58432 
10529 28449 55637 56691 58209 
1270 15680 41435 55086 56385 
5321 25532 39762 40826 48048 50595 
3414 3421 6125 10584 16664 41633 
2609 8124 8694 8920 16523 41508 57154 
6443 13187 28580 32634 56775 
2801 22638 22639 22776 56737 
16781 22951 40476 52956 
712 6918 17885 36252 51392 56784 
2113 5280 5432 21751 54722 
40755 46439 51049 51199 54828 
46435 49799 55099 56276 56277 
9234 10083 16671 18664 
1219 1745 8213 11973 47861 56546 
8852 9816 21827 31617 55571 
256 257 537 5633 55349 
2801 22917 40880 49352 56737 
4758 5439 6327 21252 56517 
16095 19947 40087 52950 
10694 10695 38254 38386 47943 
28179 28180 31877 51066 
761 11653 13066 27723 56854 
30908 35299 36351 36352 44990 
16593 25901 27372 38291 55085 
12088 20638 20802 39214 56217 
3880 27595 40806 42859 44981 
589 5364 5975 6950 36093 
4924 6112 47092 49253 51647 
37386 39346 46967 47358 56902 58107 
25050 26006 46751 54826 
22430 37053 42347 50899 55391 55409 
7676 10388 15946 42898 56327 
1522 8174 24407 29671 41433 
1672 4874 7910 8417 9241 9960 17411 
1398 3169 24050 28420 50158 56846 
10789 35808 41861 56917 
25186 25187 53585 56915 
9445 17346 29258 45894 46916 56869 
661 882 11680 15372 48032 54007 56944 
1798 2782 9404 24293 53392 
156 9887 10274 15839 21332 
3265 44013 44862 47615 
29104 33391 41123 54200 56943 
18508 40733 42859 49397 
24442 35129 46454 46591 
31432 38339 43900 52865 54405 
21574 46048 48110 56895 56962 
563 16282 17546 22843 35312 
5777 11811 25135 37958 42674 
628 19030 19738 20860 41148 54171 55916 56805 
15122 20452 44830 45684 58069 
880 8298 10849 19519 25561 56961 
12298 14757 17159 35176 45491 48691 
2778 23912 29431 30371 48399 
26527 40081 42841 52137 55850 
1567 9887 10268 15839 22665 
13637 45806 56158 56360 57000 
13187 35687 50899 52579 52839 
9752 21731 31045 53100 54375 57008 
16902 21234 51824 58227 
254 6505 6940 22574 48371 
122 14684 23633 29603 43601 53961 
8431 9406 9412 20174 29090 57037 
200 990 32689 47036 58511 
14152 42731 45961 49392 
921 990 4084 25158 46127 56444 
28940 37602 54980 56955 
5290 38256 57035 57114 
200 990 3668 23049 58248 
303 1974 6602 21659 53817 56250 
1820 2368 4127 57125 
34362 36398 51328 56215 57060 58162 
30896 46193 53316 57018 58231 
3481 11054 18690 33181 57004 
14901 26555 26722 27062 40547 51457 
6183 7922 12673 17212 35115 43903 52233 
2609 14373 18114 28349 48036 57079 
33700 39442 55875 56840 56887 58549 
1325 6595 8128 13779 18673 56546 
986 8754 11283 20826 25725 
2623 34784 34925 47932 
3287 7502 10927 21570 26683 53404 
11885 29630 48979 53426 55361 
314 561 2466 10601 17496 56490 
8017 25364 28690 33605 52175 
1432 4659 7549 35078 58171 
701 3957 5045 16462 53913 56961 57513 
3784 34155 42291 42321 
24620 32684 34564 45848 46623 
3900 37705 45444 52915 57409 
726 3721 12484 22456 57130 
14880 23539 36263 36484 45509 47338 55068 57139 
5599 27740 43285 54356 
22433 45565 46314 54577 57140 
6532 29398 47660 55416 55569 
27574 33027 43312 43790 
10045 10046 12937 12979 20186 36831 
20625 32896 36341 51558 53213 56726 57326 
1741 25978 26923 56805 57179 
3287 7502 17154 23898 43208 48027 53404 55416 
10383 28583 45250 48738 53918 55521 
12078 25502 29363 44498 48274 
27609 34535 43344 44673 50294 
561 2466 5009 8697 18332 21230 34163 
6892 13376 34989 39152 41866 
1296 46040 46438 49315 
10532 12205 19835 40839 57067 
2227 19279 22873 42341 50109 
2403 2656 2914 16916 47092 
9811 12575 23020 31668 36835 
4283 16757 19555 57260 57442 
22489 27601 36623 42991 48974 53544 57100 57390 
4750 5119 10207 57208 
11392 15572 26231 38810 55251 56979 
21716 22555 36471 55032 56632 
1483 4084 26069 29690 36183 37249 37854 57549 
18857 25233 28877 42775 46331 
22707 41147 57018 57131 57290 
294 6897 25213 54717 57294 
5417 16622 38954 51515 
1684 1685 3472 5349 9944 
45608 51752 57337 57424 57801 
8254 12314 15238 33169 41303 57004 57368 
5852 9098 26526 26527 56010 
13597 33089 54163 57346 
308 15040 28720 45876 57277 
237 2001 2224 28146 47459 
4080 10304 10542 11642 18333 
1417 1418 4557 13247 57125 
8834 10052 10591 20382 52371 
482 10924 18817 45521 47426 54171 
23104 51250 56175 57338 
9949 21883 27594 47465 50545 
3979 47862 48216 49063 51762 55027 
3494 49094 54838 56489 
8683 9156 10236 12085 23433 57326 57414 
7565 13292 13323 32023 38805 
974 7108 13794 20278 44446 55228 57510 
1023 2546 3296 11872 30109 57331 
30038 38294 46298 46322 
5970 10218 17496 50142 51636 55495 
5762 19208 56865 57444 
314 561 2306 2466 6212 7831 
5065 5253 10722 21940 57400 
20557 32064 50001 53788 56589 57461 
548 4994 10572 21597 29889 49724 51633 
1301 10015 11373 13309 49495 
13433 30444 33566 40349 57474 
3421 9709 15015 41633 42179 43334 
33954 37286 39637 42506 48924 
1920 9709 30064 41633 44184 56932 
9507 13463 20130 45568 57490 
3606 10298 49866 56206 56955 
11178 12278 13628 47452 56388 57431 
38059 38471 40408 47246 52422 
41 185 1186 3439 4243 54305 
12194 28854 41588 47751 56010 
6 3986 11915 11916 55268 
12746 12747 39235 39268 58310 
661 1424 7671 13556 48032 57504 
31387 42109 44710 49656 57586 
901 2239 2321 2709 7559 
272 3612 10718 20159 32545 
4181 19458 37621 42995 54170 
1673 1849 1850 9401 16694 
4899 14844 16534 43229 55255 
34215 34605 38137 40486 
1391 11756 28193 53743 55167 
774 1326 8378 14068 52686 
9599 12548 30840 46685 
1927 7614 16810 37664 39914 
22941 34354 45356 50821 57770 
2316 26824 32103 47320 57445 
120 19545 29367 41590 57462 
38058 42848 48811 57695 57739 58678 
12867 15122 53798 55694 57672 
3108 3109 35635 44171 
2697 15196 34248 46857 
2942 2943 23026 38627 
15744 16023 31407 36414 51338 55563 
15809 16010 30515 37827 57736 
1407 10489 10542 13921 21751 
1804 3671 9393 15730 20203 42200 55723 
6186 7743 20200 42725 51786 52837 56644 56855 
5134 5414 9134 53173 56861 
1838 3046 5314 10620 25435 39433 
48023 54072 57795 58183 
3762 9717 16020 35849 48676 54434 
9912 9913 10330 10629 
22272 22442 34668 42358 57787 
23321 31286 49356 51666 
7597 22272 22442 34249 57704 
3593 8657 11967 49623 57630 
1613 11346 57822 57826 58014 
29493 36869 44250 44535 57824 58642 
16688 17967 22450 40107 57102 57440 
1694 2484 6086 6465 57855 
12199 27338 41713 55373 57386 
39894 46359 54862 56474 57833 
518 5190 6538 16468 48090 48164 
7164 23782 29231 48754 49235 55683 
40834 41105 45522 50692 52932 
27629 29878 53022 53915 
85 1429 2066 20522 22886 50864 
14773 18066 37951 45463 57771 57878 
14787 30701 32796 52332 54952 57608 
518 1981 9688 16468 48090 57798 
7500 13559 27263 49897 57790 57954 
4774 25319 39170 39201 39442 
33433 35462 47862 54927 57751 
1801 3053 4621 47843 57186 
550 33942 35890 57054 57453 
3595 6364 9692 18513 46074 53622 
1398 3167 7221 7450 14461 57942 
1932 6195 13283 14461 50620 57942 
27425 31411 35376 36145 43828 54691 
37238 45978 57846 57958 
11044 28980 34718 54721 
48321 52547 55120 57872 
3597 13269 23204 42939 43454 52876 57755 
2221 3628 4382 5643 5808 7421 15127 
3403 15427 28932 38942 46159 
972 1039 4241 5823 41209 42077 
17508 34520 53090 57798 
52474 52532 56297 56434 58012 
7641 36228 36229 47167 49730 
4408 27284 29367 45968 58040 
7014 24349 31384 40080 55915 
42869 46122 50206 57851 
22482 50198 54587 57741 
13175 13485 26045 38458 55686 
1127 1177 1876 8304 11296 
2831 17219 40617 44070 
26527 38152 38325 39955 53594 
4730 5763 23307 43408 57850 
3918 24120 32108 33148 56089 
5089 11637 28352 46452 55850 58112 
975 1314 5494 23385 54042 56039 
39705 44452 46672 58062 
3901 4449 21157 27839 30918 58170 
27245 42467 52683 57632 
11482 21361 55120 58147 
9568 35246 50569 51821 53950 
173 1427 2438 31650 34856 48679 
2275 2983 7534 13765 58033 
880 989 1232 5042 10849 44302 
57589 57903 57904 57999 
6083 13032 18840 30589 57757 
63 4628 9293 50014 
4707 4731 19024 37692 57331 58020 
18431 48863 58093 58233 
19768 30860 37765 48321 53378 
20561 50819 52134 54650 56817 
21594 37363 41297 42927 53291 
38202 41959 50691 58126 
18595 36949 43814 57966 58341 
31293 52144 57783 58410 
4022 6893 9181 10848 11167 37082 
13171 21518 44102 53451 54874 
11124 15672 38562 47101 49592 57069 
969 2001 7495 11936 13675 20094 
8217 38572 54997 55622 57349 
26902 50722 52569 53349 58165 
4208 5511 7917 13035 18704 
9695 11289 28346 31421 55127 
207 528 1742 12881 52420 
1061 1703 3353 4907 8248 34291 
21913 36241 54349 55347 57157 58191 
27069 28261 32354 32714 55763 
1875 7338 14672 17062 21320 
2483 21544 30853 53974 57795 58358 
1483 29654 30355 52129 56071 58377 
6139 19445 52905 57812 58244 
1185 14350 21277 27095 55893 
272 2382 15423 48279 56521 
6225 12023 23701 46054 46126 
2925 4985 7260 12879 23300 
28033 31835 57615 58450 
10006 14926 19581 53765 58532 
460 2302 3847 11528 15121 58392 
34994 42607 48844 53225 58467 
912 1843 45119 58499 
429 1765 5988 7136 37238 
7264 17819 39376 47834 57992 
343 3620 16001 29939 56377 
995 23225 23782 47807 50892 56765 
12114 15108 51447 58075 
30365 49936 58561 58562 
24840 25319 40731 58295 58656 
14773 39598 45830 56687 57964 
802 3313 7839 8789 9109 15880 57308 
20217 26561 33402 41024 57814 
13706 17754 21555 48043 52219 54536 
33420 34828 35926 54313 57908 
547 3957 9308 12408 12875 13430 32451 53745 
20960 29859 56006 57639 
26313 34746 40741 56511 
9013 27547 33386 58118 58315 58724 
27565 32903 43257 51610 54293 57326 
2071 50702 51279 56637 57764 58701 
3012 10059 38636 51071 58566 
334 623 3696 3697 17315 18224 55553 
5152 15690 18987 35472 55057 
564 771 7187 10138 29581 51633 56661 
53647 53675 53823 
237 49537 53437 
32042 53024 53376 
6456 17312 50487 
35845 43674 57489 
24542 32096 53433 
28932 48583 51814 
22325 53126 53688 
35280 47928 57109 
23757 36087 36504 
3805 12176 54880 
6858 11523 48632 
44453 53595 53709 
3576 53415 53927 
30677 43366 43367 
7349 14087 53715 
81 6695 49172 
16637 18175 50919 
53719 53720 56097 
35482 47729 49983 
1663 16126 53164 
2154 6950 13697 
7437 51498 56302 
539 1199 7909 
14822 27373 39153 
3664 32322 57500 
5764 27550 47334 
3116 3246 16205 
41544 45909 52841 
28972 38538 50895 
15000 53665 56188 
2213 4655 30703 
21641 22107 46845 
47817 52795 53740 
2242 2243 8099 
16 4950 25615 
24938 31764 56853 
4654 13907 53753 
1363 14789 53606 
37151 42685 53161 
33986 49838 55160 
9707 11384 53648 
3316 35372 41330 
43895 46644 53413 
15243 20402 20904 
25535 34800 41854 
12394 39750 56626 
3303 11947 33598 
7048 50880 52040 
833 834 8157 
1693 38598 45448 
17305 24184 48110 
27974 43018 54169 
29857 46255 50937 
31755 31866 58290 
13243 50772 56641 
5206 30467 49662 
33239 34941 47951 
6262 50866 53196 
10829 29300 56987 
51501 53639 53791 
1313 4917 5305 
19365 22536 32918 
7846 53439 55050 
3082 7731 47250 
8813 10688 54873 
51744 53802 56437 
6029 17704 21948 
10167 12302 40950 
6302 45745 56141 
15806 16725 48623 
6901 7025 53529 
1933 22420 30798 
2492 11456 58274 
7058 25739 55118 
31491 35436 39276 
39194 47201 53620 
3343 27610 56490 
34453 35779 46847 
14705 52531 54555 
10440 38133 57210 
22371 36614 43394 
1269 1769 34565 
28742 53849 54577 
43000 52126 54325 
24451 51850 55640 
52373 53859 55689 
20484 41022 54788 
27870 28190 54045 
7507 10921 48593 
35529 46974 55019 
10861 44182 57599 
15765 15767 53867 
13177 48627 50167 
39686 44918 46562 
1214 2715 30907 
15936 18794 55078 
15174 20208 27527 
1881 3709 55616 
36201 53364 55379 
25609 38815 45514 
34685 41473 49990 
36784 44105 46193 
9850 25247 54474 
9876 30219 53385 
6187 26394 48453 
42141 48078 53884 
1195 6366 7286 
15909 27465 31863 
25871 39227 43293 
7428 7572 10821 
2920 11374 45115 
16083 17152 39258 
8385 35043 58476 
4956 18441 27643 
7753 12316 13167 
9048 11972 11973 
29582 34713 52707 
5759 5760 14642 
5732 13861 30456 
17009 45871 51408 
5146 45900 46690 
49407 49593 53363 
29408 38382 48708 
16912 25912 56269 
9742 34669 53251 
42131 42132 56100 
16324 21313 53053 
5396 26662 49423 
16976 19739 25906 
42746 50226 53478 
28923 53920 56908 
28040 52253 57513 
5358 34950 40314 
34950 36986 46309 
39535 52768 53558 
2381 5379 18063 
32651 39379 53278 
19811 38327 53736 
20840 32667 53032 
3462 12110 45995 
689 3390 21611 
277 396 4719 
29802 47465 48444 
48590 48615 54123 
6282 6380 21722 
24459 51996 57716 
603 12583 54689 
6285 6921 24208 
36077 51831 57035 
14517 21395 24755 
2921 5430 32912 
8896 15546 45349 
25514 46707 54885 
48526 53294 53848 
5046 10546 26337 
10480 23971 54352 
17874 30056 58598 
4567 26291 30463 
19286 27143 47605 
47985 52730 54566 
53980 53981 55708 
6295 9763 53982 
42117 47636 56507 
50044 50045 53204 
9320 14552 15833 
41120 52495 57654 
1378 7141 54006 
24897 29662 48232 
20620 31634 51672 
5137 26078 53936 
10700 21111 55613 
2031 15962 49303 
18175 25180 31398 
6085 44951 46568 
49678 52933 54488 
43660 44599 54491 
2741 8249 19018 
28693 33947 53070 
17890 29513 47520 
21240 21342 48110 
38617 43239 53740 
2567 27957 56737 
38685 38686 54016 
52481 54022 54023 
51950 53997 54183 
13873 15563 54037 
52834 53560 58027 
2018 3601 7447 
12355 24837 54114 
22547 28470 44538 
3466 8361 54436 
13604 20997 54049 
14537 26310 50730 
5284 39438 52811 
24840 35698 50918 
33735 49065 54282 
943 20349 28295 
21527 30698 32002 
31306 49403 54084 
2758 2759 54656 
21353 28574 45427 
3800 5347 23757 
8376 14825 53524 
18306 53410 54055 
20855 35900 54530 
15794 47768 49137 
15877 19590 54048 
5576 14184 34057 
13095 19505 20638 
2112 3282 5981 
2297 5449 5450 
27159 47415 53596 
7489 19375 48206 
28440 52237 55416 
10615 18754 54041 
22275 46077 51009 
5184 5185 5782 
218 4538 31740 
5452 12349 30715 
34043 51987 56861 
8527 17517 22565 
15075 21985 49052 
39968 51545 55263 
10180 43746 54106 
30093 48717 54089 
1238 21540 41249 
25593 52490 56092 
30945 36604 53598 
5871 27217 38723 
10065 13953 56490 
17863 47732 51200 
39812 46078 55236 
38527 38648 39988 
36850 44938 54124 
566 12444 24300 
11984 34574 45990 
29570 41446 51544 
4840 6357 30201 
2122 2138 7226 
673 48964 50765 
18100 21320 51217 
7936 8282 8679 
17203 21409 49034 
596 4992 53941 
45268 46043 49484 
1012 11680 22165 
28244 49847 53174 
8285 30178 57641 
272 18060 54076 
15395 23183 54890 
23033 28722 41362 
21777 51217 54160 
2629 2945 58347 
8752 11486 18287 
3620 9918 21148 
12281 12614 53321 
4209 49412 52776 
506 3652 17069 
10075 10076 10358 
12409 29703 57155 
2334 3871 32852 
11275 12436 23651 
40152 40448 54311 
4428 17855 52128 
49868 50021 53378 
8231 47314 56875 
2141 27692 51951 
18940 54201 54519 
5173 21927 52534 
1775 2714 21510 
8237 14961 56270 
2529 34053 54155 
803 3011 7456 
1326 9444 9906 
34991 35034 44483 
1287 5358 43573 
864 7774 23742 
24942 42195 51671 
3381 22316 54220 
21383 33704 42776 
39669 48115 48116 
15281 21909 53510 
18107 22381 54569 
4217 22488 50996 
3599 23992 31549 
3616 10400 56557 
5894 11267 54431 
17237 17618 18069 
42768 43029 50950 
41694 42022 43733 
38014 50922 56206 
189 8221 28850 
6210 10038 45319 
15521 54059 54821 
3226 50160 54259 
36053 36972 39539 
8369 12556 58742 
21145 45879 53228 
20280 33327 49215 
14431 36907 44674 
1709 17444 20243 
49868 54113 54257 
1664 3499 7055 
14454 32467 34896 
1476 2853 35601 
10446 10447 14712 
3485 19778 27699 
28270 48849 54278 
7708 15829 26907 
20536 31500 45558 
6272 44103 57514 
54108 54301 54644 
150 10629 14958 
19055 27013 27465 
35949 41465 54047 
3065 10888 34574 
40860 50850 52102 
49163 53416 56774 
16582 22167 41077 
12728 12857 23367 
1619 1620 6476 
5443 14631 54570 
3400 17632 28961 
6615 9151 12693 
32676 47787 54199 
17100 41153 42693 
339 35218 50880 
1043 21205 25512 
6832 12594 14290 
31664 49207 50206 
29808 50881 56160 
2812 17113 56142 
3971 21846 28617 
1557 37255 54151 
8010 54071 54206 
339 6718 11453 
17094 36751 55178 
22336 27959 54379 
26123 26124 53351 
4814 18262 54305 
2621 29118 54636 
3111 3446 10216 
231 2851 8519 
18615 29692 35191 
37778 45445 49459 
2572 34839 54345 
32120 50350 53974 
2699 2958 5688 
333 24476 39165 
574 6889 15726 
11661 36497 48154 
1732 5860 22627 
6710 11390 46827 
3456 8996 10914 
2993 23757 49097 
14709 54438 58522 
2361 14609 32207 
15572 41706 46131 
5872 6485 15067 
21782 22383 22391 
5761 41892 54325 
54416 54457 54879 
12866 13355 19057 
23369 39644 54461 
1370 8094 26653 
3880 9991 19682 
20131 27809 36445 
32036 39716 48269 
24720 27358 55178 
3769 9467 15690 
3786 5305 7062 
1033 26591 52065 
10493 36193 58190 
6212 6377 11056 
27432 31814 51727 
51915 54462 55927 
5059 27581 50592 
4906 5217 8451 
39173 51785 54950 
28911 29400 52803 
1997 2445 56452 
7549 29746 54127 
3394 13664 14585 
13329 19559 25196 
7998 10227 53835 
11852 13777 54546 
4369 4618 23757 
31031 42890 54268 
53300 53301 54451 
30060 48816 56270 
46364 46365 46382 
29665 29947 40282 
26603 41378 47608 
10975 30646 54342 
26281 32365 51869 
19081 46171 52105 
7761 34359 35160 
3750 10211 34574 
8734 15061 20576 
13761 28612 28828 
7022 9139 40507 
6483 16424 54583 
17320 19476 28924 
33500 33501 35555 
17069 43126 50219 
13785 44437 45118 
5205 6266 55905 
943 3584 11466 
49008 51648 56160 
9604 17063 32089 
4013 5999 8476 
17785 38871 54716 
27898 54657 55311 
469 27453 51633 
3761 5519 8752 
29572 48427 54663 
14409 45641 56150 
34440 44580 45876 
1715 10566 15617 
38784 52741 53593 
29208 51903 55673 
8103 13190 18070 
1874 1926 3084 
25296 35265 49372 
4697 6271 17305 
39952 54702 55484 
11589 35510 39335 
2379 45075 56030 
16556 25606 43799 
28935 29492 53861 
10480 44682 54727 
19426 23292 52055 
3717 4517 12870 
7485 7558 45596 
35770 52556 54733 
42704 46535 54734 
13682 19109 25037 
2426 46224 54740 
32655 40222 41431 
39830 42293 45237 
2205 12213 12214 
54772 54773 55632 
23373 32731 32947 
6564 14283 36638 
30070 40348 41172 
12947 35223 52311 
36887 42145 55868 
945 11145 54627 
19680 38608 40808 
33356 52624 54790 
4439 19827 51378 
25918 32481 36500 
6073 7063 13147 
2387 8666 19633 
11839 18285 53441 
15380 47914 54796 
49796 51953 53760 
237 10402 54729 
37967 39995 47553 
14536 26289 56546 
17976 28246 54820 
47912 52826 54823 
50647 51368 52292 
19842 24114 52554 
2461 2827 14235 
3399 13831 53855 
16196 28781 54839 
2036 4798 19013 
17442 24140 54842 
14767 37452 41837 
24335 40773 56364 
6916 45959 53791 
25979 48100 53615 
20021 37390 54382 
12869 54865 56463 
2486 16066 53404 
39942 54871 55238 
32213 54692 55022 
5357 13784 23757 
3171 47639 48117 
6594 31652 54364 
207 4361 37748 
16949 34467 36861 
5156 37087 53495 
24545 54085 54662 
25242 54480 54921 
1660 4985 36681 
5385 6546 10715 
7483 16595 34661 
30772 52272 52962 
2744 7430 11624 
6834 16179 20255 
39521 54600 54911 
11970 35737 56368 
2427 4430 6315 
13098 54942 55059 
9834 31309 54920 
10021 22972 51617 
8409 13429 57883 
29047 43459 46207 
8238 27563 38632 
28619 30429 54441 
26379 33587 55379 
22488 39291 51473 
12518 24344 54986 
2746 2976 56248 
32703 41902 44855 
17317 54254 54993 
8026 47397 51063 
7153 13606 50254 
4703 38292 47902 
4669 5370 54305 
46634 51976 52023 
1065 35299 48494 
10215 10821 22735 
27754 45849 57635 
38025 46539 46921 
21414 54851 54904 
18398 38624 57568 
32268 54627 55016 
5522 50432 54765 
5926 20550 56444 
19059 29958 53786 
37052 42710 55964 
16355 23819 53324 
34628 50848 54138 
320 9863 49578 
46370 53168 54710 
10934 40847 56844 
11245 15645 26378 
2322 5277 36005 
22540 22552 55379 
10967 17301 55061 
10043 10820 48090 
24265 46841 54882 
24061 53569 56026 
29922 39152 55075 
6825 45443 54265 
40103 54760 55073 
21249 23230 23381 
9682 24388 55756 
25324 28783 32829 
7579 12011 48790 
6001 45371 55111 
5552 38113 53855 
11768 11969 45308 
1633 31028 36003 
42343 43060 46064 
41453 48749 57874 
10337 22854 53461 
17989 51625 57995 
2683 51768 55133 
1121 2089 5887 
20342 30224 43618 
29238 39040 41479 
19532 46717 55155 
10263 49626 55320 
2569 9539 19666 
12683 55164 55299 
6292 31987 32542 
9051 12885 49044 
30277 45987 48392 
3314 6523 58261 
7 4678 43563 
30286 40113 42705 
22242 22659 51125 
12592 39767 53287 
20213 24630 38287 
10157 33751 54691 
34332 48982 55497 
1834 9223 53866 
348 6441 17822 
11569 17747 43247 
272 12229 45389 
2964 6342 55232 
28163 31355 50027 
9555 13666 13928 
16783 53878 54313 
18468 33087 55895 
45 34946 55268 
4637 22625 33388 
13399 13400 14380 
18463 41823 56032 
2137 46827 51528 
21725 42019 43937 
43632 46247 52705 
3730 15418 32928 
17209 28664 55046 
22220 28909 36250 
24312 34833 38330 
2118 29614 46660 
16196 23132 30161 
5179 30902 52978 
11386 27699 28360 
6059 33899 39170 
16198 55327 55826 
10317 54548 57877 
2503 3674 54787 
33514 46815 47209 
4114 52274 55134 
13334 15094 21014 
1634 44362 54392 
50354 51724 51820 
37160 37286 39177 
35279 55356 58492 
18697 19037 52835 
13496 45944 47578 
35141 39997 45319 
9297 30055 53665 
253 397 1045 
11907 55230 56703 
4665 5175 13909 
2444 3906 34125 
9916 10314 10630 
6700 8189 55901 
5424 7581 10166 
8748 17970 31976 
4218 19369 19646 
2140 6293 12578 
18562 34063 55027 
21100 41989 44705 
50054 51508 52081 
9003 14582 55244 
312 2271 11406 
16197 46263 49597 
908 2298 2302 
235 3774 24910 
21599 54778 56960 
9586 23919 54037 
12365 14356 55395 
624 26510 45475 
12274 48791 51041 
11705 24804 29330 
38255 49464 51000 
1013 24365 31565 
19769 42180 48679 
12835 25409 53950 
30537 32801 33713 
8859 8860 55701 
11063 13162 56417 
9683 9684 14020 
48042 54502 54784 
38906 46047 53844 
36242 36243 55509 
27743 28324 42816 
1161 37817 53650 
13311 29792 40822 
14248 45567 55510 
6029 11206 30988 
4546 48827 52001 
2220 2552 2576 
16699 24915 35845 
5244 34383 35071 
614 14924 34717 
9918 14489 36995 
27680 51619 55394 
8255 10666 11936 
413 28439 47130 
8179 17607 53155 
10979 15211 22886 
13027 45227 48267 
15126 16974 52976 
13727 32607 55582 
5664 15636 35936 
22328 49737 56494 
43432 55594 55599 
36354 48271 54172 
5946 36762 50520 
15022 25408 52968 
49964 54550 55185 
39927 55605 55618 
22048 55536 57084 
27096 33825 50009 
31529 36617 57109 
27742 49148 54825 
14965 29828 45909 
7894 42056 54570 
46517 46696 57443 
19240 29637 44239 
13329 36346 51764 
1761 14233 53734 
30262 52886 57639 
25971 43441 50644 
15199 39976 56117 
28869 34669 49671 
147 1587 7545 
7033 33886 54518 
20449 23561 57871 
40165 51772 54864 
2576 11069 14255 
26566 32600 55044 
4192 4833 21858 
1622 5271 10189 
427 6579 8850 
54960 55387 56832 
11824 25790 39324 
14071 16082 53734 
36029 38201 55706 
6904 20714 54829 
11774 36521 58129 
26353 42121 52343 
26863 35903 55071 
24422 46149 48829 
6016 9912 10754 
8443 17416 17417 
33099 51261 55744 
14862 17152 40148 
3188 15571 26653 
4515 18590 25548 
29576 54815 55698 
31914 55570 56600 
8632 25875 39545 
49064 55760 56171 
1102 6368 7395 
52532 53330 55767 
52353 55769 56258 
4237 12682 27510 
13339 13554 18252 
49652 55771 56073 
12651 46821 51130 
15195 17657 28831 
4610 20560 47571 
27886 28999 39502 
2860 9083 9483 
35238 38072 57458 
9410 19535 43317 
50240 51067 55739 
15354 17322 26564 
51222 55804 57484 
19390 23686 37086 
47401 55418 56077 
10615 45272 55829 
16482 39006 40866 
1041 6277 54634 
2609 26682 34472 
2338 3015 19566 
9417 10760 21468 
35517 47201 49732 
55325 55856 57038 
2669 19295 27637 
996 17176 51083 
15666 48313 56894 
27841 27939 54387 
17571 31666 57789 
41631 46431 51586 
31953 49102 55954 
47628 51001 56813 
4907 9396 50578 
1545 31846 41800 
11371 26486 55921 
4287 4288 8876 
16469 18062 19555 
2940 7304 27723 
30618 31748 43968 
3554 27088 41109 
7370 21103 55780 
8648 17459 28188 
8402 22918 56983 
2216 2816 12587 
1489 42826 55371 
1101 10109 28111 
8170 15638 46873 
10417 16135 56071 
12765 13954 51071 
4125 4126 47153 
16403 55989 57731 
20865 47898 58716 
3675 5181 16087 
13539 16772 33245 
28161 42773 55112 
3801 19208 55020 
2318 10682 58469 
21117 25551 27504 
32351 35257 55617 
4229 42590 51786 
39080 39081 39109 
7765 24601 41532 
10669 22516 55379 
17937 22182 55701 
1434 7111 53098 
19568 26492 43710 
12801 28677 56996 
12576 12608 53478 
307 2372 57277 
2803 7782 56489 
4980 11672 56468 
8829 23446 41804 
417 1301 7184 
14005 50695 56096 
1623 5143 24919 
52199 52432 56107 
1097 10392 55320 
9358 20061 55706 
19295 31133 32203 
7921 34331 52233 
7045 14718 54866 
17892 52622 54480 
24167 24214 55996 
23869 51033 57528 
21754 56108 57850 
8002 39246 42379 
33389 47609 55488 
17937 56119 56172 
10846 38059 51568 
11910 38336 46111 
7952 17032 29401 
34253 40193 48716 
34109 46127 50869 
1731 6938 53467 
14599 16771 24813 
5543 11330 16018 
20107 28239 49034 
6380 34337 56214 
2040 2990 4176 
33227 36437 55889 
2408 6642 56213 
1609 2718 19340 
41178 48268 56275 
26891 54032 56231 
44352 48274 55796 
11843 55436 56430 
40313 53076 55008 
47827 48380 54570 
2895 4345 54305 
491 6487 55253 
1715 38878 47146 
2690 10902 56166 
31481 32307 56273 
27 6845 15605 
6626 11936 56239 
32510 34626 50704 
13097 16109 56262 
27123 34097 54599 
30117 44866 55971 
16988 21148 41817 
8913 23969 54020 
2443 29212 57789 
1294 1448 54136 
9515 11363 52889 
42359 45835 54777 
10697 33178 56295 
25934 26207 52128 
33516 38273 53599 
39670 48468 49303 
2618 23283 25722 
37662 52004 57420 
42866 44091 53727 
16301 19159 58152 
6837 33903 56338 
13320 15832 32145 
14679 25344 47278 
17933 35308 42987 
29082 29986 36663 
18905 21986 38210 
9897 26255 56356 
2368 36234 42162 
26850 30582 56376 
992 1502 3122 
34285 38547 45948 
1453 8760 9176 
8721 13976 26362 
3708 3709 25078 
29616 34678 58072 
4718 48898 49849 
14211 46330 56402 
28029 55350 56669 
33032 52778 56347 
30934 40647 43455 
2412 3204 11572 
579 3786 10854 
23983 51313 56831 
51752 56318 56341 
3461 17101 25279 
8971 9823 41209 
45432 56448 57961 
2079 8265 39685 
2867 54871 56015 
6107 11253 11435 
11246 14235 56454 
10502 45922 56459 
14472 24931 29392 
32636 54557 54753 
8077 56469 57778 
736 16022 32241 
9557 31099 43160 
4102 14244 24733 
11315 20109 41612 
11219 42239 50220 
6643 34635 43401 
8207 36161 53205 
7177 24719 44298 
1782 29757 30796 
32840 35232 54786 
11229 36235 48081 
538 4110 9335 
48846 55492 56457 
43369 55894 57912 
14940 35007 54715 
11481 24746 25739 
4596 40997 56495 
21016 28301 36416 
34865 38651 55520 
12256 27940 56991 
6199 30238 47807 
39903 40968 54054 
2097 2390 12244 
5442 21326 30723 
10320 42665 56577 
6033 46541 52933 
8821 53462 53758 
22927 33434 51027 
2464 6339 56621 
49545 54716 54764 
50 10412 13429 
5281 11040 13732 
515 2515 45783 
11968 44050 55648 
2620 13447 33535 
28594 37003 48717 
9039 18947 56655 
43848 43851 56196 
13134 13145 22888 
36566 39228 56662 
1229 18456 53835 
15682 40057 49681 
26217 48713 56665 
1468 2896 14283 
2075 35813 48700 
18131 24484 58213 
14639 15412 18145 
29589 35849 41504 
10224 10397 15906 
43130 54887 56700 
7734 37638 56285 
25954 32731 52167 
25 26 16400 
8218 10924 32461 
8873 53445 57703 
29444 56742 57587 
791 8437 54875 
5016 53156 56683 
14196 17761 18165 
16772 52077 56750 
124 7792 11985 
10153 25132 55996 
26152 47668 56768 
713 2807 6212 
7430 17294 18300 
2442 7018 49730 
7788 9578 27609 
1050 42455 56695 
7204 26197 56772 
9678 17948 37253 
14228 27116 50611 
8182 23294 24156 
3751 4040 11009 
26148 40369 56789 
17647 52072 52164 
879 32453 49899 
8983 46673 57757 
2256 55556 56261 
43006 45964 54048 
10185 52600 52601 
11084 31190 35865 
2456 9927 10207 
10064 22909 58228 
26417 50715 51955 
10689 15872 55218 
32895 45809 57930 
12550 24504 33683 
51693 51720 57244 
27029 28670 55456 
38840 41608 56827 
9071 39201 46114 
37254 38717 55513 
13642 27757 48217 
1320 38472 41870 
3841 10110 27726 
38774 50410 54785 
33679 56874 57012 
19552 49420 51070 
9711 37006 55850 
4503 37535 56904 
27018 27109 56006 
402 15568 53734 
52943 53206 57705 
6255 16035 55979 
11823 16658 17022 
7533 18997 55711 
4777 7930 8837 
28503 36745 51450 
43489 48274 56777 
15282 43063 47642 
17019 44830 46566 
2924 27483 39992 
15262 34121 56814 
798 7848 56886 
3028 4336 30465 
14035 43422 57005 
29339 51156 56955 
2830 8148 9238 
14617 36086 37150 
750 1705 15476 
33090 36100 55356 
17000 34254 57798 
35015 46450 49085 
2872 4422 4712 
1387 45768 51671 
2419 2420 2440 
27096 34046 44274 
27336 41781 53265 
14124 16165 57004 
13943 23419 47538 
8662 12279 55167 
36815 46745 55994 
35691 37552 43410 
13261 25270 31668 
23644 36958 57308 
23536 55235 58777 
6606 29332 33237 
18503 31304 33893 
10402 39610 43316 
3955 23333 57202 
46655 50361 56507 
39203 45135 51262 
2061 4836 6451 
25104 32806 55988 
7376 10396 30970 
1145 11756 13834 
19984 43112 56067 
28069 43591 51443 
3989 6733 12390 
57237 57238 57874 
27263 34809 56610 
14184 46927 57253 
16028 27263 57255 
34436 35747 54864 
29962 38052 49758 
2622 38719 56559 
5625 22891 27541 
1917 33936 51808 
6551 6648 35775 
51138 56840 56970 
17740 33735 43003 
5593 47011 54918 
6779 16575 53558 
13795 31817 54560 
1845 20160 25343 
1403 23570 39165 
8034 12207 57336 
46314 57134 57243 
4181 16297 38799 
2412 29287 52304 
7773 22765 46786 
1805 16475 55723 
50465 50727 50845 
8689 16224 57635 
1747 22313 26042 
4224 16154 57198 
25935 51353 56880 
164 2916 11941 
22867 43428 53524 
54 6193 11704 
22664 24737 38324 
2302 8906 56709 
20902 39166 48051 
50804 53074 55011 
41586 41587 51617 
32970 34098 38456 
19456 40917 47834 
2939 26653 30938 
4200 39275 52410 
5466 18575 55383 
1650 4205 56248 
10189 14418 56947 
23906 39725 54636 
1274 1275 4883 
22287 56322 57503 
982 37315 56302 
4571 16030 56452 
18700 49052 52670 
44617 53732 57515 
39185 54910 56128 
20012 44939 57535 
33543 39096 52959 
8656 34077 54116 
20744 27721 33631 
32912 34980 46459 
15368 15369 55237 
1197 46191 55921 
8562 17405 57621 
4750 9408 27819 
8566 13328 25080 
39238 39488 55046 
16933 27860 40757 
5040 35256 35741 
2134 37151 51621 
11071 11618 48609 
46259 54119 54121 
25963 26686 42665 
22271 51446 57622 
32210 48827 50471 
6891 8863 26542 
20388 38680 44515 
13869 14996 57649 
1989 38267 54414 
42157 47621 57715 
2923 36166 54873 
3289 6065 8094 
1275 15010 57451 
768 27402 48837 
1590 33350 43955 
2105 2411 3300 
10179 32404 50901 
2014 13421 57720 
11586 15833 21678 
16557 40311 50520 
6959 57661 57752 
47542 57753 57809 
2655 43877 57844 
22334 27144 45987 
45800 56444 57044 
28760 55010 57797 
10601 16073 57800 
678 1516 10204 
22240 43052 57806 
3083 13711 18216 
18833 45428 56499 
9755 10435 10442 
45586 54423 57845 
8356 9781 56517 
28796 52129 57841 
5647 13216 57476 
4226 7686 11527 
36488 57671 57779 
10757 13429 57143 
1992 6236 7199 
2743 12673 50931 
15317 43538 50475 
52839 57721 57918 
15413 28194 55684 
35245 37529 57865 
2363 51387 56772 
53448 57778 57914 
27049 45890 57407 
13564 44586 52684 
2251 8632 14001 
3800 14056 57933 
1248 3826 13936 
29100 45901 57987 
12258 20452 24002 
90 4208 10858 
11440 14652 55865 
3634 5543 57996 
17668 26200 40769 
40532 40533 53320 
7461 43223 54834 
35887 45341 56311 
2983 20251 27340 
6155 52394 57722 
5068 46557 46866 
1080 6493 55100 
6048 56302 56870 
2608 54305 57988 
27509 55883 57740 
7295 16688 58081 
6982 23066 53033 
31499 41475 52482 
387 1910 58110 
16517 45268 58113 
14883 18502 51303 
11454 15935 42949 
7799 7800 54259 
5841 53563 54603 
20705 20706 58008 
4507 41662 55544 
11837 13447 15100 
1929 23757 51337 
39989 45344 56872 
44408 55288 58150 
2986 20455 55656 
15548 38149 58169 
6689 36534 36917 
24236 58017 58302 
39813 48160 52826 
25816 33744 53277 
5159 6837 36709 
54760 58224 58225 
44504 55739 57295 
14390 29777 56577 
16783 26050 54640 
1649 30990 56248 
171 29420 34472 
79 30650 55078 
39304 49877 53404 
3160 4935 15520 
18206 45799 48321 
32639 47672 58303 
1152 7083 38479 
9121 36838 58266 
30632 43868 53879 
43052 57909 58270 
1709 38503 51905 
34318 47202 48369 
12801 26464 31181 
30124 34541 51599 
5370 14761 35603 
20979 30495 34496 
4671 13476 57331 
30402 31172 58205 
1825 4074 57331 
2335 34849 57606 
4474 10169 21948 
38141 42222 55046 
3463 5551 43947 
22443 22841 45995 
41591 50506 53246 
20714 30017 42557 
6240 58070 58401 
29166 36144 53225 
7412 19685 37610 
1909 9364 55837 
42098 44560 50881 
8607 8608 49585 
17057 39235 50279 
13190 22171 58458 
623 25486 57634 
43555 58178 58543 
4562 36442 46964 
32919 50911 58473 
842 3356 3628 
43351 54412 58242 
5129 6285 58127 
4109 18086 55837 
27470 57751 58186 
19195 51191 54314 
5404 5690 20839 
9094 24595 38102 
551 6988 37172 
9717 55873 58580 
54313 56070 58597 
4552 6562 44155 
6111 8303 8304 
21702 33776 58569 
31501 55083 58014 
13111 26330 41209 
7528 23161 56174 
44481 50183 55062 
33902 56270 58631 
2858 2859 55228 
38496 40477 58591 
6639 25627 57529 
57795 58199 58668 
14777 32870 49922 
4610 38915 40749 
2044 51760 56142 
22695 36241 49890 
49847 53586 56424 
23049 30025 56876 
21544 53305 58601 
3151 5881 53641 
2493 40766 58710 
1968 2206 2207 
9173 18889 56661 
26128 37371 58180 
8827 33647 36245 
30631 49589 58775 
58430 58783 58801 
2147 5947 58639 
2289 8069 21041 
8987 11431 53744 
47727 57761 58042 
39604 42229 44121 
15222 54320 54981 
28194 39794 47410 
1663 18248 28013 
4391 18210 23757 
29174 30342 55559 
34800 43788 52147 
101 522 2827 
4500 21518 27921 
13670 44629 56410 
3134 5515 55821 
16617 17334 57771 
