9510 21061 23722 31038 31617 34525 37696 41609 41994 44771 
111 333 1153 1435 1814 1815 1911 2213 2797 2902 3464 4034 4035 4055 4073 4928 5509 6547 6601 6661 7254 7577 10245 10406 10756 10916 11023 11143 13844 14336 15753 21213 22524 22751 25881 26412 27626 28740 31567 33324 35259 35647 35855 36137 36301 39798 39802 40368 40916 41744 42077 42217 42230 42609 42693 42837 43138 43574 43737 44233 
16396 27610 29547 37901 
1991 3571 3669 8122 8123 8354 11630 17912 26847 29492 31630 43955 
201 202 212 439 551 615 616 1055 1056 1670 1991 2479 2566 2683 2760 3846 4061 6144 6710 6739 6800 6911 8122 10155 10361 10935 11390 15999 16100 17124 17125 21070 26578 26778 27313 27563 29772 30703 31567 31601 35395 38792 39215 39819 39937 40261 40359 41409 41785 41803 41958 42259 42430 43233 43668 
2938 6748 11013 12475 13418 22653 27928 
821 1254 1468 1500 1911 2339 3571 3627 4241 7315 
13954 16868 24312 26714 38395 40249 42040 42148 43003 
19833 30084 31723 37662 41789 
12360 22743 34815 35303 
1588 5190 21994 38583 42792 43955 
4244 15086 25931 27194 34488 
149 811 8913 10756 27585 28972 33838 41631 
597 1899 5689 9947 
6154 8819 9031 10593 10783 11280 18156 19972 20090 20855 26791 26879 41617 41943 41944 42218 44947 
1063 2801 3543 6061 7185 8628 9729 11159 11160 12806 18113 22638 22639 22776 24748 25156 30231 34406 39902 40880 40890 40939 41765 42022 43009 43272 43282 43733 43825 44238 
2811 3318 3319 3513 8438 8498 41014 41797 
317 6809 22921 29711 40726 41780 42566 44169 
143 4251 4717 7940 21088 25952 33729 40168 42310 43443 
4391 5507 13358 13418 18169 22653 31334 32145 33750 36667 42714 
1240 4241 7694 7695 8777 
410 432 2118 2208 2736 3184 3443 3686 3763 3865 4789 4949 5544 5777 6308 6600 7370 7412 7461 7577 8312 8971 9823 9824 9842 15684 16438 16979 18531 19956 21087 23930 23931 24380 25135 27028 27043 28538 29325 29614 29889 30289 30649 30823 30832 31828 32511 33387 34831 34849 35121 35231 36520 37857 37949 37952 37958 38290 38407 39454 39455 39459 39766 40309 41209 41568 41636 42595 42606 42609 42674 43238 43385 43390 43600 43609 43671 44260 44620 45010 
3407 7250 7977 11006 11956 16155 17939 18596 23082 26510 29880 30185 30670 30671 37426 38445 39039 39189 39622 40746 42059 44875 
3498 3499 5431 5835 7055 
473 488 489 8179 11457 
31 32 1500 4241 12568 13558 41631 
2601 3822 13715 25064 36983 41632 44305 
1529 3177 6206 7013 9988 38914 41412 41566 
2132 5906 6096 7013 10496 11084 14035 20551 24975 27187 27552 31190 32886 34189 38914 41566 42676 44905 
58 2737 5062 5658 7087 12098 20750 22222 41575 
36 85 3634 31628 
821 1018 1468 1767 2099 2187 11143 11222 22751 31682 41282 44233 
813 2651 2747 3202 29610 
968 969 970 4399 7334 7804 13675 16147 38790 42959 43484 
321 2338 4787 5268 10951 36303 40148 45048 
899 13864 41173 42207 
349 572 1062 1429 1581 2325 14599 16035 21434 22751 31567 34596 
6567 7608 22516 28451 33000 37448 
51 396 601 1677 1746 1989 2812 4117 5430 6704 9912 10372 11459 12507 13429 14640 18024 19048 20510 21002 21157 24487 29542 32433 32912 33258 35964 38267 38355 38690 38944 39338 40415 41537 41782 41980 43145 43831 44730 
564 3299 4385 10584 18575 41479 
247 823 952 1214 1216 2305 2833 2929 4251 4591 4940 4945 6102 7910 8381 8765 9364 9837 10494 14884 15459 18046 19989 21166 22601 30438 36173 41369 42058 42918 44531 
1672 2503 3245 5016 17411 18317 23838 27711 30385 33885 41130 
279 439 529 1219 2179 6739 6987 9332 13078 17124 38913 41785 41803 42826 
2373 7164 18329 21920 37307 38942 42988 44453 
2300 7111 27813 38081 38849 42598 42703 
4472 13402 13764 17778 27813 29778 31131 32055 32104 41702 
20865 25488 35219 38179 40712 42702 43485 
2595 3632 5484 7623 7651 10204 10837 13146 21953 29368 34291 37390 40773 41408 42211 
539 1226 3737 3928 4993 31298 
21 114 333 442 446 547 551 552 821 872 1018 1398 1489 1590 1767 1803 2141 2230 2525 4054 4304 4990 5054 5597 6355 7131 7577 8058 8122 8238 9492 9702 9916 10324 10475 10769 11630 12968 13072 13153 14107 14810 15717 16148 16500 16943 17124 19122 19592 19777 22677 22962 23139 24870 25515 25944 27021 27970 28316 28334 30331 30493 31476 32511 32515 32928 34710 35544 37319 37599 39278 39355 39477 39724 39738 39796 39937 40239 41109 41126 41262 41378 41531 41560 41579 41585 41636 41744 41939 41945 43671 43898 43941 44233 44838 
58 529 1814 2737 6344 7004 7087 27287 
13814 16934 28398 34938 36227 40771 41479 42721 44437 
3099 3683 5954 12923 41109 41990 
1254 2525 3823 4040 5954 7131 35596 39937 41109 43019 
6555 24472 25725 36822 41113 43690 44446 
148 2067 2902 2949 10406 19706 20772 21759 25642 27563 29549 30616 32236 36301 41631 42609 
294 389 2911 36831 39579 41822 
884 888 1845 2923 4097 11421 15817 23527 26667 32922 33518 41631 42849 
6748 13764 17617 26736 38684 44823 
283 417 1208 1875 4054 4359 4553 8824 22098 
529 1814 3744 5062 5880 9040 9332 11680 22222 24611 33589 38774 41575 
7719 10109 11238 16022 19592 20522 20576 31567 35655 41143 44864 
173 5101 5102 13519 17300 
1249 1903 1913 3403 3899 3922 3923 6226 7644 9141 14560 16252 16253 18687 18767 20946 22666 25282 37431 42419 43285 43412 43938 44145 
1365 1404 1765 2184 2241 5135 5403 6343 6671 6685 17092 35821 42413 
5394 12467 13867 13984 41079 
16965 20136 20137 23327 
5418 32419 36086 39179 
979 1829 2602 3563 3564 4657 5562 7036 9394 9713 9714 10292 10299 10719 11468 12092 12878 16184 16728 18138 19013 20964 21122 21213 21341 22033 24988 27387 27941 28858 28859 29609 30646 31009 32599 32994 33694 36176 36203 37165 38326 39328 40871 41188 41425 41632 42610 42615 42987 43399 43611 43901 44143 44516 44790 
1429 1767 4907 7341 8831 9396 33975 34928 40186 41631 
1545 7216 13271 41800 
1354 3460 6856 6857 9126 9221 9562 9564 9901 10801 16630 20234 20341 21729 26911 27780 31094 31435 32443 34161 34215 34605 35586 36586 38137 40486 42153 42800 44055 44142 44312 44468 
1211 1458 2986 3779 3932 5478 15704 34755 41813 
760 9396 10148 10394 17926 22847 24804 
5101 16484 35479 42418 
5252 30902 32301 34938 35205 41479 42721 
58 5517 7087 7221 9332 11395 17142 29963 41027 41515 41575 
337 8829 23446 25192 41804 
3199 4823 10395 22342 22656 29963 41575 
149 299 1568 3728 3876 6849 7225 13078 40073 41631 
13334 15094 18302 22856 41844 
1357 2478 3974 11141 11838 14314 14926 24675 26653 27188 29138 29695 30701 31296 32849 33912 35458 36303 36336 36340 37385 37663 39392 39850 41847 42208 42704 44015 44917 
1394 4033 4689 4777 8135 11541 
2208 18952 29889 33324 34860 38632 39495 44123 44720 
5332 7738 13328 17657 26483 39406 41369 42692 
1541 2339 3182 5647 7131 7331 11952 12240 12485 13216 24631 26680 27336 29889 30141 32958 33324 34583 36520 41378 43669 43691 44639 44720 44783 45132 
105 3603 11973 24317 36098 
3549 3868 8573 36201 38849 42703 42763 43044 
148 1018 4137 4976 21179 29368 
288 772 773 2091 
1581 2191 3154 7450 22000 32014 
349 1429 8632 10366 11559 16402 19469 29671 30233 41631 
866 867 8600 34170 
851 10332 12242 12313 
4355 10286 13942 35857 41862 42823 
333 4545 5986 6692 11680 29549 31165 41631 
4292 25901 39071 41708 
10865 17480 29915 31956 39090 
5105 5145 8226 10005 11714 19125 26653 29695 37428 40053 41847 44529 
777 10218 10359 10924 15087 15976 18718 19889 20269 23269 24675 27255 28716 29267 29695 30847 32703 36336 36340 36817 38149 38766 38906 39203 41847 43331 43437 44529 44891 44898 44917 
452 1084 3380 4740 7577 7673 8754 9391 22074 25620 40613 
100 439 562 1329 1824 2905 5955 9332 12732 43629 
2602 16989 21341 26379 31770 32422 34910 37051 38818 42825 44748 
754 755 37943 41872 
300 3491 7908 10597 22636 41575 
4409 8165 22993 37904 40096 
19 20 2518 4290 6550 11612 
1091 1124 1581 12490 15211 34255 34596 
572 2232 9097 22656 22751 27663 30493 41631 
5197 10360 11856 15286 16987 20269 22669 27807 29472 30847 36335 38149 41847 42118 43503 44525 44529 44958 45230 
639 6917 8709 9948 16644 29442 
232 6649 10444 10643 14346 27453 38938 41475 
13798 21952 24975 27839 32709 35244 41530 43675 44905 
333 9217 19469 40340 41372 41633 42702 
20 7509 18161 18365 23623 41980 
5577 9178 10345 10756 14111 22966 27994 35668 41631 42077 
4522 6342 16021 16201 20424 33851 
734 1239 3167 3571 10324 20971 23103 
206 242 4985 14585 36681 40889 
740 741 811 919 1024 1876 4545 6865 8884 21434 26412 27585 28972 31567 32797 
1639 3015 15338 20168 42378 
33 35 420 421 3749 14052 21970 45212 
325 948 1215 1338 3260 33814 40889 42412 
529 2103 3938 7221 9941 11331 35226 37800 38626 38773 39758 41575 
1370 2311 2999 6093 8375 10330 10649 13116 13137 28182 32156 42686 
734 830 2294 3571 6259 17563 
15265 15830 15895 23554 28181 29364 34599 36973 39926 41780 44169 
206 242 1010 10903 27187 38497 40889 
6649 25204 31404 41585 44838 
1429 5551 6113 10245 14599 14832 18428 27563 37834 41631 
287 11153 16890 28295 28315 30750 34571 35487 35964 41258 41980 42795 45141 
1220 1581 2622 7131 9026 9332 11680 34596 41414 41953 43478 
9506 11217 30250 41867 41897 43132 
727 943 1101 2201 3578 3718 4956 6594 7885 8003 9480 11441 13836 15389 16127 17221 17502 21122 21429 23778 28111 28318 28425 29738 32422 32777 33247 33694 33894 34032 34098 36509 37082 37961 39161 41518 41982 42379 42610 42703 42763 45113 
821 2475 4993 5146 5459 5693 7315 21994 44521 
3471 4791 16889 26250 27376 27752 28538 34095 34831 39440 45163 
4005 4937 10555 41902 
138 968 2235 13297 31412 35394 42959 43243 43484 43832 
2292 3918 4631 32108 
2607 9832 13053 32036 32744 
15561 31345 32076 32284 42937 43265 43736 
246 3315 11239 12490 34169 37551 
864 7775 8876 10707 35151 40913 44446 
149 3733 7466 11374 15694 34502 
552 862 4527 14599 21514 23192 
7791 8010 12267 28369 36201 38081 38123 38849 40851 42598 
32698 32699 34487 41633 
5248 15416 17221 17502 22919 29738 30234 35744 38456 38721 41982 42379 
5877 7189 10626 14880 16725 18525 25039 27510 39006 40866 
4193 4642 6348 10652 16679 27593 
3302 5804 6211 7374 9133 10216 18581 25313 26653 28658 38159 41607 42122 42294 44016 
4111 9692 13867 28384 35597 41848 
359 2057 2926 3859 6093 7844 11603 12914 13385 22518 22630 42686 
15148 32234 32311 37499 39011 41757 
3225 4665 5175 8910 42279 
3620 16316 21148 41817 43942 
120 433 2648 5905 30338 31629 31889 32752 36676 39315 41590 
237 238 3078 6115 
6030 6042 8235 8573 42598 42703 
400 427 1365 1366 1440 1662 1727 1765 2325 5071 5542 16067 37599 
16484 17833 30691 35479 
1172 7745 8093 35087 41316 
2112 3282 4696 7171 10400 20271 25719 41929 
417 1705 1901 14261 16147 21319 
8395 11838 38766 41847 43665 
8113 12296 14075 20387 26667 32922 35330 37942 41672 42849 
4637 10084 28854 31819 34632 34670 37472 40674 44139 44848 44965 
325 1104 1107 2015 2067 4262 5767 6290 6320 8009 8901 13640 14542 32289 33729 42310 42874 44763 
4291 5269 5270 38423 39677 40576 
400 422 955 1274 1365 1532 1727 1765 2136 2298 4957 5071 5455 6343 7602 10168 13191 23192 40148 
2421 5005 13498 14858 33849 43088 43879 
28952 37052 39307 41917 41950 42710 44906 44944 45047 
1421 10084 23549 26558 28854 31398 40674 44846 44848 
4219 6323 10216 14220 24268 42122 42294 44016 44997 
4262 6066 6639 8009 13640 14434 17478 35087 41316 44763 
3538 6398 21254 27092 34538 42714 
58 707 5517 5986 22222 27563 31165 31567 35953 38774 
5975 21254 22653 23112 28239 39337 
23 360 3539 6093 17374 38750 42686 
3635 4527 22880 29368 30799 42702 43485 43924 
17161 27964 33054 41957 42237 42759 44945 
7109 7535 8934 10191 13742 
5332 6421 7642 8283 19286 26483 28750 39545 39603 42692 44808 
348 3065 3147 9257 10368 17822 20082 42412 44595 
36188 41454 41968 42293 42747 43649 
7425 12034 32292 35442 37979 41969 43196 43440 
8226 10359 10387 21193 26653 29138 33836 39850 41847 42118 42208 
3466 7931 8361 11998 19106 41226 41856 42541 
2665 8573 9919 16155 21899 38849 42598 
1528 23510 25930 30212 43354 
2200 3691 7875 11465 13764 30426 36201 42825 
177 34956 41820 41974 44076 
33266 36437 37261 40120 44634 
1559 15148 26476 29667 38896 39011 43787 
339 571 1816 3787 5767 6551 6648 7660 11788 17667 32012 32048 34124 38176 41118 42733 44774 
1522 1813 7466 20165 30493 41631 
3702 6096 6529 12151 13167 29059 39812 
384 523 13158 14027 21994 25362 31527 
4185 4186 17000 21624 26045 42940 
1244 3718 4483 4657 5754 5803 10959 11441 12882 19599 24791 26512 29417 30718 32197 32970 33414 34902 34990 35862 38721 40501 42379 42703 42763 
727 5248 24791 31652 33894 37797 41982 42703 
3766 5994 22937 26165 30598 40479 41780 44169 
453 2277 12408 14518 41929 
318 14599 21154 25642 40186 41631 
16259 19634 20213 30064 31585 41672 42485 43914 44316 
2309 7131 9026 9916 31165 42196 
6206 7013 11084 24975 27901 39009 44110 
1567 6736 17411 17773 
23978 28258 28295 28315 33847 41188 42610 
1438 2512 8345 41991 
8494 22794 26920 31109 32032 41994 
180 924 6026 28373 43508 44224 
394 2241 5071 6671 9162 26135 
2590 3649 7345 32752 42235 
200 9218 10084 32663 33971 
21227 36235 41454 41737 42093 42456 42747 
21824 26096 26613 27639 41926 
399 873 4739 6088 6552 8929 11297 16112 28193 41101 41187 42888 44270 
31 615 1220 1468 1560 2548 40261 
2203 7775 24674 35214 40613 44278 44446 
18508 19080 20205 32905 35520 40733 42562 42563 42859 42884 
823 2192 4198 7302 14435 32199 
15181 16824 22697 28761 30905 34303 43586 
741 2457 2741 2901 7098 12674 44521 
2621 8337 9646 29180 41820 
614 9643 9646 14924 19080 
1790 6272 7049 38610 
6154 19972 22145 35930 38210 
9410 31712 32143 39507 39617 39860 40120 41162 43333 43568 43797 44444 
908 2270 2312 9771 10786 
918 3522 5497 6338 7131 10475 17181 32729 40261 41414 
421 1057 1445 4133 8767 10795 12587 42980 
6067 8750 21653 41681 
5184 5185 5782 9083 11067 
835 3017 4688 5646 21581 41475 
417 1365 2279 2883 4054 5071 22838 44854 
1692 29857 35246 41251 42011 
7174 11796 12578 21060 21880 
778 9502 9583 38476 40255 
6567 6568 16878 18279 22037 29958 33408 34673 35624 41702 
15809 16010 30515 30830 41907 
233 4527 5832 7995 9188 10643 14346 23912 27667 35757 41475 42702 43485 
7310 10404 24066 35261 
3634 7192 31628 41279 
5331 13682 15552 19109 21645 40170 
10311 13680 21757 41187 42888 
13895 15439 16454 38517 42032 
219 1220 3491 6595 20532 
3160 4449 4935 6670 13328 41491 41494 
21198 32258 35496 37996 44791 
908 2270 2298 2302 2338 2593 
8179 12036 22970 39071 39677 43243 
926 2657 6112 10457 10639 12901 44168 
420 3391 3750 4738 10575 40168 42980 
1402 3026 3065 4133 4306 4591 15299 40168 42980 
710 711 10724 11252 13986 14514 37574 
190 246 3100 4110 10471 11559 37551 
6832 12594 14290 27509 34585 
900 12316 12812 33220 
1490 3146 4048 6118 9257 14809 19562 28093 30837 37817 40168 
97 731 6989 8760 20261 20408 39189 44875 
213 1056 1590 6113 7569 8831 9396 14599 14704 16771 19469 24813 32698 41083 41534 41631 42179 42751 42913 43016 
16617 17334 19027 30355 32328 34565 37940 41105 41992 
5288 6989 8506 9176 9228 11609 28344 
1470 4509 4731 5219 43530 
2246 3683 5289 5780 7462 8265 10769 11432 21969 39685 41109 43941 
18724 39189 41446 42009 44401 
161 2647 6674 7600 15586 42058 42918 
5182 5183 16934 22921 23554 23650 35208 41780 44169 44296 
2381 3779 3831 10014 15244 15396 
1604 1605 6950 8901 13385 39162 42994 
3187 6225 9281 9282 11910 15612 
10772 25369 31113 31247 42071 
7017 12528 25135 38407 38903 
1588 1600 2463 5190 10112 41840 42717 
932 3221 26902 28683 42010 
1491 2753 4980 7954 8456 14331 
7618 7765 31991 33189 36929 41532 42204 44154 44732 
1931 2384 7736 29963 32511 34786 
196 3116 21733 31069 31104 
20866 22131 34275 34604 37835 42089 42097 42843 
45 508 8010 22435 38849 44823 
26855 39311 40298 42306 
2089 2874 13848 14400 42074 42312 
3799 3835 20019 38098 38355 43274 
20031 20772 22847 31567 34596 37802 38643 39920 41953 42403 
527 19861 27830 41802 42102 
7232 7662 11967 14483 22630 40642 42318 
18157 23656 40551 44962 
1548 8743 10604 16889 27376 31873 34831 38742 39440 39732 
818 819 1495 2077 3999 4944 4964 19032 42310 
18 2123 2906 3775 32230 
104 161 7024 7600 8160 14883 42058 42918 
3259 9648 23604 39144 40430 42234 
233 564 5465 6008 7995 18068 22409 25488 29431 31347 35757 41475 42702 
29067 29068 32600 33672 43714 43729 
5975 6950 7260 12879 23300 28245 
5197 8597 26141 26653 34121 37990 38149 42704 
1901 10995 16147 19312 42118 
2949 5825 6069 19761 35391 42310 
2699 27402 34362 40398 41264 
10669 22540 27319 27428 31763 38684 
13682 20394 23676 24112 39152 41113 41447 43690 
443 4056 8017 18666 26118 
3787 4251 6320 7643 8009 10985 21182 22838 29373 32920 33487 42310 
6029 10911 11206 30988 33247 
1872 3808 16018 37658 37760 42129 
662 663 1188 1404 2184 2220 2554 3197 5981 6671 9162 35821 40148 42413 
5990 14977 15413 31725 33107 33562 37948 41836 42104 43226 43531 
21 1018 1811 7553 7865 8237 8238 14832 21969 22875 23555 24452 29671 33524 33902 39685 40726 41939 43941 
3771 5558 6493 7656 12238 41977 44166 44294 
24 657 21971 33803 
2538 6649 9580 10288 29431 36687 40712 41475 41661 43485 
389 11210 11940 13214 
2609 13527 16987 26653 43705 44529 
6812 10799 15672 15980 19776 
1552 4470 7513 8215 12296 18492 30921 31585 32922 37942 41631 42585 42849 43356 
564 2623 3299 3864 6865 
10467 20256 42142 42143 
564 3299 5466 19246 28176 38467 38938 
325 1128 1816 1817 2966 5606 28390 
81 2372 6695 44083 
2942 2943 23026 36743 
23885 27122 27123 27353 33934 37864 40203 43642 
3451 4043 7550 10642 13983 19802 42170 42885 
1128 3146 5064 5606 8771 42874 
294 8274 13214 14012 18483 
6794 16286 19618 20580 27376 39440 45163 
14937 24328 27077 39014 42141 
25842 25844 32849 41847 44400 44525 
2201 3563 8012 11050 11777 13251 19219 21341 26454 28295 28315 29738 34571 35487 39161 42494 
291 2871 4595 8771 10857 41767 
455 1124 1560 1603 2312 3093 8358 
149 4062 4063 12678 13695 
9343 17124 21759 25909 34596 42403 43891 
1789 10332 13321 13491 15232 20958 
560 1889 1933 4791 6078 6794 27102 34831 37578 44294 
1130 3932 6089 6103 8406 9528 12214 19898 24934 25196 37164 41593 42448 
2077 5843 9443 10211 16656 28723 
872 7450 17664 31567 38777 
502 7695 9332 28337 38773 38899 41575 
3280 3733 4306 11641 18607 37574 42980 
5101 19126 22240 23885 27353 41870 42182 
1490 2516 3176 4128 41412 42186 
819 1297 2077 7979 9443 13794 19564 
14631 40661 42056 42587 43269 
3330 4899 5561 15491 18080 42186 
7454 9316 17577 17814 27043 33919 41209 44166 44294 
17179 37164 37279 39543 44222 
9327 19225 33812 40384 
6849 16771 17926 19469 33525 40341 
691 4477 7079 10566 14585 
409 2822 4862 29293 33892 36681 39812 39947 
16890 22506 29836 30174 39107 45141 
13839 35015 39016 40173 41537 43051 43145 
1286 1895 3728 9858 31567 44532 
114 8889 8921 15515 17592 22338 22706 25955 27970 28821 34095 35025 35158 39724 
114 3175 6416 22706 34656 35025 37968 38290 39724 40735 41126 41945 
4972 7660 14585 18688 22073 32408 41118 42733 
12442 12659 17995 41541 42234 
1188 1365 1796 1944 4593 6579 8850 16067 35821 42413 
15729 19295 20806 23457 27103 39349 
34425 38150 40656 40996 42247 44105 
552 2952 4414 5459 22847 37599 39675 
927 1252 2880 5496 5891 
1121 24499 24531 26937 42074 42312 
3971 3973 9301 21846 28617 
1255 3135 4573 27801 39406 
14321 15853 25402 28258 28295 33847 42494 
1512 5512 24268 26653 29049 41569 
7608 14422 22435 34910 41702 44683 44823 
4102 5003 10707 20826 21141 27933 33529 35702 41113 42965 
765 4225 4586 12439 14656 38742 44294 
2026 2949 28640 34378 39273 42449 42518 42534 
291 566 1112 9906 10857 41767 
9343 17124 26939 39537 42403 
426 1409 1775 3710 13057 31288 42686 43221 
1488 10976 41713 42277 
16144 24016 41649 42710 43784 
1130 8406 13668 19898 20869 24070 26727 29372 37164 40741 41593 42471 
318 8863 14704 27563 27585 37073 41631 
812 1512 1583 8325 42186 43483 
6435 11479 21601 21602 23457 27103 
668 34957 36728 38814 39209 
4010 4147 31909 41118 42733 42845 
1580 1903 3949 7768 33859 34821 42294 44016 
164 291 501 3353 16866 41767 42874 
4950 4951 9729 11671 37436 
2520 12937 13214 21022 26600 37246 
17124 19570 23270 31578 34596 38643 41414 41953 
168 5554 22975 30344 40613 40913 44446 
12162 21481 21604 22149 22193 30222 32851 42311 43594 
2038 2039 13682 39772 42313 
52 605 12839 18987 24918 42319 
15223 16890 16891 17183 23300 25402 26454 33847 45141 
30444 37263 37818 38167 41787 
439 544 872 1489 9941 42826 
22777 23473 27553 29004 29055 41258 
1631 3471 6794 7995 22934 44294 
2019 21392 28933 35038 40675 42298 42800 
1362 2031 5069 16429 21142 
3898 11280 19972 20109 21986 24222 25288 38210 
293 713 3531 5908 
13559 22447 39952 41159 41787 43877 
1723 5116 36707 40799 41966 
628 33859 38159 38338 42294 42827 44016 
2463 4192 7455 13178 18333 20422 
10172 23146 29474 40362 41775 41847 42273 
221 2712 2761 4983 4993 5954 16267 41345 
1176 9853 11014 15592 26674 
4537 6692 9343 15827 16162 17124 
307 8272 32331 37028 41070 42011 
572 1351 2187 3917 6574 31567 32797 40239 
4909 6567 7608 22435 32104 44952 
889 1251 1697 5241 9057 25653 32922 41631 
491 2922 11421 13441 14075 18984 19246 20215 20387 32922 41631 42849 43356 
232 10643 10644 14346 41661 43485 
3934 5882 21024 42524 
1008 8612 12608 19012 31145 33791 42801 
2311 2620 7173 11837 16917 40339 41172 
3606 9174 34057 37918 41822 
1081 2463 21555 24299 25246 31192 32112 
1919 11217 12524 17995 39144 42650 
424 4791 8757 24065 34831 39497 
5145 8395 14926 21977 38766 41847 
2793 8743 25969 36133 39142 43130 
2839 3843 4336 42385 42386 42997 43919 
5484 7651 13392 17308 20021 31915 43869 
529 544 615 7624 20392 20456 24611 
6393 14292 30693 40033 41709 
6567 8199 24662 32104 40851 41702 
14393 25762 29474 29834 41775 43110 
6029 14401 15298 18080 26940 35408 42332 
14 1536 13764 16878 29237 31763 32422 33587 36829 37005 41702 
5936 5937 8187 18432 
6243 17290 24459 38527 38648 39988 
1715 14592 38878 40304 42400 
71 2615 14383 16101 17180 32359 42522 
32859 35418 38588 42026 
8836 24830 25931 27194 42207 
426 1194 19070 32433 38267 
233 5466 17665 42420 
10661 29004 41258 41782 
517 1022 25006 30397 38504 41994 
1073 11511 11704 13286 40546 
3533 11058 15870 24449 
8675 10408 24578 42321 
631 6689 15884 17995 19898 36917 40430 42650 
325 1734 6639 7258 28034 42874 44763 
16084 20620 20664 24651 42439 
2826 3981 4872 6674 8977 10577 21510 26896 29569 40934 40961 43221 44754 
713 1292 1447 1866 2306 5472 6212 7831 11056 42605 
2051 5784 33704 35269 35306 36754 
166 245 1830 13790 28392 
3638 9991 15741 15747 
7412 8816 28059 35597 40323 
3147 4362 6441 16044 17104 20082 38223 42412 
24997 26508 29171 29617 30639 42378 44746 
1910 4221 4272 16403 
1694 5484 13392 14724 42112 
1050 2120 7852 14608 42455 
3706 5636 14591 42433 
9440 25460 28719 30271 34208 
692 2266 2810 5412 6204 8160 14343 15562 33724 42849 
1075 2414 7608 23978 28859 35430 
1825 11595 15599 20208 42454 
2249 2381 19686 31305 33415 41539 
36 37 864 1698 3370 
2922 4857 6347 12215 17924 18984 19055 26060 26582 28780 30921 41631 42485 43914 44184 44316 
22664 34956 38481 39001 40618 41149 41810 42962 43670 43839 44261 45050 45175 
932 2378 2675 24004 35638 37861 42010 
4034 12811 23767 24305 31076 42484 
579 3490 6810 8765 19434 41506 42918 
1078 3245 4913 14934 23152 41780 
7751 26548 26549 34618 42504 
5726 14622 31617 42489 
536 1386 4831 10546 18086 18908 21757 22512 40387 42505 44270 
224 225 756 4290 
14886 30117 33714 42512 
926 2657 7173 8498 13137 
30763 35230 39070 39184 40332 
328 1890 21100 39495 40239 42518 
492 11987 13664 26300 38427 42522 
1908 24391 29921 42191 43170 
731 1685 2705 3472 5226 5349 5458 8453 19330 36066 42658 
20202 26760 31096 32091 40104 
25280 30934 34677 43332 
16891 26379 29237 30426 31763 32422 
1696 2830 3276 7270 10076 38399 
32893 33615 41024 42515 42543 43448 
1578 2388 2463 5096 5158 29392 42897 
638 4155 7877 10551 16644 
29415 35640 40445 41895 
7980 16628 31055 33181 33942 42523 
2538 6470 9395 13571 22409 38938 39040 
438 1060 2907 3008 5417 14218 18333 
1536 6567 7608 13402 29237 32106 33408 38329 40851 44683 44705 44823 
150 3775 8222 11879 21793 42686 
5470 9401 17537 29348 32230 38371 
1106 3023 9257 10689 
2304 2305 3337 4014 10017 
9284 9326 16001 27515 39922 
4782 16684 24804 42568 
6218 9318 11576 13998 42160 
3216 6029 10911 29327 40757 
560 4791 5630 9137 19309 28046 37857 38440 39440 44051 45163 
1109 1110 4716 6261 43325 
1361 6469 9918 16295 27309 
4229 13549 26214 28028 40017 42590 42995 43151 
483 4908 15292 23153 35446 42566 
287 426 3200 6783 8409 38690 
18594 41200 43221 44754 
30769 31388 39156 42604 43476 43707 
32197 34715 36560 37132 37636 42598 42703 
4374 9482 23192 32317 42379 
6627 14724 25485 35570 35944 
483 2785 5398 16798 42566 43415 
271 2138 29645 39149 42501 43690 
28858 28859 36447 40103 42626 44413 
8395 20528 21977 22669 34121 36340 41847 
30673 39487 40048 44713 
1060 2907 5280 13920 13921 18333 21751 40049 
3447 4221 4406 8742 15736 
19124 27197 33581 36973 
14225 24616 42644 42769 43760 
8569 32173 40929 43152 43736 
22985 25871 42185 42664 
5662 10721 29610 42910 43750 
3400 7442 32645 35370 37371 42456 43369 
4334 5041 30795 34064 42675 
762 6347 37710 37823 41878 
4138 11331 34692 41515 41575 
11708 36541 42527 44780 
3899 26774 33859 34821 39301 43295 
114 3704 17592 29803 39724 41945 
5452 5636 15672 30715 34856 42433 
4214 17779 17780 23931 26250 34095 34831 42526 
11680 22070 29549 34596 
5578 10303 13969 15577 23467 36005 
27174 32893 41305 43448 
6304 9219 18859 37918 41895 42670 
34038 35827 42968 44088 
3114 3756 4949 8754 14050 41384 42501 
1235 8249 10114 19123 20101 28731 30412 42007 
3270 18132 27179 38114 42007 
4777 7930 8135 9083 9483 23504 40085 
1598 5578 14253 28853 28935 42649 43957 
2993 3612 3624 3804 7260 10718 42686 
10932 28504 28505 34414 42736 45201 45341 
93 986 2859 20499 21141 40613 44434 44446 
423 3728 5071 8309 21100 42103 
21369 26527 39314 40081 42303 42841 
1968 3731 19653 40964 41632 
11648 15995 26293 42743 44534 
594 11509 16111 17341 42757 
1484 3826 10770 12629 42727 
560 1436 2017 3046 4642 4919 10069 10149 25955 38814 39440 
663 1365 1440 2536 2952 7602 
1147 1398 6767 13100 13300 21969 41990 
5970 7141 8871 17575 31225 
30821 40515 41029 43224 43860 43916 44004 
37155 38165 41968 42096 42407 43568 
1688 2776 4861 5907 6290 39812 
8288 13579 17003 21003 25192 28812 
5134 8026 19911 39918 40295 
1700 14582 15690 23197 26950 37749 
1480 10896 13100 18083 19758 21969 42296 
1903 25455 38807 43938 
560 647 3064 3153 3471 3773 6794 7546 16889 23005 39440 44051 45163 
13504 21738 28349 42525 42794 
1625 2939 4408 8674 31164 32752 41590 
28458 40007 40293 42797 43428 
27762 38655 42797 43452 44239 
871 2200 3691 6429 9053 30955 42825 44748 
1194 1279 2812 32611 41537 43051 
599 3090 12730 15182 42757 
29942 32751 33129 42810 
777 2648 3253 3254 5905 14541 15508 19889 21738 26653 31327 32752 35012 41590 43785 44498 
925 1639 2999 10412 26347 
1275 3343 4838 5146 6259 
3669 4199 7665 12125 38380 
6297 6435 6481 20806 27103 
245 427 4612 21622 
60 4886 22222 30371 35283 35953 
30323 36937 38256 43523 
7164 9096 11229 15270 37629 
4213 18617 20591 37996 
593 1077 6027 13928 
117 37988 40751 42847 42848 
5350 7242 9916 10346 38903 41209 
23 8214 9328 18048 25138 42686 
972 1762 30749 34154 39440 42526 
14416 35476 37816 42866 44091 
20008 21724 21738 32826 33912 43403 43705 44015 
1514 15348 15520 27715 34299 42872 
3784 23668 24494 40223 42321 
8563 28555 37120 41861 43212 43964 
646 3263 10185 26758 28973 42850 
1550 1884 3084 9240 9366 11374 15299 15304 23648 36950 37574 40168 42980 
3779 7804 10616 15396 16731 43067 
10934 12309 40847 42700 
9232 38273 38885 41353 42680 44432 
13761 15560 39817 42406 43521 
2315 3459 6642 21801 37812 42872 
29431 30799 40195 41661 43924 
10391 12158 21018 33913 34670 
58 300 11019 13810 22153 38626 
1836 10648 28250 40645 42591 
34514 37723 37848 37924 38353 39835 41213 
886 29415 36117 36785 37811 41895 45095 
2628 2635 8112 10409 34194 36692 36845 39126 43837 
6387 27044 32317 41083 42693 44063 
2361 7595 15994 20255 30508 34063 44566 
6054 11976 12298 26994 42349 
914 2463 5818 8443 24595 31098 42530 43619 
4889 5795 18092 20236 21933 28715 30669 32163 43302 
579 2824 3355 6646 19578 37574 
16949 16950 33782 34089 36048 37273 45342 
7013 11930 21540 24546 41249 
3839 12200 22223 27435 37538 38914 39812 
4161 9306 33174 42109 42927 
210 2250 4040 8897 10494 25144 42918 
129 1154 2747 2929 6205 14984 42058 42918 
377 19169 21198 40439 42853 
483 2214 42566 42939 43528 
169 20155 20899 23198 42605 
1658 2200 2300 3691 4472 42825 
14309 17692 39836 42109 42222 
177 614 814 3919 41820 44607 
1643 2484 6465 9629 23207 
1033 1519 2892 34421 41590 42946 
30986 31994 39667 44220 
42040 42246 42948 42954 43010 
346 783 1935 2901 19389 39738 
458 9909 38082 41226 42874 
1239 4655 11009 12674 19592 39475 
6538 8503 32431 33751 35202 35376 35625 44645 
823 1099 4206 4710 7946 19896 42918 45149 
5724 21423 24296 26626 29083 31053 42727 
2056 3804 8065 32768 38750 41014 
21110 21664 29538 42787 
4208 5024 8251 12363 21979 37990 
1279 1280 12841 43145 43831 
9894 9895 24446 36029 37822 44927 
17691 28037 29765 42992 45267 
164 1047 4284 6014 13624 42874 
18471 20955 42773 43015 43883 
994 1698 1895 9254 10879 31567 
2081 5088 5089 11258 31968 42089 
5313 6316 13326 26579 30435 30661 37633 42850 42996 
238 2127 3305 34964 42931 
4042 5762 10095 34392 40524 
10375 10638 10888 12845 13118 15304 37574 42980 
27544 32182 42300 44476 
3397 18399 23308 38525 40709 
1154 2747 4849 6674 15619 25070 31779 43036 
885 4233 7553 11432 18083 21969 41990 43941 
893 3443 10894 27315 41563 
1749 1750 3545 6457 17008 40766 
976 1515 2370 12622 42872 
808 2999 10735 38750 40961 
332 6211 10167 23283 29138 40950 42433 
8846 28591 40902 42758 
4394 6681 14199 18709 19593 35508 42918 
8653 17139 29542 43051 43145 
1185 1549 1871 4834 8097 42980 
5660 6942 30795 36716 39081 44735 
4102 6209 13112 31861 41920 
991 992 4152 4153 6984 
27939 35938 40997 41235 43005 
11268 11972 31583 33584 42940 
1669 1976 5577 9607 29368 42913 
9332 26939 30481 37802 38288 41101 41953 42403 
6627 14506 31896 34421 35944 
6502 6854 9151 43329 44654 
206 242 1243 8813 13853 25618 28687 40889 
422 1146 2206 2207 3545 4893 16728 38227 
661 1760 5033 14939 19783 
5023 15867 24312 25290 36193 43091 44491 
25 26 2075 11018 14564 33114 33388 43617 
70 373 1291 1866 2466 2547 9759 42605 
279 1055 2212 7613 22656 39937 45321 
160 427 1514 13065 34299 42918 
28890 40332 43141 43314 43860 43916 
5519 5674 8752 10185 26157 
3438 8379 14259 37120 38651 
4950 11435 20425 23387 28898 
4084 7595 10667 30494 44566 
167 3705 12184 16485 42996 
413 12158 21018 37151 37706 
12103 24963 42878 43161 44710 
9595 20309 24392 42893 43024 44582 
742 2055 6351 22645 25319 39201 
63 5947 18328 23680 
8406 18967 24134 24495 36354 38423 39776 43021 
410 3455 5269 14360 43021 
7016 11537 21183 39866 40840 43220 43622 
1604 1605 2506 6713 10248 39162 40528 
319 399 4298 14832 18258 
7628 11625 40850 42937 43736 
7292 9853 10572 36102 40850 42806 
817 973 3377 4394 5153 6681 13812 16338 24519 38275 42874 
175 2845 14286 40554 42798 
318 33838 36137 41631 42077 
3507 26662 35490 36722 
1144 8815 22917 27957 34406 35123 39902 40671 43272 44238 
3026 3245 8353 14321 
34 3023 8480 9257 
735 10879 19659 27586 39724 
224 5133 7840 14809 38117 40148 
887 4525 7104 7670 
385 1938 2187 2222 3669 4724 
22131 22726 40112 40222 
1443 6059 7775 14052 21831 44446 
1870 2920 11374 11641 19393 42980 45115 
4913 5554 24439 25883 39972 40613 
30351 39482 40769 41299 43302 
7543 11177 42133 44633 
42 5134 22626 41607 44016 
10067 11963 13549 34310 
6351 7880 11978 13477 26668 
9189 12422 19172 23842 33485 42378 44746 
925 12635 26347 29616 29976 
8438 12879 13697 14951 15013 
9228 13359 19351 29409 42628 43351 43512 
5106 5355 9189 10009 29171 30639 42901 
2246 8237 13100 21969 34399 41109 43019 
2022 4010 4441 9120 32220 
5609 14091 19315 34087 43441 43442 
7117 14771 36949 41926 43075 
9757 12334 19374 37894 
5551 5775 5954 16658 35596 35658 41677 
5273 5947 10204 13818 20021 24335 
1446 1927 11584 12701 14678 
3216 5663 34335 42628 43351 44074 
22371 27529 36614 40371 43394 43395 
4217 38630 38631 40940 
4117 7893 21667 29004 32579 41258 41980 43357 
6910 9433 10723 17769 
206 242 7589 15017 32746 33328 40889 
2663 4244 6989 16666 16933 25931 39658 42628 43351 44074 
2065 3412 7831 12293 14133 41803 
6167 9133 9386 19439 43401 
1704 9467 9468 13819 15311 
4773 5453 7141 7686 8567 
37 864 4545 7577 9391 
970 6263 6877 17584 38494 42065 
5677 18102 44782 45064 
1807 5136 5381 6177 
606 2062 10760 23757 24694 43221 
19095 21384 39303 39604 42229 
844 1927 16479 23816 33729 43443 
574 4343 6889 8594 43409 
7782 19889 40342 43441 43442 43449 
2715 5622 34514 35887 37646 38837 
8627 27498 27957 40671 43009 43282 43733 
1469 4773 7045 7686 24148 
5901 7183 10529 32628 37697 41008 43428 43455 44804 
3740 20749 31401 37662 43358 43359 
4602 10392 26677 34421 39293 
3995 5554 14052 16176 40613 44446 
1513 3639 11408 24636 26558 28575 38055 43617 
1469 15441 39645 43131 
1191 4879 5822 8849 9932 42685 42986 
420 1629 4306 10220 10990 40168 42980 
6900 12214 25615 30589 42105 42868 
2175 30830 39888 43354 43506 
12503 14159 17323 36193 38659 
125 524 525 43256 43483 
2020 6227 6229 6469 6585 12162 43576 
393 15432 31251 36186 43517 
4036 7808 13366 39392 41607 
945 5944 6112 6397 8094 11661 13374 19081 
436 2404 5146 11630 11872 18242 
230 21557 25569 25589 38877 40033 44006 
29582 34821 43295 43597 
10799 15672 35771 36091 43455 
173 308 1583 2106 6838 15415 18435 43483 
10279 16569 41037 42444 43593 
375 518 8254 11233 43608 
7100 18427 28953 39796 41568 
5313 14326 14517 14712 30661 34134 42850 
11771 13048 14607 35190 
2315 3245 12224 16756 21166 42872 
14617 15895 25655 36836 40726 
2631 11767 18202 20631 43408 43530 
2939 12615 14716 38342 41590 45283 45298 
5762 8651 40524 41570 43652 
813 2747 8005 8908 45149 
4754 18155 35477 37280 44208 
1901 16147 20698 41584 41708 
18 2123 7643 19761 21472 
871 6748 7274 17617 42842 44823 
7978 17938 17939 19087 19395 
5723 6376 9376 9649 19478 23595 32285 42266 
3840 11213 21745 38914 43675 
2573 7558 23974 40295 43618 43699 
1732 11521 37233 43727 
4492 8419 24049 38271 41627 
1488 27445 39936 40751 41214 
6074 13575 26189 30517 41520 
4672 12460 38962 43672 
1140 1274 2126 2233 4031 
25935 29815 32151 40840 43722 
517 1022 1634 25926 43185 
1085 25298 28301 30331 
18323 37277 37397 43665 
2540 4320 5115 6400 43701 
25 2840 13347 31277 43550 43677 
44 6973 12900 28578 43790 44419 
1511 5106 5646 7512 10740 35658 
915 18169 22653 27943 33479 
14371 19024 32054 36032 36769 37592 
9175 13784 28070 33165 39533 
5837 8698 15573 24737 33483 
25675 28946 30306 36977 44462 
20772 36102 41101 41953 
1259 1716 2738 2838 45149 
2242 2243 8099 22384 27579 
6879 10791 20243 20402 43375 43830 
25696 27196 36592 43838 
30860 35902 37765 40401 43308 
25150 34027 36181 43748 44427 
8134 19125 33516 36235 38988 
2019 28027 38240 40675 40829 
8642 8643 9081 40546 42865 
36325 43854 43909 44204 
7164 15270 19934 23541 39095 44308 
1 11097 23151 31675 39858 43330 44169 
68 349 713 4110 12490 
17853 29016 43626 43851 43967 44274 
506 1578 2463 8206 13158 16658 28758 
3644 5106 14590 18881 25152 
3734 29038 39850 43661 43785 
29363 30061 38988 43843 
169 5586 8081 26292 42605 
19315 26653 29695 30772 31327 32892 43441 43785 43917 
7594 8464 10130 18031 43929 
1027 1849 1850 3775 7754 12136 
12131 17557 39719 40313 
3139 6382 8329 17950 43883 
28273 37838 40625 43956 44455 
28713 28890 40484 43141 43224 43860 
2637 7011 10067 25367 43844 
1535 2200 19208 32923 43918 
158 2211 26425 28967 41769 43589 
18168 21669 24056 25655 41780 43998 
4305 5290 5291 8472 23797 
95 886 8773 12549 24636 27174 38471 42843 43617 
273 8898 16737 40801 43956 45143 
2077 2738 5843 6134 7615 19409 
1254 4333 5996 6521 43895 
15898 23626 36481 36597 40572 44027 
31814 41670 44033 44117 44205 44226 45170 
11098 25682 26150 38107 42800 44050 
2767 2768 2855 7608 16094 16742 
7357 30978 34008 36981 38857 44057 
421 1926 2650 11008 14678 42980 
31459 37681 39360 41481 43642 
18676 19772 43717 43981 
261 6769 13078 19469 35308 44476 
975 2766 7910 21459 25797 44026 
15922 21608 40190 40672 43086 
11924 13374 13745 15598 17884 20563 
1728 4040 4905 5224 24519 29293 42918 
13266 17799 35339 36451 37861 40674 
6079 22317 26659 37593 44115 
1919 7220 14493 14494 
1753 2763 10868 12996 44143 
759 8072 11847 15478 21945 41384 43824 
21760 26543 44956 44986 
5794 6290 6316 23660 27034 42541 43508 44224 
26379 30426 35624 44748 
864 4431 7775 11105 16230 18396 
239 4262 4829 12027 12429 
14821 14822 27373 33842 39153 39451 
11121 21510 22630 43342 44754 
989 3631 7050 16658 33329 41994 
1872 2611 10984 17842 35267 
3473 11077 15699 26127 43182 44525 
2889 11972 20007 22110 42086 43300 
22403 24036 27514 27854 37279 44222 
5110 5239 5240 20924 
669 1631 5058 9490 20274 25394 34695 44294 
7199 9996 12976 21160 44026 
213 526 6557 13358 25969 31836 40565 
4112 4576 13358 17884 44235 
1907 8256 9836 13936 44309 
26780 30574 36778 38375 41821 
1548 4566 19956 20580 32973 
8392 14802 21935 34429 
5517 8429 16129 32698 44256 
11504 16023 26481 36414 38100 
1729 1915 4894 17127 39602 
1719 3957 5193 5340 32797 34596 
18680 39832 40430 41353 41473 42991 44485 
1714 6640 17810 42454 44322 
35660 36277 39012 42875 
13251 18750 39504 44369 
10874 20642 24322 28374 44424 
972 1762 23760 25702 36761 39440 
779 793 11913 19004 44413 
10952 27756 40539 40801 40932 
4582 4642 5866 5954 13867 44260 
877 6693 12822 23895 37822 
6269 21938 36048 40084 41304 
3708 3953 7528 18753 33288 43091 
9291 19329 20220 27147 41451 43343 43953 
5019 8104 8349 44506 
1068 1071 13181 16895 21575 44294 
3526 8226 10359 34350 36336 44400 44529 
8160 9376 12548 14343 21668 30792 
206 242 1628 4904 8804 24975 40889 
2939 12615 23058 41590 43120 44481 
19884 33926 40437 44559 
21692 26460 35372 41330 42358 44852 
2517 9349 11008 11414 14451 23573 42412 44595 
18441 27057 40859 43474 44625 
40864 44628 44845 44986 
4945 7061 8800 15875 37135 
1785 5470 15636 31078 44637 
33041 39598 40420 44641 
582 15281 29834 39436 41775 
566 1614 7614 7615 8293 34855 
8180 8649 19533 26772 39860 42865 
12618 33151 35497 39550 44670 
4844 17145 36504 38750 43252 
7892 8624 8625 31808 44595 
6029 6623 8950 10079 42613 
11569 24036 32707 42283 44635 
2063 3901 14415 22777 32064 41980 
8427 22627 25604 40737 
11359 12369 14110 42340 44044 
2285 5279 9716 14656 17990 44064 
1036 2988 8483 20158 24525 
579 1402 2337 4837 6205 13798 
2750 3442 15418 17637 39355 44737 
181 1120 2901 6259 9047 43940 
21574 35906 40552 42302 44761 44822 
21574 34834 41058 44105 44761 
20202 20216 28300 29718 34043 
2455 5648 13593 15936 21597 30650 41345 
17523 38680 40817 44515 
1118 21817 26250 29131 41256 
477 3355 3427 4788 30837 42186 
4899 4985 5561 6659 6810 42186 
20487 33433 37622 40477 44331 
512 513 10865 40085 
14104 15645 21196 44727 
5523 16776 43144 44474 
4937 12132 32703 32999 44855 
1011 2814 8639 39602 39919 
9301 13319 18947 44793 
162 5169 32809 44809 
5316 7766 8168 37065 39332 41780 
10624 26202 33140 44559 
5737 6179 8367 41776 
19381 22669 24987 39850 44891 
5883 8699 16090 16927 42170 
14736 16693 24616 42927 44761 
377 2461 4057 11857 42853 
5044 14167 22619 33686 36641 
30671 31849 37777 42438 44478 
2634 2635 5047 23204 42112 
16025 20198 44831 44886 
5973 41067 41692 43421 43812 44918 
7254 8228 12739 16583 20829 
91 3323 8331 29492 42919 44521 
790 3695 9830 26129 34395 38751 
6444 9807 17173 19476 
31413 34095 36944 39362 
9268 14075 20160 29461 41249 
15958 21980 41131 43458 44876 
45 77 78 5491 34946 
2058 2929 7693 24061 34673 
8661 12458 42402 45040 
2046 7120 38562 39081 45039 
16884 31401 41651 41663 45068 
8561 21896 22741 27371 30167 
2616 4486 16081 21795 45046 
737 7041 24054 41977 
8228 9751 12101 15691 26023 32660 43330 
4061 5097 7360 9959 14832 43973 
4313 6692 8248 36777 37466 
5134 7183 28826 35269 45007 
35939 39234 42303 42866 45161 
432 469 11807 17181 45302 
828 2063 3029 37898 43831 
8723 10325 37224 44989 
5813 7322 29610 37817 45136 
9416 11595 32478 45127 
279 1413 1581 3154 20955 41218 
1434 15593 23923 38360 45141 
3753 4924 9735 11168 39827 40339 
2177 6502 9608 20056 24634 44654 
4537 8590 9343 17124 21178 40212 
1502 1847 2941 4228 7914 19044 
550 10269 42328 45196 
9653 31204 33423 
4922 18854 40607 
20197 20698 25927 
3816 3817 4107 
145 2279 15312 
21360 23872 39081 
231 2851 8519 
9611 15090 31928 
3012 17546 43846 
14963 22869 41612 
27819 29338 40273 
2332 4681 9283 
16675 24557 25274 
3116 10080 11161 
2275 2983 7534 
82 83 44460 
447 11376 12861 
13904 17293 43183 
38540 40117 44094 
4432 4571 39728 
18943 22863 33226 
11363 26843 42106 
19442 19547 39671 
15909 27365 39253 
33661 38143 44716 
558 12238 22150 
4500 21518 35775 
3501 4762 33210 
37386 41818 43632 
2263 2264 41208 
13035 19469 19519 
11422 11423 16331 
5941 8568 16635 
13556 38591 41575 
4766 18333 21984 
14761 19832 35603 
1377 31325 40098 
1018 1051 5045 
25406 37452 41837 
9392 22047 36010 
36682 38541 39203 
474 1380 4245 
5799 6292 12450 
11151 40341 41839 
2804 2996 18056 
2900 4342 31567 
5671 6054 40946 
655 2652 17078 
15409 41673 42198 
947 7092 41419 
170 4278 4279 
4921 6153 12644 
28 23851 31558 
2799 3310 14859 
3791 4538 31069 
4667 7396 40255 
11429 19555 30600 
693 14446 35994 
609 22517 29773 
3004 5786 14256 
9305 30400 41880 
31496 35784 44975 
666 9668 18448 
1971 1990 19650 
32743 37896 40886 
5718 29960 41352 
18821 38182 42612 
2173 9545 14531 
3419 16409 17346 
2778 5526 29431 
2346 24641 43211 
542 555 39671 
7252 24168 41914 
2819 21427 22824 
27492 36762 42454 
4088 11375 30376 
4302 31434 41631 
6137 25584 43699 
7104 21578 30869 
1191 27884 39750 
5427 26928 29667 
15368 15369 40392 
35680 36909 38423 
368 2882 45149 
6230 31172 40868 
5700 25412 40811 
29844 41954 42893 
10376 13275 24064 
9317 24258 43145 
25730 35630 37836 
782 864 7057 
3560 7153 11792 
12051 27548 41961 
5325 16156 40576 
20706 26606 42927 
9260 35151 41354 
14817 14915 32595 
14452 34437 40423 
6523 6784 10745 
3712 20695 29121 
1185 1874 17763 
22489 37362 39706 
5179 11807 14484 
267 2218 40148 
9809 11034 42202 
5515 28744 41059 
627 1706 8754 
1161 33123 42310 
5278 14747 42686 
7707 13533 15829 
1413 27184 33580 
8405 24684 45061 
10620 41209 41216 
2368 4127 4533 
8618 15539 41994 
2552 3077 6294 
1399 27633 29976 
25451 26442 41527 
1115 8805 42170 
15686 17849 42989 
2298 8838 32887 
1447 2320 3860 
3095 8553 40851 
16431 17236 33631 
6926 9967 29551 
15058 38271 40699 
22410 30505 38810 
1838 3602 5314 
248 5553 42613 
16937 24275 30456 
16031 35317 42019 
6988 7284 39937 
2553 3089 23883 
2460 24145 38572 
5420 23308 38898 
10686 15994 18626 
4548 14625 44554 
1190 3144 39782 
9311 9444 43483 
39853 41346 41746 
1231 4033 14162 
6892 24410 24923 
30702 34515 40386 
21372 30369 33849 
27736 37757 40502 
18602 26020 38295 
909 928 19291 
10930 30033 42605 
5974 9372 43421 
12276 13317 22138 
1356 33116 44073 
6896 26220 43617 
16606 30682 32429 
4159 5028 13050 
5440 12683 41005 
35282 39154 42081 
6193 32829 36542 
288 289 3951 
1956 16064 42035 
200 40510 41887 
14306 20665 31634 
681 7573 7835 
4852 10436 41172 
5974 9371 19256 
1852 7164 21007 
18506 28385 43759 
21570 25815 28909 
13425 34933 42204 
11 39844 42111 
20312 28479 37983 
39250 41503 44823 
16688 32470 41945 
219 4988 16049 
1705 2380 38300 
7761 34359 35160 
2284 20068 40850 
22831 40633 43953 
27944 33560 42135 
9993 23150 41073 
1695 41383 42412 
19194 24177 37977 
4850 4851 6884 
701 3043 34252 
496 9563 22921 
825 23460 25922 
13837 21934 41622 
147 1758 6822 
17672 42155 42469 
12764 24527 34440 
38179 41394 42159 
172 1516 42137 
3492 6408 22430 
3956 36361 39459 
7826 10880 10881 
19041 33862 44310 
1402 3331 14335 
1301 6717 36830 
37742 37884 39538 
6633 15324 38464 
21150 25720 40176 
9868 18653 34571 
1604 10456 31708 
30865 31712 42172 
36103 42174 42220 
10234 37006 40065 
16439 26547 42177 
879 6017 40354 
350 24757 42161 
36793 41706 43239 
1415 9770 42188 
4985 11218 36313 
2699 23868 30743 
11257 22997 39100 
422 5585 12500 
3980 6451 40037 
1488 35575 41462 
1384 4702 22153 
33755 42205 43605 
543 3308 42883 
1202 12619 41865 
8328 10982 44337 
13134 13145 22888 
8050 38975 39057 
9701 16963 24532 
2732 4154 14443 
2313 19389 30328 
13531 42228 44111 
15238 17099 24073 
500 2713 43256 
1363 14789 44310 
8003 37758 42181 
2412 3836 41856 
29230 36443 42239 
3223 12801 43674 
36234 37887 42162 
15257 27116 42245 
1337 7268 33172 
3326 9882 10971 
6972 15077 42253 
9141 40818 42178 
8885 8886 11055 
33640 40035 42260 
2488 35877 39043 
10237 41323 43736 
8650 15175 22811 
53 16694 17695 
1709 2177 11285 
4221 7749 31853 
5221 21027 26852 
9178 9399 21089 
18905 25001 42282 
27558 33449 41708 
9718 22892 42304 
996 10729 11244 
19640 31246 42204 
11402 32124 42274 
2231 8963 32199 
17127 21230 29108 
182 18155 39458 
14578 36239 42852 
1012 10602 43043 
7635 30682 35684 
5189 37976 40600 
4908 8280 30304 
2862 11420 38547 
15208 25567 32309 
980 8204 36447 
1853 29822 42264 
7359 16919 41739 
9682 42339 42434 
5281 11526 28461 
31977 41613 42360 
7038 16775 22783 
3499 18871 42343 
494 575 38925 
35448 35449 42357 
1508 16079 43618 
2280 3311 43492 
12678 18704 41433 
3827 39471 41041 
435 1029 9777 
15683 36784 40552 
41047 42388 43529 
126 459 15122 
17027 23971 25791 
9418 16955 42234 
2897 25749 42010 
39203 39652 42398 
5660 31446 39508 
14609 15994 35693 
8895 12538 41014 
1617 4969 8739 
1238 4558 18384 
21144 26750 43617 
4369 4836 21667 
6969 34231 40674 
503 1163 2653 
5152 6015 41208 
21476 24072 39711 
642 30728 42423 
4935 25602 31427 
8513 40139 43459 
2717 16533 31108 
1629 2086 25837 
17466 18256 43818 
20317 29417 41516 
2979 14224 37861 
5407 7494 17079 
7320 15849 17254 
1168 4191 13933 
14846 42399 42478 
2800 6970 37547 
3450 6006 43483 
6241 6478 15793 
27644 39005 41120 
312 11406 19690 
21116 26131 28685 
11192 20014 21966 
8938 28489 41909 
465 42507 42508 
2147 2148 37339 
2592 39672 42514 
6805 6806 18122 
9557 9558 43674 
6357 29630 42139 
4941 9237 21766 
2357 3997 21787 
3658 11630 15347 
12910 13433 42109 
15515 42547 42554 
9479 16798 42556 
256 6159 9563 
5453 5821 30349 
4774 6351 35639 
28853 29981 42569 
18664 22059 31846 
4615 5746 40168 
285 14056 39166 
10305 10306 10331 
18891 34541 43192 
39531 42589 45198 
16051 42456 42467 
7485 38834 42399 
39994 42602 42603 
26214 32389 34518 
10608 26567 29579 
8029 12935 43339 
27786 35505 44823 
5948 13941 42449 
9983 16462 25548 
1963 10874 13710 
340 24300 42686 
28273 37523 40900 
29716 32709 34593 
9386 16783 26050 
22635 37493 39123 
6858 8493 11253 
5905 12021 12022 
5404 7419 29163 
36334 39961 42731 
3544 6507 18320 
4346 5668 8793 
1056 19037 23418 
1665 29194 32042 
6460 20291 33218 
35889 42531 45027 
6225 6484 12023 
10135 31328 36153 
1754 2010 42722 
10835 12765 29208 
345 6320 42642 
28518 34871 41897 
26707 29487 32098 
1417 1418 2628 
16780 17610 38026 
8873 41426 42698 
647 14170 28077 
5025 12318 42729 
34717 42632 44013 
23033 28760 41362 
939 4076 14801 
10071 12073 43327 
5079 11568 42735 
2700 32166 40148 
18029 38587 42744 
18094 26213 42730 
632 21286 43842 
28743 42752 43048 
398 4189 19534 
6894 15675 19428 
9165 11128 12756 
9631 10339 32911 
5162 39220 42768 
751 1576 38814 
1843 32191 43844 
2287 22575 42786 
1341 6643 40956 
3879 13426 42780 
3834 38573 39732 
15553 36789 42141 
2428 42790 42791 
6596 16022 42677 
156 1927 17823 
2655 2656 12483 
903 34368 42535 
7654 26684 42844 
5223 11568 23511 
36090 37321 38786 
17693 22212 41208 
5760 35625 38872 
757 10274 30385 
31065 38935 44063 
37590 42869 43516 
2777 42877 44476 
7831 13094 19505 
4740 9840 12253 
3401 12249 20648 
12919 23984 43888 
713 8746 18133 
12751 36803 42895 
27305 38731 44599 
5511 7380 42523 
26427 41565 43025 
4399 20599 39395 
478 19222 42692 
4229 17086 33947 
15453 17406 44909 
7087 9203 22549 
35014 39703 43033 
30590 42448 42902 
38873 38906 42861 
19689 42934 42935 
2040 8632 27388 
10842 17960 19897 
1120 5436 11025 
1591 3117 3118 
21893 31766 42943 
8254 13472 41231 
3757 12899 19898 
10474 26740 32804 
631 4897 14896 
32036 35627 37061 
20794 41297 44982 
16604 26726 42957 
41857 42353 42967 
28751 35625 37014 
38611 42853 42854 
1780 9368 44948 
12463 15772 39208 
5353 18711 45064 
464 6146 27039 
14530 33046 42844 
6918 7849 44715 
32147 32366 41910 
13795 29438 40799 
15162 20298 42808 
7220 9295 10417 
6575 8975 45149 
4603 6825 10197 
623 624 27526 
29492 39288 43017 
7897 15835 43018 
1778 5118 26446 
29999 32511 40277 
18414 18742 42727 
15198 24178 43492 
31806 37179 43028 
2187 9667 14092 
9023 16723 45149 
2446 5006 11100 
41862 41892 43000 
2202 5251 34378 
8596 22303 43669 
2103 21231 41180 
11335 16321 25170 
7840 9112 14812 
134 26036 38975 
19889 20232 40094 
1131 4188 39352 
24160 30325 41786 
15798 42302 43116 
1805 39393 43094 
9340 32060 43118 
15464 16405 41767 
8827 27630 42704 
32259 43125 44340 
563 29300 43128 
1131 17558 32164 
35803 42991 43124 
9626 33791 43134 
192 193 697 
26205 34004 38475 
19737 41777 42672 
1622 1631 3752 
8518 10428 42266 
17401 22018 32708 
11927 26296 45048 
3316 26275 41330 
7748 33870 43469 
15000 18128 23433 
78 12964 21782 
1421 18045 43082 
5426 10918 32111 
2790 2791 7105 
6823 12674 20871 
24375 26936 41537 
3503 29714 37629 
1250 11547 43215 
566 4671 28503 
13943 19150 37545 
1937 9928 39882 
4503 16351 28749 
4733 36025 43132 
3024 4717 19418 
1842 14786 41995 
4265 20687 43230 
12234 13421 42885 
43190 43191 43245 
19330 26125 26591 
7353 12794 43246 
822 7818 14335 
88 14912 22214 
4418 7713 20499 
31661 43253 44388 
4140 34249 44248 
13974 25851 42405 
96 1632 15884 
4004 5500 14656 
322 15350 30908 
12321 33732 44639 
7033 20817 45280 
728 23495 44019 
8271 36157 36158 
2438 5761 20078 
7726 17958 43117 
3453 31503 38035 
9722 38170 43200 
601 6571 25384 
13998 20987 26999 
19241 21277 42310 
414 43305 43489 
13187 28594 42011 
7054 27579 42917 
829 10349 42686 
6226 23512 30465 
838 9577 9695 
5717 22198 42872 
1171 3183 41419 
3225 11485 12543 
9019 15237 41446 
16 3505 45149 
1756 1757 2771 
12101 20810 37462 
11052 22422 44272 
33460 36428 40993 
4600 28647 43346 
5494 8071 12197 
2823 9727 40168 
3499 14854 34107 
4685 11305 40889 
1525 10925 20102 
18694 32402 42027 
13618 20091 27830 
24381 38079 42412 
17269 32335 32346 
18817 27675 38408 
19835 34609 39018 
42356 43393 43863 
34038 36823 43397 
3144 12493 43400 
33405 34110 34862 
3830 9407 44920 
40015 41659 43067 
2541 33172 42491 
18332 37182 38561 
2692 6689 9952 
43419 43420 43599 
43102 43426 43787 
23116 28214 43116 
9531 9798 37895 
6210 35011 42722 
23531 38116 41847 
5764 11753 27550 
39933 43453 43994 
20969 30262 43660 
18209 20641 21737 
2060 6436 7557 
16893 18144 44563 
155 6334 14809 
3277 12341 31631 
5358 32830 42182 
20656 30896 42166 
31674 38775 43021 
15668 35848 43491 
2770 7879 12073 
17282 22512 25981 
700 14008 32220 
30615 43449 43450 
2140 7098 34532 
7451 36244 43483 
26701 43507 44543 
11389 11444 37588 
11071 12333 12334 
2279 2288 6064 
4929 20004 32797 
4401 8155 40799 
4335 5347 45011 
7554 8164 43019 
12457 20672 36161 
415 6176 6726 
1794 24186 37977 
17516 22485 44821 
16769 30986 39388 
14035 42254 43422 
8873 43457 43533 
10553 11503 43530 
24667 29392 40376 
1648 5716 43955 
4502 43455 43573 
12530 20582 21135 
23432 39661 43728 
1436 34052 42679 
987 2139 14023 
2087 5565 7798 
3491 4536 37100 
22017 41627 43056 
1301 1653 9127 
3511 5939 41803 
1056 28522 43520 
19278 31538 44218 
580 2837 32199 
14958 25633 29648 
6475 6476 40717 
2436 21891 23650 
13937 33336 40094 
11743 15001 42420 
721 12490 41243 
3881 10317 21579 
1145 13730 43483 
35089 42984 43685 
2289 3065 3735 
539 1044 1199 
9245 32405 42983 
6698 8937 9873 
1963 2092 30014 
29361 37743 44498 
29082 40736 43761 
9218 22112 40296 
4345 9232 12152 
8740 21892 44303 
34318 35931 38443 
12655 43788 44141 
4717 10193 11672 
23800 24494 34155 
393 21708 39196 
3851 12743 44699 
19015 33078 43756 
17653 17875 38961 
13374 24419 41689 
9170 9765 38938 
4930 12118 40850 
1287 14106 32050 
1401 24210 39406 
31830 41888 42447 
2465 33852 44007 
15402 35651 42650 
7906 19955 43834 
20840 23673 43845 
30537 32801 33713 
36121 43867 43933 
10213 10214 16951 
2729 4200 40850 
8587 22697 43682 
23888 34414 42309 
6567 10562 38340 
17697 34596 40609 
14307 31520 43960 
3820 5207 5598 
10052 12691 29123 
14891 19555 39356 
3881 23678 27557 
129 4920 30918 
39952 41071 43552 
2389 18573 41609 
1544 6122 9834 
2921 3857 26347 
7035 14055 44962 
1513 20612 35371 
5590 17438 41856 
29047 29048 43459 
2831 33237 45307 
3907 12474 43830 
4970 12985 16502 
6261 13916 14919 
11566 31187 42330 
17175 35945 42850 
4719 6112 24569 
10072 13851 16022 
1809 31069 33307 
8818 22430 44118 
8291 18905 27139 
1437 2320 18777 
2001 8836 10943 
19493 27309 36257 
4352 20252 44114 
4958 18377 20245 
1006 22158 24407 
43923 44152 44269 
9705 15844 44164 
17395 21497 42310 
6890 8354 13066 
18155 26021 42195 
12542 26854 41502 
10528 25968 42010 
823 3327 13407 
28018 38091 43911 
7269 34845 42266 
1420 13374 22431 
7409 8056 43831 
26348 35877 42819 
18974 36245 42122 
10836 19170 32763 
2163 30314 38994 
6953 9151 43146 
13991 43781 44237 
682 2300 17273 
4224 6463 9827 
26469 32268 44244 
1408 38910 44456 
10238 13471 43736 
20935 32642 35771 
32036 36833 44077 
38980 44268 44321 
14026 25099 41408 
37778 42251 44148 
221 3284 12387 
36875 41562 42456 
42112 44029 44201 
18912 44044 44297 
18920 24718 44298 
1208 19093 24817 
42183 43484 44246 
33920 35069 43397 
1910 6282 8150 
1186 4243 40889 
38731 40288 43808 
609 7753 16258 
7685 7990 43589 
2100 6055 17822 
2323 11986 18892 
4190 35183 41209 
18351 39213 41627 
9662 30268 39096 
1919 2223 16151 
14926 16559 19453 
12865 16934 29639 
9833 17854 41767 
43466 44386 44387 
207 11685 32515 
434 14578 28310 
1447 21285 25350 
5669 33912 43807 
2995 2996 36557 
4490 17339 32419 
35131 35981 44637 
1436 2018 19936 
24223 37818 44354 
18962 22364 42412 
23402 42294 44334 
319 13803 37832 
3097 9900 41767 
15359 18320 34198 
939 940 5890 
7786 38934 44494 
21393 23384 44182 
5274 13375 19291 
6697 8404 18087 
6518 6773 7092 
1191 9457 36886 
10723 10859 44490 
2114 3395 43955 
4085 7673 40541 
1806 11172 41316 
2308 7329 24317 
12655 35935 37456 
11848 29934 44057 
8007 16252 26594 
15218 25699 44498 
3078 7262 9098 
15921 31838 32628 
2526 2902 35252 
18418 26244 42266 
34478 35625 36145 
11144 14110 43836 
8189 10122 12463 
44564 44614 44615 
42878 43029 44144 
22328 41641 44657 
8870 14731 34709 
6939 20184 44629 
26882 33472 38440 
37966 44669 44678 
3370 18863 37689 
5880 19733 20558 
15617 34358 39918 
11984 33769 42980 
5504 7268 43396 
16933 17285 25991 
32619 37546 42141 
8547 26228 42605 
26242 44717 44718 
23294 38907 45320 
335 2444 42850 
28239 38580 43404 
2192 42555 44037 
9546 41198 45201 
30056 36234 44487 
9 2271 12849 
9036 18296 32781 
43630 44718 44719 
3653 8688 23895 
559 864 14297 
20131 36521 37990 
6837 36709 44676 
1109 5980 18604 
5072 5891 16393 
13474 37975 41775 
548 13610 42605 
1048 7880 8110 
31450 37437 42854 
3322 42530 43650 
24551 27717 38240 
4741 33324 41989 
8191 14862 29121 
238 1743 16670 
6029 14804 37116 
43308 44398 44861 
36869 43021 44868 
38252 43513 44873 
22769 22770 44885 
3827 13733 44899 
2582 12420 43260 
4219 24673 30361 
31124 41188 44165 
22550 44914 44915 
788 22677 30047 
3964 11761 38497 
6732 12280 14348 
14465 30635 41865 
27785 37648 44981 
5235 16977 42266 
1709 2110 2111 
40206 44452 45303 
1413 1936 17295 
8388 34856 39893 
14827 34688 42032 
1422 37567 45024 
34660 38877 44994 
3723 25196 27411 
658 6773 16139 
1047 14495 39822 
23643 23804 42966 
2559 40088 41073 
12091 29044 44515 
20114 41953 45056 
515 13400 16429 
12672 25496 34450 
19888 44251 45070 
8005 12999 16080 
798 2463 45092 
23062 30840 40037 
38305 40552 45108 
2044 12465 41537 
510 10409 37992 
620 631 16730 
18110 40273 45119 
8953 17734 36005 
19566 23184 43690 
27271 39081 44408 
39081 41236 44093 
27675 33146 44692 
11210 35694 43303 
2561 24667 30633 
43682 45150 45172 
35451 43705 45189 
18660 18705 43812 
15672 26709 33331 
15502 18333 31918 
1942 42096 45145 
6775 9038 43483 
21009 23883 43502 
302 3388 39782 
847 20497 44989 
6574 7841 16441 
29392 29790 33884 
9539 30854 42402 
814 1358 44960 
2821 4648 6015 
3198 16732 41631 
9496 26446 44936 
4048 7505 16652 
6829 29232 41530 
39724 40534 41458 
7226 8071 12690 
3081 9165 29305 
37980 40547 41789 
10924 16284 23355 
12007 27054 37654 
2109 4318 4829 
24109 39209 44796 
2069 4054 26622 
4390 40753 42806 
16378 32869 43132 
34046 44274 44280 
2966 2987 5043 
27862 42794 44661 
32011 40501 45155 
2081 2899 35264 
