603 1568 6169 6377 6394 7418 7980 8613 9332 13078 14753 22158 22311 
491 888 1309 1552 1920 2922 2923 3349 5942 6347 7513 9057 9308 9648 10421 11421 12296 15455 15909 16259 20213 20353 20387 25343 26582 26667 27013 27333 27394 
4823 5318 6170 7221 9203 19733 22549 26735 
334 623 1109 5980 12353 14148 27817 
180 886 8773 12696 24299 26220 26750 
68 1990 2149 6338 25861 
3076 5465 9173 9487 10644 20616 25817 
2576 6458 11921 14255 
718 4929 4965 5252 9173 16197 
305 306 8024 13986 
1357 8524 13473 13561 23146 
315 10358 19149 21545 
5134 5804 7374 7768 13527 24268 
346 855 1440 1662 1681 2040 3145 4582 5071 6064 6642 6720 8309 27112 
573 6165 6595 8213 9115 9921 10239 10596 10693 16528 22153 23866 24317 24585 26289 
1356 2698 2699 4937 5747 19191 
1490 8009 8987 9003 19434 24292 
168 406 453 781 782 819 864 974 1057 1252 1297 1938 2112 2138 2203 2754 2859 3114 3380 3611 3719 4072 4085 4341 4487 4964 5003 5728 5981 6307 7057 7108 7693 7775 7979 8876 8900 9135 10747 11105 11764 11811 13384 13630 13794 15780 16176 16230 18582 20499 21141 21317 21700 21831 22975 23184 24112 24127 24166 24280 24472 24674 25719 25725 25883 26161 
1529 4251 5826 19761 24802 
1815 1838 2433 3395 3602 9115 11958 11972 15126 22110 22324 24317 24585 26289 
968 969 3219 7334 7337 
1839 4278 5695 12730 16111 27440 
36 85 3634 5779 24954 
477 816 8287 9311 15095 17276 19415 21548 
642 731 8805 9944 18059 24278 
731 1684 1685 2705 3472 5226 5309 5349 5458 8234 9905 10521 22218 24278 
2538 5484 7993 13388 13658 16798 23812 
1891 2202 2788 5246 5251 5779 6376 8779 13165 
1018 1707 1767 4983 8058 9342 11029 15717 25515 25944 
793 2431 3096 3577 4483 4485 5559 5803 6594 9480 12996 16127 17713 19599 20317 21341 21429 
3453 9616 18301 20701 20723 21342 25050 
1838 1911 3491 5400 8213 9924 11958 11972 11973 13779 20375 21311 24317 
2270 2298 2302 3884 11553 
325 1817 4648 5224 6205 6639 7258 8009 17478 24292 
938 1787 1788 3409 4311 6664 10162 12844 19006 
734 1814 2622 5340 7221 8777 9332 23835 26843 27742 
823 4710 4795 6753 7649 10201 10586 10854 17105 18046 18788 24292 
823 1807 3742 3925 4609 5736 6102 6753 10551 10751 10854 11919 11966 14984 17105 18788 18900 
91 282 321 1681 1952 2338 3890 4433 26135 
1259 2332 3114 3331 3637 4615 9129 9283 15195 
756 1440 1796 2184 3197 6197 6531 9162 11300 
1324 10100 10147 13301 15840 24364 25212 
1479 2890 3560 4919 7947 15529 18520 24365 24451 25805 
1838 4006 4536 9921 10596 22324 
911 1363 1754 2637 7325 14789 16456 18172 27789 
173 1512 5102 6948 9750 10533 24299 
1776 2132 2802 2822 3851 4861 4897 4905 5022 5907 6474 6489 6829 7013 8660 8804 10721 10903 13167 15073 16922 18380 20551 23846 24804 24975 27187 
328 821 872 1017 1018 6355 9132 14107 14347 16500 
1449 3192 3423 3624 4086 4112 4136 4298 4715 6218 6220 6798 6993 9422 9494 11924 12475 13773 15832 17884 20656 24484 25445 26146 27060 
1705 8093 11429 15476 17306 18376 
349 1648 4342 6338 7130 8935 13035 21999 
17399 17400 23179 23425 24453 26003 
2626 4823 5517 8063 11535 11816 19733 22222 
125 525 1777 4105 27433 
3001 3980 5915 6060 7173 8084 8438 8501 10412 10436 23047 23923 
294 6261 9174 11210 11940 12937 14012 20186 
85 1425 4297 9877 18166 
13644 14441 16171 17190 21504 26688 
872 1018 1707 1803 4789 5459 6147 7520 14107 15529 16500 25515 25944 
3728 4825 5577 6248 9178 14111 
1194 1279 2812 6770 13429 21002 
552 626 2626 2737 5126 5517 5658 7004 7087 9332 11816 21398 27287 
157 218 2054 8877 9990 20532 
942 6053 6594 7396 20317 24649 
1903 3403 3899 4699 10907 12377 16252 24296 
821 994 1018 3571 6929 8301 10065 13331 
51 1279 1746 3162 5865 6704 8409 9912 9913 10372 12854 14640 18024 20510 20986 24487 
5622 8500 21836 24410 
151 1145 1549 1550 1871 3084 3674 4104 17105 21024 25157 
13623 14199 16633 21718 22866 
1581 4397 4537 9048 10148 13522 15827 16162 20776 21894 24050 26257 27178 
981 2963 3888 4173 4255 5207 5598 25402 
4592 9772 14594 17276 
588 649 8758 14472 24299 26220 
536 1190 2785 4389 4831 8020 8662 15229 18997 19460 
5 1279 3162 6571 6704 8408 8653 26936 
817 1111 1215 1216 4558 5064 5384 6178 6356 6522 
368 2882 3177 3490 5890 6215 6659 7268 7816 19657 26125 
476 3176 12488 20756 24292 
4260 12695 12861 13522 19169 
1206 5237 6014 6861 8344 9903 
1210 1845 1846 2025 5241 14752 26582 
2338 2346 4611 15010 19021 24884 25934 
1172 1173 11500 15681 
1060 3255 7175 7190 13767 
264 265 3314 25062 25188 
420 1874 6528 10368 12587 25929 
2368 2628 4127 4533 
345 1084 7577 7673 8754 10707 25007 25620 
1351 4993 5045 7881 8392 8543 11029 11630 12700 16690 25548 
16825 23845 24020 24439 
1194 7893 8408 8409 8653 10128 10757 24370 24487 26936 
2298 2302 2338 4725 4787 5268 7206 9166 
3824 8435 12622 19389 
1354 6856 6857 9126 9221 9564 9567 9901 10801 16630 20341 21729 22050 24211 25043 26911 
191 811 919 1425 1648 1809 2187 3205 3522 3917 5497 6338 8884 14599 16873 21434 25881 26412 27184 27563 27585 
1440 1661 1854 2178 2184 3197 9120 12500 
2304 2305 3135 4573 5038 13328 23760 
537 5993 6924 8168 8514 13632 21481 22921 
812 909 1010 1313 3004 3084 3146 3786 4615 5438 6014 6111 6178 8053 
1189 1190 1632 2595 3597 3632 5273 5398 5947 8020 13392 13510 13658 18997 23812 26599 
435 1028 1029 5456 8953 15955 
279 529 988 1124 2212 3083 4658 5249 26792 
1582 1691 21806 24379 24462 
572 741 1876 1877 3084 5064 6014 6625 7217 10831 17682 24473 27563 
4527 5526 6008 6146 9580 
2721 7428 11490 12864 15691 19271 20829 23274 
4 601 828 2534 6571 6704 10757 12841 13429 13839 17113 24375 26936 
2456 3193 4971 24484 26146 
2136 4415 13191 15015 
452 4085 4696 5642 7693 8754 13707 18582 24280 25620 25883 
5994 8168 16048 18168 21891 22921 23650 24274 25655 
864 2205 5728 6900 8983 9380 12214 22875 23936 24255 24420 25615 26597 27310 27550 
782 1876 2623 2952 5526 9216 10475 17682 24473 
566 1405 1669 1672 8353 
1111 1230 1491 2917 2918 3653 8688 12822 19651 
1155 1547 3064 5630 8757 19939 23760 25955 
707 18304 19733 22222 22619 26411 
1490 3355 3427 3490 3679 4985 6066 9398 9906 23333 25308 27795 
345 453 1444 2138 25620 
2022 2178 2346 2471 4010 8350 
876 1567 2503 3666 4394 8829 9240 9241 9727 9960 10224 10268 10274 11945 12227 21332 23838 25153 27805 
913 1703 1938 2191 7217 24473 
1501 2233 5524 5526 6146 9173 25817 
395 400 2022 2279 27112 
1394 2881 4777 8135 9483 13512 19654 24496 
1256 1463 5194 6026 7579 
376 588 5190 6610 12674 24299 
698 699 1115 4364 6157 8221 9764 10736 14082 14758 18997 26599 
407 4052 5531 8191 10805 11024 13688 16926 
819 1297 1495 2077 3443 4288 11282 
832 4472 19448 22499 
368 822 1099 2747 2824 3120 26125 
1751 2427 2945 4430 4432 6315 
876 1927 2513 3666 3675 5395 6068 7984 9887 9960 11207 20168 21332 25153 
160 1106 3676 3742 4710 10751 10854 11966 
1517 4431 11282 16940 24280 25882 
4314 8227 15691 15959 16519 17425 19271 
7878 8012 11000 13241 14601 15241 18449 22506 
432 1316 2290 2291 2432 3184 3185 3488 3686 3761 3762 3763 3805 3809 3865 4027 4111 4143 4789 5777 7243 7370 7412 7461 8231 8924 8971 9692 9710 9824 10668 10708 10830 10929 12176 12528 13111 14305 15717 15720 18892 19352 19992 20006 20192 21103 22874 24858 24862 24897 25135 26175 26288 27043 27130 
3898 18140 19972 20109 20855 21986 23002 24222 25001 25288 
229 230 4419 4648 4999 6258 
1177 1425 1452 1703 5551 11559 
279 615 1560 3818 4901 
1309 1776 2132 3839 3840 5662 8537 8804 11203 11983 12743 13166 13167 15593 20551 22028 24975 27067 27186 
2282 4043 9770 13619 13982 
649 1048 6290 26220 
869 8770 12296 19055 23527 
925 2811 3319 3513 7573 7661 8498 
328 1480 3175 4412 4990 7525 13072 14107 16500 20163 25515 25944 
478 842 1372 5841 6718 6762 7199 7279 7642 7738 7910 8108 8384 8464 9996 10555 13050 13687 14570 17997 19933 25179 25999 26901 27117 27143 27452 
2194 6698 8937 9873 
782 1012 2619 10476 14297 24472 
1144 5646 11717 18233 24458 
56 346 453 1699 3380 5025 6063 7616 13711 25620 
5276 13474 13561 15000 15281 21909 25762 
1534 2383 8058 8777 15827 18112 
3419 6197 11300 15010 19021 
328 1018 1707 2527 3571 5289 6355 8237 23555 25944 
439 3561 3647 3846 5658 5880 13078 13800 
10408 23668 24494 24578 
1448 5691 11940 12365 18483 20407 
315 1291 1447 6212 
6337 7693 10707 14244 24472 25620 
1101 4956 6041 6594 6893 11441 
279 439 529 1367 3436 3647 6945 7330 21231 24610 26792 
537 5153 7428 9864 20113 21481 
2074 3262 14595 14934 15906 
326 1276 2148 7623 13388 13658 13818 18997 
2406 7804 9295 24134 24989 
845 2235 3723 3757 6263 12522 22505 26677 
138 5687 15396 16457 18711 22462 
6744 11154 16973 19302 23782 24351 
678 822 3505 4555 7818 8485 8908 8969 18748 24381 
268 4037 7745 8093 22026 23821 
3560 4282 7947 8747 11355 18733 
6136 6604 14389 21650 23902 25550 
922 3833 6445 7173 13447 
1409 1774 10162 13057 
927 1252 2880 5891 
210 1154 2305 4804 14883 14884 25080 26483 
396 601 1677 7854 8065 10372 12854 13334 14108 14640 19225 21157 22391 23623 24487 25524 25804 
969 5686 7811 8406 13329 14217 16147 18711 
1042 2205 6103 6235 6900 11186 11267 12214 12982 14297 25615 25954 26629 
154 166 204 245 1062 1830 8823 13790 15191 
1871 1875 2279 2288 2332 3004 3084 4681 6867 7184 8097 9283 
1662 1765 1952 2338 4582 7602 8309 15015 23192 
4989 8138 11490 12865 15691 17358 19271 24581 
741 919 1513 1818 1876 10820 10831 27663 
3766 4445 6809 15830 21297 
151 152 1871 3084 5064 5384 5438 6867 8097 17763 
11105 18844 21317 23845 
1685 2316 5143 9228 14953 
847 2403 2826 5437 5915 16756 
218 872 3148 13530 13711 25440 
1490 1629 2086 4985 12214 15491 20756 25308 
1799 1800 1937 19980 20169 
5468 9941 10646 11309 17664 24611 
1361 6584 6585 13360 17829 
2778 4527 9580 19707 
237 238 3078 4941 6115 20790 
1440 1727 2279 2338 4957 17092 23192 26135 
7993 12576 16798 19707 23812 26599 27023 
734 963 1940 2141 12603 20386 
1075 1793 6041 18386 23978 
3995 7172 17738 18396 24674 
1338 4147 6076 10539 20733 
991 992 1502 3122 4152 
3491 4823 5493 6170 7087 9383 11331 11816 13810 16417 24611 
876 1078 1898 2057 3675 4912 15713 16524 23320 25153 
417 1208 1209 1875 2199 
3578 5248 20964 21122 24649 
1056 8632 10678 14111 25881 27563 
80 649 1541 6808 8992 27336 
876 6024 7008 9240 10662 21277 22838 25153 25952 
1087 1678 3135 5788 26312 26372 
241 701 1176 1671 3043 3561 5445 5579 6596 6978 7934 8335 10413 10665 14791 18393 18697 23418 24745 
1529 6491 6504 9694 22658 
812 909 2516 3740 5388 6178 8635 20930 
1036 1714 5620 6290 17923 24687 
2603 4000 4188 6068 7840 
96 4244 5884 6784 24899 
2559 4642 6348 9537 14998 17814 23507 24652 
3982 4049 5087 5842 5961 8885 20970 
3961 8464 14147 25179 25508 27143 
14 1658 3690 3914 12990 22417 
2506 2655 2656 2684 6713 7573 9735 10457 16916 
844 2139 8189 9790 
1408 3295 3322 5042 5573 5954 12674 24710 
3003 5832 9173 9580 10644 10831 14509 22078 
486 2552 2576 8388 22083 
1617 1618 4853 7789 10143 22500 
85 3061 5090 5532 7042 7749 
325 2087 3741 4837 6076 7805 10332 16903 
1903 2373 3404 7189 10907 18687 22666 25324 
1604 2762 7573 8409 10128 10248 
2079 2463 2478 13011 16790 20962 
2910 2911 8233 22633 25104 
120 1290 1624 1625 3649 23406 24776 
1067 1145 2106 5487 6948 10785 15415 25219 
3864 3957 5801 7225 18787 24473 
241 494 1932 2266 5643 10413 12582 16162 24745 27064 
865 8063 9051 10395 11068 27287 
13874 15258 15677 17499 24606 
873 874 1386 1387 2774 4831 4832 6088 6552 8929 11072 11440 22512 26954 
400 1366 1440 2040 
813 3714 8325 9257 
1628 2966 2987 8771 
4685 4897 8665 20108 27449 
570 2053 3671 14881 15042 25158 
969 3305 3757 6263 6892 7337 7804 8406 12899 13329 24134 
3860 10930 15748 19153 20485 21807 24686 
923 1326 2006 2840 17923 24687 
771 5526 5712 9169 19869 20616 25179 25817 
4316 9027 11924 23462 23492 24419 24484 25445 
1606 2586 6714 23442 
101 547 3938 8063 13237 13810 16417 24050 24611 
2036 5191 10292 11469 13715 16152 23292 
2730 4644 4874 11113 19389 
476 1111 1446 3026 3629 4920 13118 14451 25153 25477 
8340 9813 17352 22238 25172 
5167 8644 9070 15539 24643 
4314 5602 16048 19271 26797 27799 
1409 2993 5293 6105 8324 10349 18594 
801 10401 19123 19577 25605 25850 
5316 5625 8168 9751 11321 22252 
2791 7105 8418 24923 25148 25906 
400 1765 4582 6724 27112 
153 154 245 4053 9890 15809 
8553 13402 14422 22499 22552 24662 27428 27813 
161 2244 3177 4206 4591 4873 5890 6019 7600 14182 15358 15491 19896 25308 
12728 12857 12946 17744 23367 25662 26489 
75 560 1479 2018 2480 4599 4918 8155 10517 11054 12578 13618 18163 19149 26968 
4500 5185 5840 7459 9833 
4663 7773 7856 20571 23868 
6022 6115 7047 7425 22271 
100 2502 13078 22158 27979 
9656 12220 12355 16351 24837 24839 25851 
1017 5459 11760 14107 20163 24870 
138 2127 6042 9237 12855 
3453 4637 10084 10528 11569 14318 17081 17082 17348 18175 23549 26464 27703 
2890 8241 8473 9940 
476 1094 4594 5388 20733 
2979 6304 9218 14224 24304 24941 
9297 14393 21430 25013 25268 25493 
924 3063 6026 8698 15881 24299 24687 26220 
1633 3966 10722 13365 14235 16071 
2235 7425 7666 8255 10666 13170 13329 18551 
216 418 5044 12457 14721 22153 
3118 4663 7856 15816 23253 
157 279 439 3571 9332 9491 9941 13078 13800 26578 
376 1900 9741 10199 14235 15529 20453 23814 
9284 11059 18294 24887 
4649 6854 6953 24618 24900 
2591 6207 10287 15164 16599 24892 24907 27065 
2145 3225 4665 5175 7139 11485 21984 
56 345 2748 4696 5025 8189 23231 
1220 1560 2065 2479 3436 3511 6650 10377 15177 27719 
847 3804 6451 8438 14817 15100 23047 
6885 10448 21162 24921 
11710 12327 20266 24167 24922 
373 713 6212 9491 11056 26963 
425 560 669 1547 1702 3646 3716 3834 4214 4322 5058 5630 6794 13796 16895 20194 25955 26250 27226 27376 
156 1927 6736 7181 11584 12493 23838 25153 
638 1453 2223 7220 8506 8760 9176 
432 647 3685 4273 4300 7060 7242 7263 8231 8312 9692 18790 19352 27043 
33 35 421 9366 25477 
4386 9886 11192 12111 19628 
1521 7450 10155 13283 26257 
52 700 1031 1337 1700 2346 7705 7716 12523 12839 13169 15690 18987 26020 26372 
5235 6234 7682 8518 10428 26244 
821 1254 1872 4304 5289 8543 
432 2559 3763 6503 7242 7243 9692 12677 14948 25394 
114 595 596 782 1950 3704 4599 5315 8155 8783 9986 10604 15151 15515 16688 16742 19033 19167 19762 22700 24736 
2502 4789 5289 6185 8058 8129 10769 11029 12551 13300 27493 
4241 4560 7719 9310 16022 24981 27222 
607 1977 7022 23130 24645 
4716 4756 5130 24038 24985 26600 
8903 11160 22541 22917 
349 1018 1429 2191 3917 15211 
361 4743 5674 8752 10267 24742 26662 
10148 10155 12293 13283 20776 
1275 3890 9712 15010 17423 19021 23364 25464 
603 740 741 811 4062 8632 13714 14681 16873 24476 26412 27563 
4430 5028 16257 21734 25928 
3442 3729 15418 24631 
320 1634 4758 5578 9449 10020 14235 15577 
12312 12777 16673 17278 25135 
5516 9821 16750 24520 
11160 12806 22776 24748 
55 2302 2844 8287 11300 19021 24884 
2688 8305 11062 14071 14233 20522 23022 27222 
8227 8228 9171 12101 16770 18650 19271 20829 
7608 10669 13764 22037 24662 24974 27428 
451 592 4099 10295 11029 11759 
1154 5881 6670 9364 10270 21024 
909 1641 4085 7673 8778 25620 
165 1005 1006 1062 25861 
387 1523 1529 7716 8640 21277 25153 25952 
4798 8204 15951 25064 27387 
3039 7490 12959 19452 20771 
3839 5021 6936 10496 18380 23100 23846 24975 27468 
1274 2184 5455 9527 10168 13687 17194 26135 
2305 3129 12541 13327 13328 25080 
1497 1550 3084 3330 4104 4429 4834 8304 10193 25929 
842 853 1439 2783 4157 5525 25719 
607 847 2883 3753 6449 8289 10436 12497 12805 13697 23047 27555 
346 2317 2918 4644 5890 11322 26307 
21 114 3175 4599 5054 6416 6547 14107 19798 25944 
15 1128 1816 1817 3260 3301 3377 6215 15301 
2081 2899 10943 25060 25061 25184 
3377 8225 12174 16922 24292 
287 5865 11202 13429 16969 19048 
345 453 3183 3282 4072 8189 12408 14046 
257 5993 6159 9563 
12216 16891 17183 23978 25012 
3657 4508 6822 8561 9983 22741 22834 25548 27371 
1421 6043 9518 19171 25050 
335 7363 14795 25132 
405 1078 3517 4394 4913 9382 15498 21332 
6567 8365 11466 24662 24974 27428 
31 1502 2654 3819 6890 
6574 12700 14641 17128 22741 
161 211 4591 6361 6551 7322 7650 10458 14182 15586 17657 19578 23968 25308 26483 
1140 1274 1275 2518 4883 
850 9705 14758 15844 16629 27023 
4120 4307 9062 14061 15222 
2047 5646 9190 12462 25152 
1012 5062 5318 6170 10395 10476 11816 16417 22426 24611 27287 
1238 2713 3120 3749 18251 21332 
3651 3709 16666 21180 25931 
346 424 5179 7616 13785 
1079 3245 3927 4913 8353 9240 11914 15839 21332 22381 23838 25153 27805 
823 1629 3742 10983 11218 25308 
387 1704 2122 6103 6320 8640 9468 11172 17478 21088 
6973 11016 14047 14589 25155 
24345 24346 24553 25174 
4354 8835 15869 24009 25070 
247 2305 2747 3742 4206 8160 12541 19896 21024 23968 25308 26483 
339 1607 3582 4845 7049 10463 13243 23593 25158 25777 
1035 22002 22162 23007 23021 23366 
971 5649 12240 17298 17728 24631 26680 
3017 6523 10745 12980 25062 25188 
4006 7447 13556 21223 22324 
90 1532 2536 2952 4590 
566 1699 4195 6134 13459 
31 32 544 988 7624 8909 
574 2462 2475 5146 8320 9690 
1440 1944 1952 2040 2653 4176 4374 4582 16067 17092 
655 1947 7025 8336 8548 10192 11429 15476 26529 
105 575 597 1958 3255 3571 
6040 6795 8625 15761 19006 
296 297 906 3204 3949 
913 2187 4296 5532 7466 9014 13078 13756 21999 25861 
196 1439 2188 11432 26088 
63 171 700 1337 5345 11927 18987 25934 
1964 21285 23020 24212 25427 
2103 5385 6547 6661 21563 
152 3386 4075 5438 7505 8325 
692 2266 2267 2810 6204 9044 12165 
654 2223 2249 2381 7854 
1804 3671 3672 26667 
1370 1736 11718 17670 
545 2300 5491 7019 10653 
268 861 981 2686 5154 7243 
2940 4302 6596 24034 
4159 4996 5028 8763 11558 
101 1479 2481 3046 4400 4401 6953 8587 8594 22058 26142 26637 26968 27490 27759 
157 3642 3938 9383 11250 17192 22153 22426 24317 26289 
607 847 2657 3001 3318 3319 3513 7661 
496 1200 1701 7703 21481 22921 24275 
4241 5057 7719 18125 
5004 5020 7144 11727 22007 
1592 4477 5334 10566 16452 24755 
11261 13668 13762 14126 14717 15298 
616 1222 6144 8741 11771 20456 26792 
544 1344 6911 10935 20392 24610 26792 
1174 8312 9692 12777 16946 25135 
4392 4539 13510 13658 16798 25285 
25 777 2075 2840 11596 22831 23435 25158 
3138 7098 11009 13274 20089 24981 
1208 7368 18791 25248 
493 494 575 1513 4160 4161 
129 211 2647 6066 6551 12541 22601 25308 
580 4892 6019 7626 13490 17105 20756 25308 
318 400 3588 5455 9166 10345 
318 10345 10353 14111 25642 
1891 3234 4148 6457 9505 
815 8789 10167 10383 23283 
418 440 3997 8452 13852 24365 
986 4226 7686 8567 11527 
96 2767 2768 13658 
559 11127 12861 15153 25615 
2297 2723 5449 17638 22815 
4174 4548 12989 14585 25341 
572 1522 1809 3522 6758 
274 2197 2478 2828 17186 20549 21845 22690 
12169 25352 25353 26857 
3081 3101 3625 7551 9747 13403 14768 15216 25200 26161 27060 
1115 2147 2148 2214 8612 9479 13510 18997 
264 1503 7507 10454 11833 
4467 10113 11306 11905 14446 19093 22413 
2282 4043 11135 18616 19241 24064 24887 
10101 15584 20380 22044 23020 23909 25350 
692 6100 7019 7262 7935 10583 10653 
12 3029 8408 12465 19229 
893 4893 5007 5255 6870 12970 13848 
3548 5648 7554 17298 26827 
172 6006 9925 13605 24884 25934 
13580 21624 22107 22884 25416 
327 1253 1439 4304 7520 8247 
138 968 2235 7334 
3127 14912 15626 19982 20307 
850 1115 5303 9705 13510 14911 16629 18997 
516 1021 1511 10716 12644 14235 
822 2650 11814 15304 25477 
346 1466 2901 3378 5885 8390 
3084 3786 4128 4328 7742 8546 
989 1018 1153 4073 6546 6601 10715 
1115 2214 14758 23812 
1615 1621 1622 8088 8696 22288 26637 
1864 12519 13537 22139 25569 25589 
2019 21392 23086 23487 
7357 7358 14047 14588 25155 
8902 9580 9626 19520 27039 
5424 6015 6681 7581 7887 17478 
2652 6813 7887 17078 
385 1233 4598 22142 
4945 5178 5736 6551 7322 15428 17105 21024 25308 
1003 2601 19653 25478 
3020 3847 5135 6343 25625 
5156 5244 5248 11265 21249 
19468 20841 21430 25493 25775 
639 1248 8709 9948 25422 
657 8204 10292 13176 13715 25478 
3101 4737 7551 11114 
1776 4460 11602 16695 27335 
1875 4553 4946 6089 14672 22098 
77 832 2300 12915 22045 23631 
1831 7689 14801 16903 21853 
101 157 529 3938 6344 9332 24611 
2426 2764 2919 3817 3841 4106 4107 25683 
2921 18555 19048 21157 25524 25849 
11354 13908 15109 16299 26127 
190 4063 5716 8965 12490 
6234 6997 12965 13298 
20 253 1213 1214 4265 17105 
736 1286 5057 7098 13274 20522 
4931 8560 14006 14389 20556 25550 25958 
2273 5107 15167 15803 24178 25306 
5139 6562 11204 15385 25025 
12205 19835 25106 26527 
2328 4052 17063 17235 
5062 5341 6170 17664 21231 24611 
3680 11093 11472 11621 
4418 6159 6925 21481 24238 
441 10109 14658 16022 20522 23022 26210 
4289 12118 15211 16491 24332 
1761 5057 5640 11239 23835 
1430 1431 3285 11980 18593 
6050 9805 18954 24319 25550 
3155 5638 6014 6205 9348 14859 
438 1157 3092 7308 11862 15502 
918 1876 3560 3957 5340 10475 18018 24739 25955 27663 
419 987 2202 2265 7457 9790 
952 2877 7650 8765 12541 25308 
1147 1398 1836 5289 5780 8129 8687 
892 936 7095 7111 9915 10217 
8936 16317 23887 27806 
1828 4798 10292 16063 17880 25478 27387 
3076 3299 5252 9507 9580 10288 25529 27039 
384 1027 1061 1220 1581 1834 5459 7098 25561 25861 
1658 10562 12990 22045 27251 
1308 3899 4036 5720 7338 11761 
2232 7296 10366 10406 14111 18428 25642 
367 7897 18062 19555 23454 
1617 1618 1798 2031 5221 8739 8803 9404 
4057 21896 22464 25548 27371 
2461 7211 25548 27371 
7962 10006 14304 14739 24548 25695 
3251 4509 9573 24338 25411 
1183 6045 7773 7792 10569 
288 944 954 13425 13941 
3959 3960 10993 15237 
1107 3954 6522 11431 
14655 19287 24660 25125 25312 25482 25724 
171 6335 14038 14734 22288 
7111 14900 15245 24965 25918 
15630 21537 22542 24369 25696 
440 574 1479 2018 5057 19861 26925 26968 
1556 4425 4847 5587 21249 23381 
564 1501 4527 9580 10138 25488 27667 
2993 3859 7843 11603 14343 17374 
2475 2476 2741 5693 10065 12115 
821 1254 6612 11760 13876 16293 
1968 2763 3822 6265 10299 10337 10579 25478 27387 
1648 1698 4055 5511 6113 6999 9681 22416 
143 1102 3829 6890 11022 
2177 2559 2563 14406 16679 
1858 2026 3435 7269 8518 9496 10746 12191 16977 18418 23027 
207 1018 2525 4304 13155 14810 22962 25944 
385 2905 5966 7460 26792 
70 440 5798 10151 19149 
216 3677 11285 12457 15529 
1216 2651 6102 6324 7946 11305 11307 12547 17015 17105 18893 20756 21024 25070 
268 1791 4251 4943 6103 6471 8093 
4508 7407 10620 21896 27371 
655 13112 18893 25837 
735 2052 2525 4304 25515 25944 
771 5524 9168 9580 9626 10379 25817 25822 
308 608 1259 7061 7136 
172 1161 1497 19174 19434 19646 
2940 4227 4228 6890 7304 8858 15177 
279 854 3413 3581 6988 8587 9878 11979 12811 13343 19084 25875 25969 26792 
238 489 846 968 2692 4398 7804 8477 10145 22462 
85 842 5459 5715 6762 25861 
60 4138 9332 10395 11162 15827 24611 
3683 8541 13298 22548 
1465 3441 5658 15827 16049 17664 24611 24631 
1439 3418 8588 11560 25560 
417 996 1185 8097 11761 
427 597 1440 1590 2040 2136 
382 1106 1629 3353 3422 12584 
5059 5950 15983 23460 25922 
1184 4293 18169 24484 
4529 6583 22667 23435 25158 25777 
348 1695 3280 4362 17104 25929 
320 10021 12157 13062 22972 
300 3861 9688 13283 15315 23370 24611 
5649 11952 12321 12871 24631 26827 27028 
346 349 1466 1569 4062 13695 
2381 2382 15244 18063 23852 25554 
2221 3717 4517 7621 14403 15670 23715 
10437 15882 21650 25957 25958 
442 552 26603 27021 
734 1803 2246 4990 16500 25944 27692 
3901 7936 8680 13861 19048 25804 
2313 4260 12246 18881 19169 
5815 10205 10533 14438 18615 19125 23531 
1040 6822 6823 8044 8784 10791 12674 14235 25631 
4012 6019 14407 15586 18748 
2333 11428 11777 11855 17418 18386 
1381 5724 7704 23254 24296 
4713 7569 7640 14532 25782 
960 2061 11967 21793 22630 
154 963 4359 4360 12190 16490 
7010 11797 12948 22183 25735 
1882 4005 5841 8384 26018 
391 1406 2421 9592 12530 16592 23439 24657 
20 160 4265 17105 18786 21947 
3638 9991 15741 15747 
75 529 1824 6344 9332 21231 27178 27742 
1598 19861 25792 26163 26765 
2446 4998 5007 5150 
2595 2707 3157 3393 12463 15772 
524 779 793 870 25166 
420 3065 3280 14678 15872 25477 
791 8437 9830 11388 26149 
1911 2846 4034 4035 4927 
3405 3532 10177 14635 25881 
618 4452 4453 20893 22398 
139 2235 3779 4398 13296 22462 
713 1091 4031 7131 12678 26173 
2208 2339 3729 7331 12871 24631 26827 
1022 5867 18573 22794 26116 26201 
1021 2908 3546 4951 5726 6116 
2602 6265 8204 25478 
1636 4688 5646 17724 18881 19466 
132 4119 14713 16798 20036 25337 26079 
8018 8221 12143 25963 26079 
2710 2711 16978 21575 26151 
14321 22506 22665 25012 25402 
2251 9169 17624 25822 25823 
3992 7470 10610 17723 23424 
2868 2869 3187 7446 
1000 2208 2339 12240 12871 24631 26827 
3626 10087 13926 19621 
424 862 5042 5249 6592 10475 
918 2188 4006 13851 16201 26245 
7808 8226 10218 11838 12769 21435 25842 25844 
6910 7336 20110 25684 
6893 10073 14672 15828 24791 
145 1365 1796 4374 25198 
336 1000 1176 19059 19389 27028 
209 3806 5542 9938 10475 
1807 3587 3954 6861 10857 
10629 10718 12297 15318 26294 
129 2305 2647 3119 5906 26483 
528 2338 8404 16870 24804 
402 437 799 4967 5359 11022 
407 1083 3459 10466 26307 
26315 26316 26317 27115 27735 
4823 9941 11816 18610 22636 26735 
20 4040 4265 5153 7417 17105 
567 1415 1707 5054 12568 
1183 6045 10216 11761 14436 27426 
462 589 6565 8515 9656 12093 15550 
4141 4142 7526 9071 23185 25016 25098 
2060 6437 13772 14912 
19506 21036 26383 27531 
2521 5221 6460 20944 
2367 5242 7781 8544 9850 12204 
16 3427 5767 6725 13494 19422 22601 23333 
2446 5006 5007 11100 
1678 2983 18174 23656 26372 26912 
973 6102 8699 11186 11267 21045 25615 26597 
1963 10874 11427 14709 
602 1931 4073 10471 11887 25861 
605 1086 1550 10628 26372 
6820 6976 25459 25754 
2018 2179 8540 12109 24948 
3213 5872 6326 15067 
1853 13317 17874 21019 
3490 4609 15491 18786 
821 2961 3627 9859 16499 
1407 1586 3039 9216 10820 12674 
4003 4720 5558 6035 17463 26151 
132 168 3427 4119 4172 16798 
425 560 972 3066 3288 4225 7412 8231 9137 10604 
3787 7643 11053 16478 21497 
1344 2294 4361 14637 26843 
14362 25595 26876 27350 
385 4705 6935 9972 12959 
5561 6258 10551 21823 24082 
615 3511 4061 4261 6988 7330 14133 18685 24610 26792 27719 
1589 2478 4654 8122 20073 
666 1889 4868 9668 18448 
2337 5570 5827 8295 8967 27530 
6265 8204 10292 10719 16184 19013 27387 
713 3100 3808 4297 10672 23418 
931 1613 4353 17393 26600 
1870 3280 8297 10628 11641 25929 
2713 4912 8417 12493 18251 21332 
3198 7341 12678 13035 14111 26557 
4299 6224 7862 20075 21984 23796 
274 5439 20907 23932 25628 
6704 7894 8738 10330 24258 
26586 26665 26753 26781 
609 3787 7008 7753 10662 22517 
387 10256 20466 20544 26418 
2152 2153 3006 7562 
3745 4411 5532 7980 16628 
3961 6117 6177 6653 7199 20108 21536 
734 4302 13575 19806 26872 
4916 5627 9837 13803 18107 27523 
1026 2331 5559 11991 13404 
2573 5396 11486 26662 26706 
4946 4947 5741 7254 17107 
1337 2289 3769 7184 15532 27971 
1106 1833 4795 22853 
954 3416 8024 8651 11252 
4225 6711 12439 12735 
2392 2393 3507 7236 26662 27730 
85 2024 4990 7412 12372 13867 
3442 15071 23022 24863 26771 
449 7977 9874 10396 
1421 6043 11577 26127 26271 
3498 26829 26846 26903 
21356 22415 26855 26980 
3427 5746 6118 8325 18786 
437 645 3094 6452 11498 21519 
4355 13326 14326 14517 16081 26758 
625 1098 6650 10935 15372 
2018 6727 8673 9619 18084 
2553 3536 19485 21009 
718 1247 4644 7428 14503 
5293 10718 11121 19250 26294 
7968 8066 18787 26814 
275 2409 14703 19425 26746 
6578 11797 14130 15363 15962 
6007 9790 9900 11431 15427 
289 7328 8742 10088 15998 
2996 3309 3324 17437 23097 24895 
293 2306 6051 7881 25550 
872 4956 5646 6927 7613 14170 
56 76 447 3488 4298 
3128 3131 11404 21709 22517 
3148 4812 5026 12304 15188 
4451 6029 11205 14717 26940 
1534 7367 8058 13072 14810 
547 734 865 1018 5054 11760 
542 543 555 3308 8833 18181 
4685 4978 13716 20108 20158 
31 32 666 2137 2700 
1727 2230 6343 23488 27112 
601 2812 14864 27122 27153 
520 599 7019 17341 
955 1365 8288 26135 
372 8707 8863 14721 14922 25332 
644 914 1487 6758 21999 
218 300 2016 11068 24611 
13034 25278 25731 27214 
544 1012 3154 7699 8909 
2178 2471 5779 9044 23687 
3244 7672 9403 9404 
1161 1529 4717 5825 5965 9439 17703 25952 
10388 11389 11444 16167 
655 3392 4828 4875 5360 7897 16757 
883 1673 4567 5056 5942 
1196 1438 2165 2512 10907 11522 
809 8065 18145 18514 25849 
4092 4808 16358 21125 22959 
2112 3996 4075 9239 20271 
1309 6489 6936 15073 27435 27468 
566 1669 8517 15187 26940 
3674 6266 9140 10881 23320 
5821 5875 23283 24869 25722 
4628 14862 15551 15977 17695 24235 
4586 10692 23005 26580 27489 
3678 5128 6755 6936 10936 
6412 6414 6780 12639 13410 
1043 5883 8699 26888 
2703 2994 4844 10349 13116 
44 11995 14047 19103 25155 25680 
731 1934 2706 4368 15904 
263 8357 19603 22772 26746 
506 9287 18692 27505 27642 
491 730 1251 1921 20209 27394 
4488 5116 23406 27614 
11482 11637 13694 13696 
1673 2232 4567 10879 22751 
2802 7238 21816 27552 
13716 14219 24266 24525 27452 
9019 15237 18724 22974 
511 1580 2648 3817 27726 
1536 21899 22540 27813 
4329 4406 4514 8323 14415 
1601 1602 2529 26805 
769 7320 8858 16409 27723 
148 1177 1452 1703 4137 4907 27563 
1913 9233 13902 20946 24296 
3954 5381 12841 18788 24033 
5694 10218 11617 15286 18718 
2713 3885 11945 12587 19032 21332 
300 5880 6195 8319 14810 20282 23835 
4702 9130 10035 13891 19206 22153 26972 
256 317 9864 11732 21426 
1554 8270 9817 17244 
1144 7628 10765 11443 25446 
246 1813 2535 6107 8339 8492 11495 24745 
12092 20964 21122 27387 27941 
829 2826 3859 4844 13116 
9985 10949 23121 
1535 2982 6429 
7141 17625 26662 
1571 9712 18915 
8192 9028 12682 
5314 14077 15836 
1613 5357 13784 
2365 5940 5941 
13819 18720 24630 
4102 14095 23165 
23191 23950 24263 
576 11069 12812 
2685 4013 15491 
2419 2420 10081 
801 4554 10652 
185 4243 5452 
448 11006 20249 
1417 4557 5311 
3284 17807 25595 
571 9599 10256 
12856 13694 20727 
2425 15911 25157 
325 7012 19765 
1224 3823 11029 
7931 21427 24895 
2417 18601 24047 
10849 19659 19799 
586 14684 17932 
6536 7216 17173 
2407 23557 23558 
6282 15253 22427 
11271 17038 22783 
1305 6573 21342 
1132 13723 24496 
11324 12735 16292 
215 4078 23514 
1217 2539 2890 
9151 20212 27781 
2363 20412 24421 
5695 9243 11510 
6069 22320 24308 
6112 7661 12635 
163 5804 24399 
12594 13939 14290 
9617 9791 19510 
16865 21542 24471 
868 22986 24237 
4522 6878 20994 
364 11365 26772 
6623 10821 22735 
87 2445 25986 
4531 10059 13457 
358 8911 8912 
71 72 74 
6712 14196 19428 
3789 6398 13418 
1585 5079 23419 
1527 1763 2068 
11034 11505 16237 
3509 19278 21180 
6729 14800 24235 
9294 21316 24500 
8469 12745 18814 
6664 8214 14183 
790 5393 13783 
2411 12189 24506 
3259 8838 17228 
2098 2099 10165 
7966 24518 26692 
468 5610 7900 
3456 10914 20821 
1603 5590 8856 
21356 24522 24523 
2738 3707 6191 
194 11765 23687 
1763 2245 5141 
2115 3694 20186 
3549 9394 9509 
3160 4935 6551 
10446 10447 11687 
3969 14891 23106 
9252 16682 24542 
3478 3479 8776 
16288 20869 25196 
488 489 9098 
3755 5165 5863 
17349 23467 25541 
6535 12708 14916 
2484 23207 26079 
539 1199 4655 
8788 13345 13918 
8047 8984 9734 
18308 24568 24575 
8215 11660 21960 
6838 7226 8071 
569 2466 20899 
1709 1866 1889 
113 324 1477 
4043 4283 7589 
7806 18009 22758 
2964 4378 10065 
5819 24595 27532 
887 5829 19005 
613 1988 21179 
2769 5165 24463 
2044 11168 12538 
8582 10909 25900 
2800 4501 7109 
5305 10193 15905 
2423 4016 9296 
281 14028 26169 
1556 11839 11848 
1849 1850 3775 
788 22677 24739 
21770 21933 24442 
1533 13967 24587 
6086 7045 20854 
2014 11978 13421 
16965 20137 27347 
2055 19248 24922 
3039 6882 15374 
23221 24502 27491 
4739 11136 26954 
178 6061 27498 
1362 5555 14174 
3115 5455 12669 
7533 10780 19012 
3336 6093 14673 
3446 20948 22530 
15140 24620 24757 
2914 6037 9735 
422 2206 2207 
2133 13293 27327 
5219 8842 13583 
3277 11591 20647 
6507 14099 18320 
206 15652 25455 
2093 2094 26471 
6649 10831 18068 
786 11990 21332 
4476 5084 24287 
17337 22116 24685 
226 7912 8851 
1401 6404 11261 
851 12242 12313 
23302 24691 27636 
2494 3220 21237 
1009 4334 20483 
3748 8370 13428 
11506 13624 24711 
3096 6931 7812 
1880 3335 6157 
2032 2887 6537 
7085 9678 9852 
8585 12368 26266 
2717 6664 24601 
10724 11444 21930 
10254 18740 23978 
3093 6259 9926 
7663 24760 25981 
9319 17969 18933 
3498 3499 7055 
3712 20695 23314 
11830 13606 20994 
154 7867 24782 
7149 18002 26413 
5319 7544 24786 
2323 5717 22198 
452 3616 4190 
2230 6455 23072 
4306 12845 18607 
925 10418 14796 
5734 8553 21928 
16153 21773 24816 
22982 23908 26433 
4311 6104 6200 
1437 6879 15272 
16860 24823 25100 
4801 5567 24460 
726 727 1647 
3404 6277 13686 
5182 5183 14503 
6555 14266 23676 
885 4984 20163 
10059 17918 22023 
1644 2447 8803 
3894 6958 15122 
5331 8188 26364 
3481 20814 25387 
3942 8093 11247 
9128 12539 22935 
200 14940 23049 
2301 2554 2849 
7152 9656 23539 
6832 11635 17038 
939 940 24885 
3013 5004 15172 
5076 8132 9546 
5426 15501 17190 
1613 6038 13162 
1264 2226 4071 
197 18242 26334 
5547 22727 23349 
24956 24957 26374 
5453 8567 8996 
6624 7095 9829 
16704 24970 26401 
8366 13738 23458 
2671 24909 25733 
3075 5646 6556 
9866 10212 26066 
108 5055 22487 
2665 7791 22540 
3645 9118 17764 
8901 22723 24977 
1602 13049 16716 
1163 6441 6544 
2346 21657 24641 
12525 18633 24919 
11316 11725 16903 
716 4993 12374 
575 3246 22470 
312 3715 5142 
17920 25021 27007 
678 2216 15311 
2359 2687 13373 
11661 13493 16440 
4687 16782 17593 
8935 16243 24201 
23602 25059 25107 
6710 11390 26578 
3869 7500 12368 
5114 7144 13352 
6031 15886 17589 
15994 18750 20255 
2997 9925 22993 
2728 8953 15212 
2115 10686 22317 
1848 21971 25093 
1243 16019 26662 
5766 19268 20664 
1168 6273 13293 
7045 23943 25108 
2126 5597 13876 
20019 21363 22573 
4454 19993 19998 
2888 3139 13254 
7850 7851 26478 
2524 4515 22741 
2023 5613 25164 
1852 13317 22138 
877 1875 2820 
128 17372 19084 
17746 22918 24818 
2421 13498 14858 
13980 18627 26601 
1600 4758 17135 
13732 21485 26692 
1523 7932 16730 
6095 8063 22623 
5776 6939 17588 
10952 15666 27704 
578 5195 9264 
5152 9002 19434 
1513 2083 4662 
997 1027 23034 
1566 6591 9691 
1181 13839 13971 
8136 19145 23245 
6505 12029 24883 
5330 19532 23471 
5496 6602 25408 
4954 17415 19197 
221 523 1759 
4853 10933 25230 
9008 23121 23649 
1484 1485 5546 
11145 18353 25253 
1144 8815 14764 
3475 11522 15941 
4029 10433 24299 
341 4463 11634 
11397 13545 26031 
26 7859 11018 
1618 6289 16109 
627 1706 5659 
3028 3384 22478 
1137 16829 27767 
2140 4250 7098 
742 2934 25319 
2344 12207 25284 
1024 14092 21699 
500 501 6680 
3999 5699 10785 
6058 11654 25153 
1649 9641 25888 
467 468 25316 
4197 5278 6704 
2737 10647 21248 
3486 4073 17096 
13480 18155 23453 
2222 12578 25362 
1812 5515 6021 
1997 2445 7112 
951 10194 17230 
871 8199 27251 
8535 17044 24185 
5862 9266 17873 
3341 3654 10383 
5446 9118 9968 
130 2442 20868 
8636 9183 9481 
16795 25413 25447 
3480 8503 12655 
5669 7748 25154 
934 981 1823 
11313 13994 24266 
9173 9374 10713 
2847 2889 7089 
7414 25463 27026 
23255 25465 25466 
19048 22777 25468 
462 7451 25473 
2029 13423 25025 
12676 19891 19967 
359 2703 10735 
1530 16355 26774 
7058 11445 22625 
16789 19660 24992 
11341 11998 12687 
1193 1194 25509 
2998 11636 17704 
1829 9713 25478 
11833 23413 24483 
4072 13023 16393 
17190 19484 23709 
2324 2623 7046 
22380 25491 26660 
2020 4088 25547 
30 2261 4492 
17525 20323 20727 
4562 13769 17529 
401 14243 25559 
2990 4176 7535 
15208 15617 25078 
7565 11291 15199 
5050 12967 22321 
437 2642 7637 
2195 3681 3682 
4269 25590 25591 
12569 25593 25594 
1146 9951 16292 
3221 3696 21934 
14800 19091 21786 
7159 21476 24970 
1672 5016 21331 
2430 25561 25668 
111 6661 21370 
6030 8573 17737 
2595 12136 25602 
2681 3105 8747 
1018 11023 14336 
6855 7264 23957 
17517 22565 24119 
2816 17723 25694 
6409 25702 25955 
8972 23011 25712 
19538 25720 26341 
12736 17222 20317 
4210 24826 25894 
5993 25356 25726 
9003 14418 20160 
2158 2161 4224 
646 25743 26447 
2075 10286 16779 
2070 21586 22107 
6906 8687 17830 
1411 4823 9040 
3616 6372 25760 
8004 13983 22866 
4620 15644 26151 
9197 12037 12288 
5189 6954 17190 
7041 9276 10134 
2234 2235 4066 
1130 1131 25196 
4949 7731 25200 
14579 14580 14668 
219 1219 11391 
909 910 6198 
16104 17925 25829 
5236 6029 21948 
438 2907 13363 
17111 18186 26726 
3286 24385 25815 
393 2685 14078 
4781 4782 26831 
1659 1660 22073 
17561 24755 25618 
6849 9858 16491 
9107 22238 24917 
1136 8889 10823 
273 1354 25864 
10641 17105 23780 
6819 6969 18517 
7755 10748 13423 
8944 18780 20409 
4432 5427 14793 
14473 23809 25791 
9922 12592 25981 
607 7232 10577 
1983 9941 16166 
17206 21671 25459 
13091 18151 25780 
512 5184 14136 
299 6902 26557 
710 1926 18512 
15923 21757 22512 
1421 7827 10265 
11450 14513 25975 
5046 9357 25540 
3049 3050 11903 
4425 12484 26017 
8182 10140 10141 
5975 6748 13358 
23722 24643 25674 
285 1301 24804 
2962 6415 12700 
2829 7208 21115 
698 3425 26075 
2729 5982 16472 
3305 11217 11795 
1047 8688 19338 
4041 19517 26100 
3126 19351 21131 
2533 4964 6059 
6087 6088 18086 
2105 3300 3337 
1561 7689 15902 
9602 18256 27255 
5904 11195 18551 
7190 8618 20937 
2651 3202 12250 
7753 9293 14104 
25728 26197 27278 
3992 10112 15051 
13239 13945 17228 
1511 9759 13616 
2552 3074 3077 
835 1697 12296 
3372 9344 14801 
4304 5394 19011 
5316 20312 26023 
17211 20439 25025 
15010 23730 25307 
9909 22915 24266 
429 4545 22751 
16845 18432 25981 
4509 18289 18465 
1958 20871 26000 
3285 22442 24979 
15747 19985 25239 
10477 17615 17829 
1899 5945 12578 
607 4852 6950 
9521 15187 26241 
18 5890 21801 
3510 15412 25804 
6812 7741 12401 
847 1916 2878 
257 12005 13146 
3212 3213 10836 
390 6569 9875 
13302 19368 25050 
4014 7092 25402 
3863 18272 21481 
1989 15503 19048 
2306 3531 12924 
1294 5901 26728 
8583 9332 11424 
88 4453 26452 
3168 5784 16222 
4052 8906 23608 
5999 10876 22512 
4665 7344 9413 
8282 8680 21980 
320 4098 6153 
11678 15365 25179 
288 3950 3951 
2387 8696 11161 
26494 26526 26527 
14137 21667 22573 
1513 26558 26564 
95 3254 8773 
2754 3750 15174 
800 8122 17424 
267 4681 20328 
4746 26320 27511 
3350 4657 5864 
4750 5119 10207 
162 16842 26591 
6535 9969 24960 
3875 11812 27394 
26623 26624 27717 
417 6323 8036 
8673 9774 13149 
20104 20612 26662 
5693 14443 16856 
340 6093 25138 
189 7873 8221 
5237 5998 9485 
1376 14523 16061 
3935 7417 26672 
19236 19685 26691 
8487 22100 27136 
8537 12799 24628 
5213 6890 8358 
15442 26683 26690 
1254 24901 26729 
8548 19594 19784 
2311 6093 10649 
5102 6230 21942 
655 13426 13929 
1414 3039 23762 
9300 18036 25955 
26784 26785 26834 
26425 26793 26800 
1911 5401 7346 
4341 6044 14105 
15030 16258 24755 
591 6625 26611 
26839 26840 26841 
1354 25935 26689 
4811 19271 22659 
2310 17274 27069 
15280 19563 22758 
1084 11283 25298 
698 5541 25966 
220 1600 9624 
12794 14946 26909 
5888 23256 26922 
5288 6892 13542 
734 1500 11222 
23789 25433 26332 
1734 7237 8093 
9545 10878 14531 
462 8562 25884 
1537 2421 3576 
548 1990 26975 
16351 26355 26476 
398 22547 26985 
3571 6538 14829 
2421 7777 19888 
14817 21014 26908 
2274 27010 27827 
280 7111 21973 
10765 18081 25349 
27055 27056 27323 
4026 4177 15010 
2494 4878 22743 
13891 22754 22939 
4179 25050 27025 
4050 4051 14758 
2572 3112 23303 
10821 10885 13505 
12030 14733 27642 
3826 20227 27745 
890 22717 27144 
6877 13297 15704 
479 8283 8384 
438 3008 4009 
2124 6685 13375 
16107 18219 21036 
26543 27208 27221 
159 1431 18510 
14383 15402 22174 
4124 12823 21024 
228 3384 6889 
2520 10046 11940 
3830 9407 24869 
17699 27265 27266 
440 5282 5707 
13525 20058 22116 
2497 4509 4764 
4735 19208 25125 
6970 9808 11456 
13078 18216 21154 
3650 20791 27101 
27304 27305 27500 
23834 26683 27306 
1992 2272 24112 
14490 15047 16292 
678 4491 6083 
5132 27316 27482 
157 1851 6597 
10724 12985 27369 
5131 7812 26684 
6701 19193 27415 
233 771 26822 
4241 6803 13055 
9141 18458 20946 
1544 2699 13570 
5117 15670 16512 
16262 27459 27691 
1419 5139 19392 
9569 15510 16913 
3464 4928 12042 
1318 7320 15849 
2181 20250 27340 
85 8348 22886 
1043 4870 8212 
3740 11020 14346 
20200 27479 27613 
8788 9581 17683 
11310 21123 24826 
12800 13568 27510 
3998 19305 25615 
13161 27537 27682 
294 8106 10146 
2154 23047 27560 
3601 18039 19149 
16147 19312 26295 
221 5475 10660 
6973 14994 27574 
11625 19449 24471 
7164 11503 17874 
4551 16504 23086 
950 17390 17670 
2003 9452 16903 
1602 10153 27331 
5426 6959 26191 
953 2231 6412 
4382 20971 24745 
1940 10190 21060 
737 4162 12674 
1715 10566 27670 
2972 23282 24895 
7054 7685 7990 
988 5509 6249 
2367 17383 18920 
230 10462 11671 
706 1018 12968 
10084 14941 25766 
2774 13680 23677 
6835 11088 26662 
2318 5799 10065 
252 9843 16903 
577 3385 17682 
16933 16963 19351 
4975 16405 27692 
3949 8178 8772 
4935 21691 27016 
5723 8518 23944 
3969 6901 7734 
