2558 3050 11903 11941 
2652 3146 4788 6014 6118 8771 11551 19405 
813 1104 3587 3714 8325 18046 
968 969 2235 4066 7076 7804 12036 18711 
523 4159 5028 5271 8763 
1010 1259 2738 3350 3374 3449 
6102 9865 13812 19847 
426 848 1775 2993 10629 10735 11879 13385 19070 21793 
2474 5138 6720 15178 
586 3778 14684 17932 18636 
439 526 3647 5249 5880 6945 7556 9941 13078 14753 20386 20489 24050 
3712 6544 15645 19590 20695 21196 
1789 3176 3177 3427 3679 4985 
476 566 1628 1703 3330 4128 6111 6178 8381 13375 13988 19405 19993 21947 22073 
1417 1820 2368 4533 4557 5311 19476 19867 22087 
552 626 1254 2502 2525 2526 3743 5597 9702 13072 14347 15717 19777 20579 21398 22962 
211 939 940 8969 19578 20728 
258 494 701 2535 7934 
2019 2034 7038 21392 
2462 5693 5959 7295 14791 16477 
348 848 2517 3733 4362 7237 8485 14451 
983 1550 1871 3084 4429 18701 
75 616 2065 2212 4691 20392 21231 
1489 1983 2680 5340 9941 19389 
132 2865 4835 12245 16798 20036 20531 
7802 10643 14346 20037 21221 
2145 3225 4665 8910 11485 17004 18268 21984 
529 3647 4138 4823 5062 5880 9941 20750 
1705 2331 4828 4847 4875 13929 19555 19599 
1010 4615 6118 8325 8771 19993 
476 1628 4594 7505 8987 17078 19998 
15979 18069 19582 19620 20316 
314 569 9238 11768 18288 19149 21545 22034 
473 2303 6877 8179 8255 10666 11457 18551 
328 741 852 4929 4974 7504 8231 10708 10830 12176 14347 19758 20006 
1169 1705 2235 2406 9357 
2305 2420 11015 19020 20299 21851 
2304 2305 3337 4804 14883 17657 
4643 4919 5057 8540 8587 19758 19861 
3586 3924 6102 13490 22073 
346 2317 4979 15723 19389 23854 
1847 1848 2940 6595 7304 
1812 19979 20063 20064 
608 609 1259 3129 3144 4137 4873 4907 7061 7237 7238 7626 7640 7753 7772 7836 8378 8426 9849 16258 21179 22517 
2546 4603 11904 15729 19065 
2162 2953 11087 15621 16308 18242 
226 357 1591 3347 11797 
90 663 756 1365 1404 1527 2022 2184 2301 2492 2554 3180 3197 4433 5135 5142 5585 6531 10168 12505 14745 
1595 1606 2614 3042 12896 15617 17171 17969 23442 
692 2193 2266 2810 6204 16217 
427 855 1440 1661 3145 4582 9808 13191 21127 23192 
150 606 848 2999 8738 10629 
864 5728 6147 7172 7693 19054 22975 24280 
2332 7742 9283 12581 
33 35 792 1027 21988 
349 1061 1240 1581 6338 7130 
2794 4503 17171 20131 20164 22920 23442 
33 156 876 1078 1079 1446 1567 1672 1898 1927 2503 2513 3245 3374 3675 3885 4912 4913 5016 6024 6068 6725 6736 7181 8417 9240 9241 9727 9728 9887 9960 10224 10268 10274 11565 11945 11990 12493 15839 19032 20168 20892 21331 21332 23838 
873 1386 4831 6088 11109 18086 18155 22512 23453 
161 4591 6049 8160 11517 14884 19578 23333 
1219 5658 5880 7004 7087 7221 8063 11046 20750 
150 606 2311 2620 3001 7173 9139 13137 
1402 3260 4935 5767 6670 11136 12537 20728 
819 1297 2077 3443 16393 
7398 7399 14827 20210 
10636 13041 19352 20211 
166 245 1830 13790 
3311 19860 20007 20142 20570 
417 1161 2949 3787 3879 4251 4717 5826 5965 6069 7643 10662 10985 11761 21088 21277 21290 21472 21497 22388 22838 
379 2158 5378 9611 11461 
237 238 3078 3305 11491 
1354 6856 9221 9564 9901 10801 20234 20341 21729 
2540 4049 6672 11727 20096 22007 
1351 1600 2447 3384 3677 3747 9624 9670 
1259 4979 4980 11966 12499 16801 19651 24033 
4500 4501 5185 19654 21235 
1709 2177 2286 2856 6854 9151 9608 11285 19236 
2729 5590 16472 20624 
138 139 968 969 2235 6042 21367 
772 773 2091 6437 20486 
2494 4878 5414 6000 9368 17500 20186 21007 21019 21227 21237 22852 23882 
6207 11095 12178 14116 
869 2689 8215 9648 11421 19055 20213 20387 
325 1816 1817 6103 6215 15302 
278 735 7450 8766 9702 12380 
865 981 6739 8063 9702 
872 1018 1707 2141 2525 4054 4983 9702 13072 16943 
1005 1803 4304 6147 6355 9702 15717 20163 
148 190 1703 3522 3733 9702 13711 17682 
845 1919 10014 12522 22462 
419 1919 2235 3757 6892 8406 9176 10883 12899 19898 
1839 1919 5695 12730 15182 16111 
385 702 1351 3039 4598 4724 11223 22142 
1220 2137 2642 3356 4242 
871 1536 3584 4909 6567 7608 8365 10669 11466 13402 13764 15753 16878 18177 18279 20313 20349 22037 22436 22499 22516 22540 22552 
13249 20308 20334 21582 
1133 5246 5464 5779 6376 11583 13165 21100 
5019 5114 8349 13352 22007 
2389 3283 7817 11484 17135 
607 2154 3318 3319 3513 3681 12538 23047 
1173 3325 3700 8093 11053 11769 21088 21472 22838 
968 969 7334 7337 
2901 8301 10601 11918 12115 12674 20073 21541 
3932 4398 5485 9952 22462 
1401 2106 3135 5038 6912 
2058 3859 8222 8501 9139 11967 19070 21793 
168 2352 2754 2906 3114 13630 13707 18396 21317 22975 
84 1899 2475 2741 20073 
1804 1805 3671 9648 14349 20387 
4066 5909 9042 21017 
117 19294 20400 20620 20664 20670 
1540 1860 4435 8992 10371 
462 2625 3317 3821 10512 11831 
6347 9308 12421 13441 18822 20213 
1005 1027 2949 4567 7607 22026 22070 22751 
1237 2650 2944 4133 9425 15872 17773 18607 
427 1365 1440 1944 
4085 6143 7693 10707 14244 18582 20826 21317 22975 
987 1172 1173 1529 7643 10985 22838 
888 1210 2922 3349 20213 
536 733 1120 1899 6259 10065 12703 
622 1453 1919 3305 19248 
2298 2302 3884 3890 8906 
10446 10447 11687 14712 
2067 3325 4251 4288 6103 9468 16478 19235 
211 952 2747 4206 9435 19578 
345 1297 4085 6307 7577 
3886 3887 8024 9807 19405 
274 807 4894 5689 8520 14235 14547 
1152 1814 2797 2798 13035 
987 1172 1173 1704 3325 6103 6382 8009 19235 22026 
109 2112 3617 5981 15780 
70 569 1291 5589 8587 10198 18288 20428 21545 
75 560 1436 2018 2480 8587 9137 19774 19861 
230 4419 4999 6258 
5695 8591 9243 11509 11510 
1447 7548 9615 18463 20380 23909 
703 3686 9128 16856 20394 
279 528 988 2212 6739 20392 21231 
299 3876 6344 9491 9674 20609 22158 
1137 2829 2830 7207 16726 
731 2316 4244 6700 9228 
282 2302 2338 4787 5268 
70 293 1437 8733 17802 
2112 4679 7171 7713 20499 23962 
432 2432 3184 3763 20006 21103 
427 1365 2230 6579 12505 
4091 4092 4808 4809 10599 21126 
5947 8020 9705 12005 13269 15844 16798 18997 
285 1776 4905 8537 8660 13167 14035 19712 20551 
978 1799 1800 1937 4952 11458 12308 13309 14174 20169 
1363 1364 14789 16456 
17400 19642 22714 23179 23425 
2132 8804 10496 11084 20551 21816 22929 
168 2859 3114 4680 10747 13630 14297 20499 24280 
10719 18138 19013 19014 21213 
4077 8662 11406 13501 20425 
1968 3563 10299 19653 23292 
4305 5149 6719 7950 20486 
226 357 2614 2632 6793 
1119 3000 4340 8841 17514 
2655 2656 11497 12483 20514 22596 
1194 1279 5864 6704 8409 13429 15412 21014 
456 3442 14071 14233 16082 16280 20522 
374 713 3061 3364 16491 19116 
56 345 346 3380 4325 5025 9391 
6267 12443 12717 17320 19476 20663 20840 
1378 3005 3006 12676 19891 
3757 4622 5687 5904 9952 10883 
2310 7499 7500 8221 
1289 2939 7345 12030 17111 
160 476 580 823 1107 1807 3742 3954 4710 5153 6102 6753 10494 10641 11966 12584 18788 19578 22133 22853 
3897 3898 11259 18905 18972 20109 21493 21986 23002 
1429 5577 6248 7418 14111 14681 19116 20352 
163 380 993 2275 3954 7534 
728 1755 5033 5034 5042 8858 
1849 1850 3775 7754 
615 2016 2737 5062 5341 5658 6233 7087 8174 10647 11309 11816 20750 
1425 1809 1935 2187 3100 4063 10820 20770 
713 2807 6212 7440 9332 9491 
442 872 1017 1707 4304 4412 6147 9702 
91 402 3093 5464 7355 10389 12505 
4451 4958 10454 22735 
564 3038 6125 18020 19246 
571 3327 3331 5606 9204 10551 21947 22073 
367 658 14891 20768 
6612 20228 20556 20791 21650 22276 
5304 6742 7190 9816 20795 21061 21827 22404 23722 
865 7329 8063 11309 12583 13556 20750 
3670 9037 18129 20287 20666 
5682 6831 6832 11635 12594 13939 14290 
1193 1264 1362 1799 1910 4377 11458 13309 
2545 3391 4195 5453 5964 
1104 1816 2966 2987 20733 
204 613 2477 2603 4191 5333 6334 
5689 6280 11200 14703 18617 22772 
6739 7450 11713 14461 14753 16349 21289 
264 4958 6523 10745 22735 
3828 4077 8990 19055 20425 22428 
566 3330 3537 4133 4738 6134 12587 15415 
4989 5582 5994 20829 20856 21297 
822 823 2747 23680 
4314 11490 17358 20829 
1440 1590 1662 2334 5071 
619 1439 5142 5464 10390 19043 
394 400 1365 1366 1440 2040 2241 9162 17543 23192 
655 1806 3466 6639 11673 
529 853 2065 3413 3846 8741 10155 20392 
233 4385 4929 8902 9626 10379 10713 17514 
425 560 1889 3066 3153 3288 4214 4225 11324 16292 
821 1351 4247 10804 14084 22741 
5980 10232 12245 12719 20928 
702 1351 2458 4021 6926 12603 16500 
2332 3084 3330 4858 8053 8381 10050 
560 5630 9137 19309 19949 21817 
7042 7098 9431 14111 20565 
195 385 2082 4165 5341 12888 
1449 4715 7658 9422 13773 17884 20656 
233 1501 2233 3076 4811 19869 
2724 7019 7935 9148 20600 
6154 18905 19972 20855 21986 22145 
1852 1853 7164 13316 15279 15280 15426 21007 21227 21237 22852 
1677 5865 6704 13334 14640 18024 21014 
1560 1603 2312 3686 6650 
2234 4066 4386 4387 4629 9886 21966 
5316 7386 11490 12864 20829 
4048 4904 7339 18723 19993 
3751 4278 4282 7001 18733 
6735 6782 7968 8601 18787 19771 22164 
437 644 799 1652 5359 
4349 4860 9317 13429 20986 
1244 3549 3563 3578 4483 4485 4847 6429 6594 8199 9480 19208 19599 20317 
4397 5880 6344 6739 9040 9332 13522 15224 15718 15827 16162 24050 
11583 15648 18630 19352 19992 21103 
800 801 4554 10652 22122 
4 1746 3285 8457 18760 21399 
2270 3201 9454 10786 11553 
374 1447 2579 5586 6212 7831 11056 
4921 5167 6153 11960 16749 
711 1215 1216 2589 4558 
68 190 1971 1990 2149 24182 
5784 9616 9882 14366 20701 21218 21342 
1128 1309 1776 5662 8537 18882 21391 
10084 11624 14941 18175 21218 21243 21247 21342 21528 21574 
5548 7004 10365 18588 21248 
1276 3081 4737 14997 18916 20499 
2313 4956 6779 9189 18881 
367 8682 9294 21280 21316 
612 4176 7535 17092 
1242 1243 10185 16019 19382 20905 21286 
1219 4006 7083 10693 15194 20912 22324 
427 503 504 22163 
2395 3509 19278 20065 21180 
9752 12316 21304 21420 21731 
1491 2753 7954 8456 9954 
1458 3779 3932 9176 11254 19063 
432 442 1670 1824 21231 
2859 8876 18582 21317 21831 22975 24280 
2937 4411 13358 21254 
2122 5263 6103 8893 12368 
1489 2737 5126 7004 9941 14370 
1421 12734 19171 21342 22354 24004 
211 678 3955 14018 19578 20020 
18811 21374 22180 22649 
4890 15950 17964 19531 19889 20269 21376 
529 1814 5880 10476 10987 11331 20392 20750 21398 22222 
695 14346 20649 20865 21221 
1256 1463 3063 7579 15452 
6101 6606 12150 18882 20883 
3631 4163 7122 10791 22478 
96 1632 4244 6989 20408 
233 2749 3635 4811 10713 22409 22880 
172 1703 3537 6178 8304 16656 
5642 7693 18396 21317 21831 23845 24020 24127 
1056 1698 2623 5374 6113 
642 731 2705 3472 5226 5349 
279 615 5062 5318 5341 5517 5880 18837 
552 865 4930 5517 6170 6589 11680 19733 21398 22222 22619 22652 22656 22751 
171 172 1516 4624 5789 7754 14008 14809 16083 21657 
1274 1275 2325 4883 5661 
6438 9088 10783 18242 19972 
49 296 297 906 6289 
5333 5890 8435 15187 22198 
529 5658 5986 6739 7087 9332 11535 21398 
437 733 4165 5180 6259 13787 
6660 6820 6976 20866 21671 
4603 6874 8480 17833 21522 
7284 11864 14970 21695 
1889 2961 3627 4868 10175 
42 6211 7768 13527 18581 19044 21738 
20893 21750 22214 23774 
1309 3851 10721 21745 21853 
936 1928 7095 7111 9915 
1 317 21297 21891 23554 23650 24056 
15511 19686 19768 21770 
3969 7734 10127 20494 
847 5443 10412 19220 23938 
467 468 5166 21776 
2001 3435 3916 5948 5949 9376 
9452 10551 11585 14142 21823 
151 152 5438 14388 16513 
43 2919 3841 3842 14365 
6251 7989 12040 19310 21806 
101 2670 5062 14753 22165 
785 4154 5463 5479 10065 
1206 1207 3732 10050 18384 
59 1012 5318 5341 7087 13968 22549 
9507 9723 9859 10713 13521 18872 20222 
296 963 3949 4290 6323 
9178 9431 12881 14111 20121 
6 474 969 2001 2791 
16942 18848 21884 22308 
1705 7158 10127 19784 20768 
872 1254 2246 4304 4412 6355 6547 17044 18727 22001 
3419 4051 5008 5237 17336 22002 23007 
132 1190 4364 6157 14758 16798 
1156 7041 10134 22209 
901 2322 9281 9282 20281 
10619 15896 15897 20365 
1128 1817 2924 3301 12210 14859 
224 225 756 963 4290 
866 867 3817 8600 22096 23763 
3840 3851 11203 12743 21745 
3139 8807 16527 18471 21807 
2475 5146 5459 6153 22125 22126 
2657 3001 3515 7022 9139 12635 
218 2626 2796 3778 3938 4006 4277 4536 5493 22153 22324 
399 400 644 1652 7637 11022 
638 639 2491 6917 8709 9948 14785 
379 3502 4219 9549 
432 1856 5646 6556 16832 
841 8517 11205 13762 21952 
132 2214 3597 16798 21953 
3491 4006 7083 20912 22324 22426 
1947 2304 5522 10670 15476 
219 1745 3845 3965 22324 
219 4006 5493 7329 11331 16049 20532 22324 
4965 5492 7285 10155 11382 12293 12978 14111 
7031 7278 13465 14188 14480 22238 
4112 8094 12475 13374 17113 
2308 2309 3205 7083 10471 22324 
311 2896 3450 9239 21876 
14629 21705 21706 21811 
865 1923 9332 11309 22165 
2997 6187 10893 14859 22002 
1978 5504 9318 12824 16463 
120 1624 1625 3649 5391 23406 
1075 13250 13417 14321 22506 23978 
10254 15853 22506 23300 23754 23978 
700 1654 1832 6455 12780 
139 2235 6877 7425 9952 10145 12036 22970 
3218 3219 6025 10145 12235 
176 393 1979 3250 3347 14660 
537 4445 5153 8514 9864 15830 22921 23650 
1997 2092 2445 10538 
384 3043 8439 14418 22164 
793 4847 5491 7396 10565 
1568 2187 3876 6849 7341 9097 13035 20352 22158 
2773 3165 3982 4466 15465 
85 591 1730 3614 8392 8673 12978 
2164 2794 17923 22693 
3580 7565 15199 15667 15688 
851 10332 12242 13491 15232 
9442 18868 19597 22775 
425 3834 5058 9137 17779 21817 
210 1561 5196 9865 10270 
1903 6226 6313 7303 9141 20946 
2546 7522 11379 15729 22866 
6845 8025 11615 13561 22378 
3186 6771 20259 22885 
87 2445 2446 5007 9051 
128 2446 5006 11100 19774 
447 4260 6344 6779 7616 10069 12861 20282 23835 24050 
2916 6278 7010 11941 
1063 22639 22916 22917 
285 409 1301 1952 2004 22838 
603 1522 5062 5585 6344 18837 
948 1338 3260 11993 12823 
742 1780 2841 2934 6001 16359 
4 5 828 6458 10063 
4 11 12 1072 7340 18398 
2567 8628 8903 9729 11159 22776 
5377 8799 10908 23018 
2652 5958 6427 17276 
987 2533 2652 2821 7887 17078 
6713 8501 10099 10639 21955 
2652 4595 4648 6015 11664 17078 
2770 6321 6702 6960 7085 
3397 4098 6225 9102 9399 22901 
343 7240 11427 21207 21504 
15559 15560 15561 22270 
114 8921 10817 10823 16742 17592 22706 
1041 2838 3689 6428 
986 5453 5820 8567 21117 
2338 4579 7459 15010 23364 
2821 6015 6639 7887 11664 24292 
2162 6896 8503 9685 12696 24299 
2502 2905 6344 9254 13849 16267 
425 703 6413 9178 9490 16856 
108 3086 14095 14244 19566 23165 23676 
1905 2584 6162 18740 23247 
3017 4781 4782 19012 
1022 3764 4922 10716 20005 21377 
2512 2916 14592 22183 23003 
1876 1877 3604 13495 17682 
1465 2750 5054 8058 15418 15827 17637 23835 
5007 5039 13848 14400 
1900 7089 14828 22110 22153 
536 1587 1764 10065 12674 21623 24099 
1326 1715 8813 10566 
4052 7206 9224 13688 23446 
4488 4775 5116 10548 23406 
16447 22047 23470 23502 
841 3396 8748 11205 15296 
3097 5664 7457 11579 15427 
421 10681 17764 18607 23648 
5156 5248 21249 23381 
972 3686 3865 7412 12510 14305 20006 
1856 4688 5646 18881 23463 
3023 5412 9139 12444 
19155 19156 19955 23580 
23170 23541 23589 23590 24021 
537 2436 4644 6159 9563 20196 
3982 5005 5265 8011 22007 
457 3852 7694 8305 20522 
14 2299 2947 3130 8199 
10661 17280 19048 20585 23623 
1111 8480 10983 14451 21970 
8683 9108 23121 23649 
3405 3745 14635 22966 
129 4892 6551 11307 13328 
2002 3865 7461 8312 12865 
2593 4177 4893 6452 9926 
4115 9377 10894 11507 20499 
1192 4732 6460 16775 22783 
1527 2334 2338 2471 8546 
4810 7135 13839 18024 19048 
1309 1920 3349 18984 20213 
478 5841 8283 13687 14147 
2057 4844 7844 10735 24300 
5519 5520 8341 13323 23447 
2162 2953 7748 21950 22022 
3303 10826 19365 19747 22918 23620 
287 601 10372 19048 20510 20986 
4215 12489 15412 17123 22620 
16973 20981 23782 24021 
1828 8204 9714 10337 15875 19653 
110 374 560 2017 3364 19116 
3647 5640 7065 9332 9674 23835 
960 2279 2883 7287 23923 
1414 7549 9694 11671 
387 4115 7745 9377 19235 
44 941 11848 14589 
1893 2614 2816 6599 15218 
34 848 5960 7268 17104 18918 
5110 8049 8503 11504 24010 
970 2235 4941 5687 16147 
3948 4013 15042 23593 23954 
428 1832 12780 15690 16235 
657 1716 1829 13176 18138 
4853 6905 8018 10933 12308 
529 3083 3876 5547 13078 
1005 1529 7745 16478 
6867 7332 9452 14142 21456 
3268 8298 20591 
10053 11154 19954 
7342 19644 20158 
3653 5072 6006 
14656 14680 16171 
16597 19911 22764 
10360 18480 19329 
539 1199 3928 
991 992 7708 
2176 15809 19977 
597 694 15577 
407 996 5531 
2324 4261 22026 
63 2346 2595 
15031 18726 19987 
273 3188 23351 
649 6160 19772 
5906 6206 7013 
6040 6235 8857 
2550 2553 16671 
8537 9344 16087 
520 521 12730 
13846 18120 20494 
1468 1500 11559 
833 834 6709 
4065 5443 14798 
5437 5915 8084 
1201 3815 22296 
15149 15702 16263 
17125 19570 22847 
760 1983 8935 
1112 2444 7194 
4313 5400 22153 
6911 18685 20071 
544 7367 8307 
8276 11451 19095 
10109 14071 20087 
7219 11936 20094 
927 1252 2880 
1102 2114 2890 
1464 2718 6816 
206 6717 17118 
2270 3032 20106 
1617 1618 17283 
1913 16595 18458 
8719 19671 20344 
624 2494 3540 
154 245 7867 
14662 20148 20149 
5237 8344 9903 
11280 16905 23299 
3478 3479 8776 
145 8191 17695 
438 5281 14218 
1162 18893 21947 
6572 9324 10181 
1504 2287 18350 
5860 12070 19433 
1845 1846 2923 
5424 7581 10166 
8264 19493 20204 
2263 2264 17811 
12562 20212 22717 
7507 14490 20215 
2996 6217 8664 
13725 18274 18275 
2128 2300 4472 
2362 2363 20412 
430 1105 8018 
1633 2875 17426 
5636 14412 20111 
3626 13926 19621 
20244 20245 20248 
4798 10292 15951 
3385 5041 17040 
25 1242 1712 
5947 7623 19623 
8212 13419 14842 
95 649 2006 
12437 12599 12948 
12533 13214 21735 
4690 8487 20296 
1519 1754 20305 
501 3202 19998 
3500 3501 18499 
1561 5717 17184 
817 2506 12312 
7730 10338 10339 
3688 7177 9902 
229 16368 16439 
9546 17766 17939 
4930 6746 13372 
6149 6961 11833 
8404 12881 16870 
186 187 4499 
5344 11024 23446 
3788 6659 20728 
2368 12552 20342 
3026 10888 17763 
3680 8826 23506 
1022 12320 18995 
3669 7253 8630 
5274 5275 10751 
19857 19858 19862 
2869 16196 20438 
6261 14487 14530 
1186 4243 7007 
43 2412 4996 
1441 11450 20457 
21 1811 5289 
477 8287 17539 
488 489 9098 
17171 20202 20491 
143 844 8434 
4560 14658 20522 
5837 11596 19329 
846 15289 22970 
3709 8964 23844 
15690 19122 19451 
12134 12391 20269 
7780 11445 19371 
5182 5183 23650 
1229 7789 10143 
3085 17023 20581 
1212 1317 3723 
9166 9396 10345 
6162 17077 20582 
586 4167 7407 
7602 17144 23192 
253 397 398 
729 2967 20618 
764 2296 8262 
3650 20556 20640 
4777 8135 8837 
8432 8668 22418 
8174 9942 17332 
2213 4658 5249 
7540 7541 20680 
7420 11663 20681 
2199 13391 20689 
1459 1460 20693 
2406 20197 20698 
848 3740 3786 
803 815 10167 
29 2948 4450 
4009 4080 20073 
2757 15512 15767 
2223 2249 2359 
2714 18597 21510 
2910 2911 19278 
6591 12263 15906 
16884 19642 20749 
2580 4165 20682 
15354 20760 21144 
16551 16775 20783 
4269 13873 20789 
6337 14266 23165 
8594 13767 19861 
14393 20834 20841 
1244 6322 9181 
1307 13102 22548 
512 3336 5184 
1467 5544 21839 
2183 2915 3624 
12522 17839 20882 
714 4227 5945 
2899 7209 20895 
7983 9809 20922 
2924 18660 20890 
2728 8953 13257 
31 382 10390 
14362 20759 24214 
4871 5829 19005 
992 2166 4189 
18940 19349 21884 
8139 13503 14566 
1563 11899 13690 
7707 7708 13533 
286 1791 9331 
6359 9417 15065 
2265 2871 8771 
2136 4415 23192 
620 631 2509 
9991 15741 15747 
3453 17082 20997 
10463 20960 21979 
3160 20595 21024 
10688 11305 15232 
10418 17659 21025 
12674 16659 19994 
6838 7226 8071 
3963 6597 20998 
949 1109 5980 
200 15145 18558 
2338 2952 3115 
17896 21059 21060 
455 5195 10377 
440 1157 1351 
1169 1170 5622 
6755 13635 14035 
16663 21116 23626 
424 19111 19939 
8438 10577 12879 
10673 19017 21133 
6100 7262 10583 
2373 6099 22392 
3620 9918 21148 
8691 14895 21156 
5047 13388 21953 
3876 8746 20817 
207 1532 1952 
516 4838 6921 
1889 6858 7517 
5249 12490 21154 
223 226 8851 
1189 4389 8805 
565 4811 5524 
5609 19329 20948 
21262 21263 22194 
3135 4954 16311 
4073 9383 22324 
7839 12394 21275 
144 2653 6579 
1053 2816 10522 
9913 12854 19048 
7715 13302 16196 
3409 6664 19006 
8369 8370 12556 
324 2913 3817 
12674 14029 20641 
10106 11923 15395 
2917 2918 3653 
105 1408 14235 
13614 19627 21427 
12801 20997 21104 
18088 18209 20425 
2367 7797 12204 
4329 4405 4406 
10305 17720 17721 
537 8168 21481 
19913 19914 21489 
17927 21265 21512 
2290 2291 23519 
7468 21508 21530 
8620 8621 21537 
650 1343 8481 
631 3962 20108 
173 10533 21571 
2895 4210 21593 
741 11807 14484 
5767 6066 9398 
16639 19191 23124 
3806 15203 24016 
2604 5423 21333 
3193 6236 7199 
954 8024 11252 
1196 4005 4937 
3695 6093 22488 
19044 21662 21663 
7931 12156 21427 
3131 7320 15849 
1252 3933 21700 
1127 4763 8990 
6040 6795 7212 
11658 20946 21423 
4539 7610 7611 
16809 17318 23975 
14243 20985 21802 
1535 2982 22552 
5533 11761 21747 
6451 13447 19048 
2006 9004 14472 
672 1380 4694 
4043 9909 24266 
2603 11055 13989 
6399 15362 21761 
3750 11374 16044 
6391 9102 21778 
1836 1969 17044 
3504 6054 15725 
5578 9462 21800 
9658 20541 21409 
5565 12547 16266 
500 501 6680 
2205 2785 16798 
15 1816 4146 
8672 12194 18418 
9426 17513 21855 
4617 6380 11277 
5136 5381 5514 
4432 5372 23900 
1191 1666 10286 
5352 16492 22484 
8 12635 14796 
8081 8495 21799 
6315 6808 10371 
7024 12541 21024 
4120 6685 18786 
2088 10332 11316 
2426 2427 3748 
2144 4665 17415 
3232 20619 20620 
6969 9694 21989 
11685 22003 22875 
682 2202 2300 
3887 13933 21972 
3609 3610 10479 
1866 2082 21538 
2976 17151 17500 
1709 9446 20904 
1039 6822 12674 
743 21776 21997 
1995 3833 23923 
8237 12923 17830 
5187 19584 22083 
6929 10065 13331 
185 3887 10322 
1800 12687 21718 
1145 4104 14575 
1144 8815 15561 
22106 22128 22410 
21933 22130 22131 
1958 14547 21172 
2868 2869 3187 
12794 13696 18446 
443 2346 8584 
3282 17015 21500 
8187 20281 22147 
5153 14381 18577 
3355 15902 20728 
13515 13917 20033 
741 8632 21434 
3704 8783 22706 
275 10239 22010 
1672 7008 13482 
1685 5144 22218 
2244 20551 22223 
973 1042 6900 
7244 18036 19769 
395 2317 2394 
7035 11927 18987 
3106 4058 15362 
9750 20269 22315 
22334 22335 22717 
7727 22346 22361 
3037 3304 18964 
10457 22383 22391 
8441 22403 23886 
1475 1476 2853 
4296 5615 22416 
976 2317 3824 
6203 10016 22440 
5255 10646 22342 
2001 8582 18897 
3955 4849 15450 
3627 4099 11630 
9617 9791 19510 
3949 5599 5893 
20 2518 6550 
9821 20286 22676 
655 2380 13783 
5336 15526 17932 
1077 6173 13928 
154 4360 15790 
6061 22541 23223 
4642 13907 19861 
860 7092 9595 
206 818 8651 
1377 10061 13374 
9356 12634 15501 
441 9285 14071 
20208 21030 22637 
7827 22663 22901 
16606 18789 22667 
4911 9592 23439 
375 1936 7375 
5021 20551 22679 
22687 22688 22795 
3035 16486 23281 
10708 17813 22116 
781 4964 8876 
6092 22725 23070 
6794 10708 12528 
532 14344 22742 
1259 8061 8375 
1867 22734 22745 
2816 11801 22455 
1286 2741 22677 
3684 3762 3865 
10553 10976 22780 
2674 11138 18526 
9096 19294 22758 
17612 20173 21054 
10625 12822 18592 
3761 15720 21103 
294 10147 20759 
713 2306 10992 
22490 22872 23263 
7393 12986 15415 
91 2207 8288 
460 2730 23854 
16780 22951 22952 
2536 6579 11456 
2100 3749 4738 
2409 22982 22983 
868 22986 24237 
1713 4660 6309 
1868 3982 5093 
710 711 16104 
4158 7621 14828 
14095 23013 23014 
3442 15071 23022 
1808 3561 20770 
2745 7430 21218 
280 9829 10217 
8934 17395 22838 
502 5597 8941 
19718 23064 24146 
6936 17926 21745 
848 1445 14800 
12808 17320 17321 
11548 14833 22341 
5244 10562 20313 
1124 2760 5249 
23181 23182 23189 
7606 9199 22852 
13358 17751 22075 
1681 8307 10306 
6643 9985 23121 
3624 3648 9027 
226 2769 4548 
2614 3191 9722 
2830 3276 10076 
7428 8227 11490 
196 6938 13616 
241 4636 5982 
756 2600 7837 
11025 19774 23357 
216 5646 9090 
6861 22424 23366 
1252 3616 13486 
381 1171 4875 
4329 7936 13861 
6503 12874 21956 
803 8528 23283 
9405 22183 23430 
2025 2929 10270 
283 1132 2425 
3108 7542 12983 
782 7225 17682 
1252 10165 18435 
3081 3082 7132 
10222 19380 19665 
5466 9169 18020 
5132 18038 23279 
4687 6620 22741 
795 1638 5487 
1458 10532 23303 
6107 10665 23418 
1359 12736 20317 
2914 10248 21955 
819 4916 23629 
476 5154 11793 
1211 1317 5478 
7953 16249 23653 
12365 14012 20186 
1048 15138 23675 
2451 5573 23445 
1628 2602 18294 
1616 4902 22238 
4268 4269 22138 
10395 17664 22549 
2481 6390 19861 
771 9168 9374 
10861 11006 14563 
1949 8028 15849 
3289 6065 6200 
821 5780 6906 
736 1239 20522 
5131 5839 22484 
6828 22183 22275 
725 21456 21681 
16753 20991 23877 
1831 3693 19998 
150 3753 14679 
15587 23086 23487 
12408 13803 18701 
14724 20834 20851 
9200 19345 23856 
8662 13230 22905 
1099 7940 23333 
7264 23957 24027 
13360 15959 21806 
988 1153 4928 
436 4951 5726 
17445 19650 21807 
3336 9083 23504 
1500 12568 23731 
4803 8082 23007 
10641 14984 20756 
730 19055 20209 
13320 13321 15232 
6371 7347 8049 
153 245 10855 
5622 8936 16243 
18 33 3999 
12622 15520 22198 
4427 17224 21807 
94 12556 17571 
713 13099 19518 
4414 4715 7853 
4291 5783 9952 
5526 9173 19869 
3466 8361 23527 
889 6785 10894 
3198 6758 21434 
4789 5777 20006 
11271 11359 22783 
3899 5720 17748 
5453 5821 18312 
5682 10197 11784 
1878 5745 10641 
4831 10312 11072 
1057 13489 21317 
6042 8235 12267 
8353 15713 23838 
2147 17296 21947 
2994 6704 11886 
740 4062 20770 
19248 20696 24167 
1934 3472 24278 
3505 6019 19578 
12654 21423 24296 
7694 18125 23103 
1415 8560 22741 
