3769 8191 12839 15311 24918 32887 34886 45315 48793 
442 454 551 552 615 626 734 885 1017 1018 1024 1351 1368 1480 1707 1767 1803 1872 1987 2082 2125 2126 2502 2525 2526 4040 4054 4593 4990 5467 5597 6547 6649 7569 7602 8058 8238 13072 13153 13530 15717 16148 16500 16943 19777 20282 20579 22677 25204 25515 25944 27021 27692 27970 28316 28334 29671 29675 29999 31476 31567 32511 32928 34710 35544 36984 37319 37599 37812 37846 38538 38629 39142 39675 39724 39738 39796 40239 41101 41135 41262 41411 41560 41579 41631 41744 41939 44233 44521 44838 46085 46556 46676 46784 47444 47608 47764 
85 111 148 149 201 429 454 539 603 988 1024 1056 1217 1351 1429 1435 1513 1568 1814 1911 1931 1932 2140 2408 2474 2624 2797 2902 3463 3529 3530 3726 3728 3929 4034 4035 4055 4073 4907 4928 5385 5497 5509 5577 5620 5986 6113 6546 6547 6617 6661 6987 7042 7083 7128 7254 7296 7466 7569 7577 7865 7928 8495 8632 8831 8863 9396 9858 10245 10345 10353 10361 10366 10406 10756 10879 10916 11023 11143 11151 11322 11516 12109 13715 13844 14336 14704 14832 15169 15753 16402 16471 16873 18258 18428 19469 20565 21213 22751 23292 23418 23594 25642 25881 26412 27478 27585 27626 27663 28740 28972 29368 29549 29592 29671 30438 30493 30616 30731 30872 31567 31984 32511 32729 33653 33838 33975 34596 34928 35259 35283 35647 35668 35855 36137 36301 37812 37834 38626 39798 39802 40186 40775 40916 41101 41135 41631 41744 41953 41958 42077 42217 42609 42837 42987 43138 43574 43737 43779 44233 44691 45296 45618 46784 46794 47061 47064 47081 47096 47764 47849 47921 48021 48040 48173 48266 48397 48567 
14081 23887 23888 34514 35192 35374 35751 37848 45201 45202 45341 47434 48602 
4012 31190 32709 44905 
11371 20061 20632 36029 44927 45550 45958 46994 
17334 20148 30355 31247 31248 32328 33790 36876 37546 37869 37940 37951 38161 45415 45463 46428 48078 
425 560 669 1155 1547 1631 1889 3064 3067 3153 3166 3288 3471 3482 3834 4214 5537 5630 6078 6308 6421 6715 6794 7163 7546 8743 8757 9137 10604 10708 11324 12238 12438 13593 13796 16837 16889 17779 19309 19618 19956 20537 20580 21575 21817 24210 24358 25702 26250 26882 27376 29131 29662 30749 32973 33472 34095 34154 34831 35597 36104 36761 37857 38440 38742 39179 39362 39440 39732 41256 43390 44051 44294 45010 45163 45501 45539 46074 46611 46797 47262 47671 47749 48397 48748 
4195 5452 5453 5964 19761 33729 
3066 3288 44977 46611 
178 11159 39902 40671 41765 46296 48212 
741 1240 2191 5986 6338 7616 40359 43955 
2026 2202 4287 5779 7775 10428 14385 16977 21298 28640 34142 42449 42534 46962 47557 48144 48203 48276 48443 
1146 2206 10390 16728 38227 
432 446 1316 1945 2118 2432 3184 3762 3763 3805 3809 3865 4300 4373 5350 5777 6600 7060 7243 7261 7370 7412 7461 8312 9014 9667 9823 9824 9842 10708 12777 13111 14305 15648 15717 16357 16979 17577 18212 18531 19618 20006 21103 21184 21756 24897 25135 27028 27043 27047 29325 29614 29662 30289 30823 31828 32511 33387 34095 34412 34710 34849 35231 36611 36984 37949 37952 37958 38290 38378 38407 38903 39433 39454 39455 39766 40309 41209 41262 41568 41636 42159 42606 42674 43390 43600 43609 43671 44260 44620 44639 44737 45302 46074 46455 46890 47272 47314 47453 48232 48670 
1668 2663 5663 8847 13359 15883 19351 23329 29409 39658 40757 42628 43351 43512 45746 45817 
3316 33288 35372 41330 
349 1240 1581 2191 3917 4537 4545 5986 6739 7450 8777 11162 17591 21178 32014 33838 35596 46784 
1240 1429 1581 2067 4378 7341 11761 17682 30233 47096 
8553 13402 30174 30955 31131 38340 41702 47975 
740 741 919 12887 14042 27585 45991 
3642 11973 24317 36098 47861 
9580 10643 10644 22880 39040 42702 47162 
8112 10409 17943 21941 28773 34194 34534 37992 38683 39126 40734 47300 
200 414 1191 2840 4084 4709 6304 7252 7619 11256 20416 25908 27884 28784 30701 37016 37151 39286 39750 45007 45696 46793 47010 47203 
2339 30141 37627 38632 44620 44720 44783 45132 
43705 43706 43738 45255 
1217 8102 10020 31298 42612 44755 
24874 43841 45313 45325 45650 
20280 24601 36754 37828 46063 47772 
23292 34776 37165 41425 43399 44516 45842 
18311 18817 36774 43455 47249 
4378 6891 8571 26542 30328 42612 
4990 7412 7577 10740 33324 44639 
30791 38348 42122 42380 45312 45490 48825 
884 888 10991 20160 42485 
58 59 100 454 615 707 865 1429 1636 1824 2125 2309 2622 2626 3167 3199 3215 3615 3846 3938 4138 4313 4886 4887 5062 5517 5658 5880 5986 6156 6170 6422 6692 7221 7450 7616 7695 8063 8248 8777 8979 9026 9332 9346 9674 9941 10395 10646 11162 11331 11535 11680 12583 13556 13849 13968 14677 14832 15824 16129 16417 18304 18837 19570 19733 20750 20813 20845 20912 20918 21398 22222 22342 22619 22656 24611 26411 28740 29963 30438 30476 30481 30491 30679 31034 31165 31567 31984 32831 33589 34058 34692 35226 35283 35665 35953 36149 37100 37466 37800 38591 38626 38640 38749 38774 39237 40850 41282 41575 42773 43522 43574 44256 45618 45721 45981 47081 47181 47264 47329 47444 47916 48032 48051 48493 48973 
3100 3561 5703 5715 8913 13078 
893 2089 2874 5887 14400 40766 
1240 2191 3733 4545 5497 5986 6395 7130 7131 7136 7569 22677 26279 29549 32797 47408 
14115 19631 20773 29186 30165 35232 36267 37751 43135 43923 43962 44452 45381 45780 46697 46866 46896 47073 47236 47674 48217 48323 48538 49089 
6211 24145 35141 36144 37340 39997 42794 44661 45319 
18905 20109 25001 29829 47080 48093 
45 508 8010 22435 30978 38081 
16508 21692 26275 35372 40209 41330 43818 44852 45236 
13483 13954 16868 31327 40462 45394 
3204 3899 3949 4036 5804 7374 10216 11761 13932 21011 29582 29822 33859 39301 39652 41074 43597 46449 47571 48747 
168 4964 13794 20278 24472 27731 45383 
4066 4386 4387 4399 9237 11192 14493 14494 14798 44782 46963 
153 166 245 1830 7867 42921 
2592 6230 7348 8112 14090 16391 30133 39126 43837 
2231 4504 8963 32199 
20205 40806 42859 42884 43748 44981 
420 421 1185 1871 1884 4306 7096 10638 11008 11641 16497 33769 36950 37235 40168 42980 45115 47721 
19381 32376 36340 44891 
1210 19055 19246 20213 31585 32107 39372 41117 41631 41672 42485 42849 43356 45411 
5452 19761 30715 43457 43533 45209 
559 1043 1465 3998 4640 6461 6900 26629 35347 44837 
6111 8303 8304 48356 
2938 4391 6016 11924 25445 33750 39337 42714 44235 46874 48631 48644 
657 16139 21971 33803 43498 
5754 12879 15299 23300 27530 29738 39107 39161 42703 45155 
2478 10924 26653 28716 32826 35012 40424 43503 44917 44958 47123 47419 
1094 2999 5450 11683 15520 22981 44521 
2297 5542 9938 15846 
9750 10359 11838 16627 20269 25839 26653 30847 36303 36335 36340 37990 38675 41847 43331 44525 44529 45329 45414 45563 46841 47419 47452 47524 
4110 4378 6338 7130 8571 34169 
90 91 321 663 1730 
3974 5146 43665 44400 44917 47452 
285 6936 11213 18406 19712 35393 38914 42254 44548 44699 45700 47061 47578 48319 48927 
3671 33490 34115 43094 
4314 4989 5317 5582 7428 8227 9171 9751 11394 12101 15691 15895 18655 26023 42939 43330 46070 48039 48230 48944 
11440 13074 17296 28193 33324 45089 47779 
1421 10084 14318 14941 17082 18175 25766 30356 37861 44846 44965 46819 
13802 21360 23199 23872 31096 32684 37614 39081 40265 44735 45045 45978 46030 
424 1415 1662 33919 44294 
781 4431 8900 10747 13630 27731 45383 
1501 3076 5466 5501 9580 24552 25817 25822 28176 31145 33791 39040 42702 45796 
3924 12488 15925 24679 35977 42275 45330 
625 3227 4154 5693 7294 8404 14443 28470 45374 47123 47314 
1623 1685 5349 24919 39607 45344 
26546 31389 34635 45401 45448 
1301 6096 17926 24804 39872 47061 
6154 11280 19972 20855 30227 38210 45919 
149 278 465 551 1055 1056 1124 1221 1240 2479 2566 2760 3436 3846 4061 6144 6911 7613 8777 9693 14133 14696 14818 26578 26778 29467 31001 31165 35395 38227 38288 39215 39255 39819 40261 40359 41135 41409 41785 41803 41953 41958 42259 43668 45321 47556 48040 
3817 7566 32972 33349 34170 34482 
410 1557 2031 4175 7485 8403 12675 15373 24938 30691 31614 31629 32098 40835 45521 45644 45876 48444 
857 3787 3788 4037 5965 7237 7643 8767 10985 19761 21088 21182 21472 21497 22838 25952 29373 33480 33729 35591 42310 45425 
10387 34121 43785 44891 44917 46055 47123 
317 4908 5316 5582 5625 8167 8228 12739 15265 15691 16322 16934 22921 23151 26023 28181 29364 34599 37065 39332 39858 39926 40726 41479 47523 48039 48229 48230 48944 
3704 4992 7261 17592 19167 19798 22700 22706 28647 39355 46304 46305 48175 
22 10572 13300 22161 27088 
1300 3978 6660 9617 19152 45387 
1172 6471 7745 8093 44763 
928 3750 6761 7059 10367 10990 14052 21970 45115 47721 
3644 9190 14590 18881 26508 44746 45716 
248 2086 3490 4985 6659 6810 7268 13496 13798 19422 20020 27795 33163 42186 45944 47334 47578 
5470 15636 23720 31477 44637 
1388 1389 15925 17468 19736 35977 39440 45330 
1309 11203 13167 14035 15073 35244 44699 46904 47061 47094 47370 47578 
1017 4304 4412 9492 13155 
71 72 19265 19885 24299 37633 45046 
28685 32504 42599 45448 46016 
7977 10396 17766 37426 38445 39039 41198 45201 46502 46623 
20031 20772 34256 36102 41101 41953 45296 47248 
15999 26135 41953 41958 44854 46827 47556 
1667 12524 14349 15400 16955 20751 33411 39144 40430 41257 42650 45186 45486 47469 
32318 39307 41649 41950 42710 44944 47087 
1394 4689 4777 9083 26745 
18420 29907 45432 46193 47347 
1325 3167 3184 7908 11535 16658 20750 38773 
4355 5853 6812 15980 45330 
37386 40972 45437 45438 45439 
866 26924 27459 33733 34170 
1569 5986 6929 7620 11680 19469 45374 
24014 30356 35739 37472 38305 40674 44139 44848 45522 45861 46325 
5023 16284 23355 24527 26653 29267 29472 30691 30847 33336 37373 39850 44015 44917 45698 48096 
968 969 2001 2235 7334 20094 22970 43484 
10286 10342 23419 41429 
29526 30986 32888 36014 39388 44220 45433 48754 
10468 16769 28331 30342 39720 
16769 16845 21227 30342 30986 38508 39667 40633 43961 45433 
1413 7131 12767 17181 29549 37834 44720 47051 
29074 35771 36117 36785 37811 41366 41895 45095 47158 
453 8129 10769 19469 39685 40239 43019 
5651 8612 11535 11944 12674 16658 28077 29492 44302 47314 47505 
758 4688 12462 15602 24997 26508 
1983 20331 27806 29794 34414 37848 39835 45341 46007 47434 48602 
6387 35205 44437 45118 47800 
2475 2476 2761 6601 6928 8320 47627 
13 2647 11967 15387 40168 
851 10332 12242 12313 
407 952 2651 2747 3202 4198 6036 31046 34299 42872 42918 45149 
9243 20214 26870 33363 45262 
6183 15485 39478 40048 40643 43005 45429 
539 1044 1199 7909 9877 
16693 19889 29267 29695 35074 38149 40094 41951 43437 44917 45362 45458 46055 47524 
1310 3851 6829 8804 21816 23100 29368 31190 34291 35393 39237 46352 46904 47061 
13607 18123 19907 23243 28518 29475 31414 36708 38833 39244 47920 
5019 8349 13352 44506 
1513 2475 2741 4515 10304 10601 11630 16308 16658 18242 29492 31283 33115 33836 40555 42717 44521 45991 46407 46690 
1424 1581 5986 8129 9332 17124 19570 29549 34596 38288 40442 41414 
1454 2223 2249 16151 28076 30154 48279 
3144 7772 24288 30390 
26113 28685 29074 29227 38582 40514 43005 45401 46232 47288 
11680 21759 22652 34256 45296 
1612 5920 14326 19683 34134 43508 45046 
1491 4980 7954 9954 
3729 7554 8941 11952 13216 16837 17298 21756 26680 29889 41345 44260 44639 
1659 2837 5745 11817 11833 19770 32199 32834 
6339 6703 15829 26907 41130 
20232 20269 22669 27807 34350 38149 42208 45414 45458 46841 
591 741 1120 12125 21154 38380 43955 47137 
1484 5546 10836 32763 
17397 32656 37527 45064 
447 7042 7450 9681 16658 20288 31567 45991 
4449 4935 6917 24911 31427 47789 
706 2294 2761 31347 33902 34855 35393 43955 
95 539 2475 2681 3571 4993 5146 5651 8320 10601 10918 11029 12674 17311 31298 46841 47314 
2033 16674 38263 43489 45072 46791 
1128 1816 2966 7581 12202 14864 
13713 39222 39480 41558 47870 
28890 31306 31586 40515 41029 43224 43860 43916 44004 45478 
943 10959 24791 33847 37961 42379 
3923 5724 12654 12823 23255 24296 26626 29083 33957 41286 42727 46199 
149 299 349 811 918 1055 1240 1522 1698 1818 2624 3198 3522 7418 10756 18704 19469 21434 27585 29671 31567 40261 41953 45618 47556 48173 
19531 27944 34206 42135 44728 
869 2922 8113 25343 26582 45411 
204 4152 4199 9007 12811 41208 45374 
1185 1583 1875 11761 12527 19761 
452 1444 7577 9391 20826 43690 
6282 6380 16582 22427 
7131 8129 21416 43603 43941 
4359 5720 12349 20759 28685 41119 
2208 2339 2931 3956 5186 5647 7554 8941 9823 12240 18952 22303 29889 33324 34583 37685 40567 43669 44720 44783 45132 46743 
2373 3404 8892 9141 10392 13910 18767 21423 24296 38679 42727 43412 
3899 25395 30025 33660 45389 45444 45755 47392 
13435 28932 30541 35405 36239 41244 43768 45490 
678 2074 5767 8908 17569 45149 
20233 33463 36321 39481 41928 
9465 13706 30444 41787 42109 45521 
591 4093 4907 7315 8237 8301 9097 13078 19469 26508 29492 29662 33525 43955 45618 47137 
1060 13207 19975 38583 
1518 12365 14012 36557 41183 
614 7483 9646 10207 14924 18691 27596 34717 44013 
1185 1492 5399 12527 25675 36977 
11971 36049 36879 37275 43295 45131 45389 46449 
11441 15389 28228 33414 34098 37448 37797 38721 45155 
1829 3822 8326 11680 18277 19653 20964 35308 38591 40871 42610 42615 42987 43399 43611 45842 46685 47783 
14314 20232 24895 27807 29544 29695 30847 30861 32435 32828 34121 36335 36817 39850 41847 42118 44715 45362 46055 46841 47123 47419 
580 8009 28697 42186 45460 47055 
10149 18490 30685 41411 45125 
1472 9188 14509 19246 19869 20222 22922 28176 33791 38257 38938 39040 45796 
4751 6261 6643 10491 10970 40345 
2999 6093 10649 11879 12749 
20556 20791 22820 35558 36961 43578 46045 
148 149 3733 4137 4907 7136 28035 32236 
1061 6902 7341 18704 30233 32236 33653 47096 
7738 7910 22223 31126 37872 39406 42692 45499 47257 47605 
5320 11806 27885 31414 41244 
2712 3046 5954 8941 12485 29889 41345 49105 
4509 36489 40033 45462 
2253 2595 5273 5564 5947 7829 10204 10328 12005 13392 13818 20021 23680 
530 576 2219 13568 40633 43617 46127 47123 
1313 2146 4288 14023 14052 34142 
33301 40650 45500 46132 46155 46519 
1046 1513 8910 14847 22266 27612 
439 603 1329 2232 3169 3728 4061 5880 6849 8207 9396 13078 13800 27970 31567 32470 42987 48175 
997 6702 7085 7086 35854 
8395 14926 20528 21976 25844 28716 29695 36336 42704 44917 47452 48096 
266 27255 36336 45414 47419 
11856 15087 20269 20426 23355 37990 42118 43785 45329 45414 46055 47452 
2747 5794 6578 8826 30435 36557 45506 46166 
2345 15416 28228 32584 36176 38456 42379 45155 45859 
287 11153 14639 32611 38267 41980 
980 4483 10734 19653 32994 35487 39161 
4949 6142 15478 25298 33902 41384 42501 43824 46797 
2770 6321 6702 7196 8062 29836 45425 
3354 9373 10963 12999 16723 
991 992 1502 1873 3122 
19081 33041 40420 44641 45513 46171 
16516 36231 39557 41345 
11268 25416 26045 44781 46845 
17680 18614 35970 38116 41847 48117 
4510 9518 19368 26006 26359 
3839 3851 10496 10721 11203 12743 21853 29780 31190 32709 40452 43675 44548 44699 46352 46904 47094 
10496 13167 27187 27552 31121 34593 46352 47061 48319 
948 1338 3260 8635 9773 35167 
592 2049 2525 4099 19906 44521 
349 1274 4545 4704 6902 
4723 12852 13362 33713 45423 
4066 8506 11609 14494 
3584 22435 23598 31763 34673 35505 36829 45612 
2821 4648 13495 41777 44763 
905 3668 12793 19032 21674 
3453 9616 17081 17110 30356 31410 45522 46325 
4396 4992 22338 41945 48175 
1853 11154 22852 27903 45492 46395 
420 909 1313 3749 3750 4917 9377 9961 10193 10990 16656 16862 45526 
33134 33701 45333 45562 46174 
1357 1358 19782 44917 44960 45373 
257 3585 5564 7623 7651 10328 18769 23680 25048 39119 47513 
9070 12644 20699 29619 36252 46841 
1852 21007 21227 29556 45492 46395 
5269 5270 16401 18967 23144 31338 36909 40576 43021 45287 
1402 3331 5553 10270 26125 27942 42918 45539 45574 
2015 3408 14420 16357 26564 37002 39170 43617 
5153 9906 14434 22601 42918 45144 
23495 24719 31414 41686 44019 44453 47368 
2723 23334 28952 30515 31584 37052 41917 44906 45047 47087 
872 4567 5480 30463 46784 
4950 10201 12324 16338 19770 32199 42918 
1643 2484 6465 9628 23207 
986 2438 4226 4671 7141 7686 8567 48679 
7038 22783 30486 40801 45945 46104 46167 47421 
18289 31149 40033 45462 
14485 25820 27767 34303 45150 
368 2882 6392 15041 24381 45149 
3134 6964 14552 31252 46916 
2154 7961 28812 30070 46135 
79 6786 10258 25560 29889 41345 43774 46798 
1907 3613 20900 44309 45468 
96 1632 1667 1668 2663 3126 3216 4244 6989 9228 13658 16963 20751 34335 44074 45746 45817 
1870 2920 4772 10628 10638 11374 19393 20328 45115 47721 
8773 24299 26128 29363 34913 38471 39170 47004 
471 8842 24249 33683 41042 
279 3167 4397 4537 8777 10647 11376 15827 20955 21178 27178 28041 30476 49148 
272 12229 31205 40840 45131 45389 46885 
213 13430 19469 29368 33525 41633 47557 
1154 2305 14883 17468 26483 32230 45574 47686 
1238 1549 3749 4834 35402 37235 
1421 21104 25180 31417 45522 47872 
5627 14673 21540 24300 26510 45511 47055 
2506 2655 6713 11497 47092 
24616 35906 37715 39456 40552 44761 45560 46956 46957 47358 
762 13441 22181 31585 35753 44184 
285 395 1496 2279 2305 2394 
247 1405 2882 4206 5553 5736 8160 9364 17657 26483 42918 45574 47686 
12343 17235 33238 41036 45545 46127 
2025 3160 5038 5736 7322 10270 13328 25080 41491 45574 47686 
184 4305 4952 8362 19106 
627 1706 5642 8754 
1075 8002 26512 28228 37448 39161 
948 3195 4502 21420 43530 46033 47843 
821 2611 4687 5996 9667 10340 
11141 27171 33735 42711 44230 
1063 3388 7185 8903 11159 12536 12806 25156 27957 40880 40939 43733 45551 45552 46296 47887 48212 
14833 14996 17228 22341 45204 
2420 3196 6529 11930 26857 
149 3415 3840 6145 11203 11213 19469 19570 21745 22070 24804 24975 38373 39237 41530 43675 44699 46352 46904 47061 
32587 37074 41357 45591 
1648 3414 6865 7217 19389 39937 47408 
6504 15359 22214 23774 45551 
1402 3749 7940 9887 10211 10274 10638 12587 30918 40168 45990 
29415 36785 38848 43147 47669 
264 265 6523 10745 45595 48669 
8003 15416 21067 21509 22919 23871 27530 33344 34902 41982 42379 45113 45155 
2162 2391 4671 9004 43487 46127 46952 48679 
4023 8758 9004 43936 48536 
585 20067 25482 39057 45091 
5792 20794 29400 44398 44861 46113 
33 35 710 711 1445 1884 2650 3733 3749 4133 4306 12587 45990 
266 746 5483 5884 27255 37990 
13718 44782 45064 45670 
464 741 4242 4812 10414 31583 
1176 2040 2125 3414 3421 3571 7569 14599 14832 25969 32698 47137 
19779 37985 44989 47713 47765 47840 
4665 6436 7344 7557 9956 
4701 7642 8283 12132 14570 31880 32834 45499 47257 
3650 10620 20640 21650 29966 46045 
6269 16949 34090 36048 37273 45342 48312 
2100 3749 6947 10990 12587 18512 
21102 44742 45609 46581 
952 5273 5564 6582 16161 16869 18769 23680 34291 37300 48598 
3407 7978 9874 26510 38445 46502 46517 46623 
1326 7158 8378 16258 22517 27700 
455 1098 2065 4061 4242 10377 
15401 15443 43272 44238 45066 
330 2801 6061 11160 15517 21525 22638 22776 45551 45552 46296 47887 
3296 8218 9750 15976 21738 24299 24675 26653 38547 41847 44015 44715 47123 47452 
37155 38980 43317 43568 44268 45622 46493 48382 
94 1023 1715 38878 46127 47146 
17694 38464 42799 45515 
285 1496 2279 2883 4054 22838 
942 2201 2431 5828 39027 42379 
104 692 2267 2810 6204 8160 14343 33724 
2246 4789 11685 41109 43603 47367 
2303 4066 7804 22538 28344 45754 
2214 5484 6582 10204 10837 29368 48598 
21653 35446 42566 43837 
12823 13936 18767 21423 23959 24296 41286 43938 45809 
108 983 986 11507 14455 31861 45383 
494 1439 19469 31476 38618 41744 43955 47608 
2333 2645 11855 19241 24472 26011 33729 35391 45425 
1421 2391 5693 6184 32728 46127 47123 47772 
6877 8255 11491 16457 
2478 5693 6929 23161 40424 45048 45374 48127 
24728 26366 36081 41395 46150 47623 
3322 36252 44715 44742 46841 
25060 31278 41981 42057 45572 46301 47456 47458 
237 238 3078 4941 26677 
1598 7294 8206 25423 26765 29492 36808 45451 
5720 10216 14220 33299 36049 43597 48025 
528 766 5141 5716 9667 31567 
13706 14248 33174 38167 44761 45521 48480 
16780 16781 22951 40476 
3354 3505 4905 6036 27942 28034 42186 45144 
2063 4276 6151 13861 18297 43458 44876 
4345 4703 9232 10942 12152 
1660 3490 6215 7649 27795 45149 
114 3704 5315 35025 41333 48175 48980 
44 6973 7357 11016 13729 25680 30978 34008 35420 38857 44057 48627 49041 
731 2663 6989 9228 11609 13109 14494 20408 45746 
22664 34956 39001 41149 43171 44588 
4200 5177 12265 20839 24991 26508 36974 45616 
405 725 786 3245 4913 5395 9382 15906 19593 21803 25048 39107 
17766 17938 17939 18596 19087 
28739 29382 34983 43470 45673 47147 
16 9467 9654 16235 18987 19122 30008 45315 
22371 36614 43394 43395 46583 
4066 15937 21075 35237 35238 38072 45683 46963 47484 
17610 22563 29323 46094 46456 
1941 3139 5341 5492 6233 17124 20750 24611 
1309 3839 11213 21745 29716 32709 36681 43675 46904 47094 47370 47578 48927 
180 649 1048 6290 26220 43936 
19821 20034 41737 45693 45896 
9983 16462 25548 33392 
3296 10924 20292 32826 35074 43487 45458 
6392 35504 39070 41709 
4732 11359 35736 48777 
873 4109 4831 21757 22512 47241 47779 
2251 2777 10138 28176 39040 44837 
4905 7013 19712 32886 37666 39237 42676 44905 46352 
1250 8215 18720 23741 23786 43356 44357 45411 
6695 13953 44083 45710 
12878 18137 22033 42987 43399 44305 44516 
5169 16775 18859 26689 37239 
1624 2321 2816 6275 6628 11801 43530 
8035 18769 31915 33636 34291 34599 
320 597 5356 6153 9070 46841 
1421 28476 28854 30356 31227 31398 45861 
2819 6043 9352 41800 
3898 20109 33298 48093 
283 2279 4054 7287 17207 39166 
213 3139 3571 11363 34546 42913 47329 
1700 7705 8191 15690 23197 27389 45315 48793 
348 848 2517 2650 9323 12587 14800 17822 45768 46209 
607 2154 2155 5437 12879 41172 
149 919 1480 1698 1876 4545 6338 6342 7466 8129 10414 10596 10665 16628 32797 45991 
5860 19112 24314 37233 45009 
621 1458 6689 45486 47521 
558 3441 15827 27563 32928 44737 
283 417 1208 2199 7368 13391 
1750 9121 16653 40766 45727 
971 1465 12871 15418 24631 34937 36520 44639 
148 2125 3601 4137 46784 
1149 1150 2294 2447 2463 2592 3296 21102 36252 44742 46020 
1212 3779 15244 15322 15396 
11059 18933 34280 45268 
3770 4720 25394 34192 37142 44294 45759 
384 715 3601 4031 7098 21733 25561 45991 47137 
1027 1140 4545 6902 28972 32797 
1911 2737 6692 6739 7087 8777 9332 9383 12098 20750 24611 46051 47916 
314 9759 16829 19904 45308 
148 4949 5728 9916 32511 35183 43390 46676 
1184 1377 2884 3538 6016 10585 14840 17884 18169 24484 26720 40098 42714 44235 46842 48631 
4919 11730 19861 41054 43968 46434 
9991 19080 19682 32905 35520 40733 40806 42562 44981 
32031 37096 45676 45787 
1913 33957 40818 44334 46658 
10236 23116 23117 23433 43469 45535 47206 
117 1353 19034 23802 48811 
307 8134 8750 17473 22500 27407 28854 29363 29857 31364 34899 39325 43843 44965 45793 45800 45855 46544 46932 47466 
515 20131 21754 30934 45783 46533 
177 26325 41820 44076 45703 45889 
23637 23961 45688 45689 47947 
343 10874 12916 39011 48536 48635 
6024 10224 13804 17410 17411 
1140 1274 2184 2536 5455 19389 
857 1172 1173 4717 7298 10985 11761 21088 33487 39218 45425 
1211 1212 1317 2986 3723 3932 11254 13427 15704 45786 
27123 35489 38481 40205 41100 41481 43642 44239 46259 47423 48059 
157 377 4061 9399 13158 29870 43955 
418 1011 6488 8639 10722 30473 
13359 16933 20751 41453 45746 48749 
8898 15666 27704 45143 46167 48221 48292 48498 48557 
5571 5572 14387 15074 24907 26958 27065 34468 37262 45948 46502 46688 46696 47216 47261 
9173 23881 24046 31347 40405 
6211 7989 12676 19254 47452 48092 
23314 30824 33119 45332 45935 45964 
449 5379 10396 30970 45201 
9079 20216 26510 28300 32091 45200 45800 
1161 4251 13640 19761 35391 35591 45425 
999 1923 4823 11046 16302 20750 41027 
3220 4878 21007 21227 21237 38988 42031 42093 45447 48081 
5484 7539 17308 37390 
3026 4920 12227 13014 45990 46712 
731 1685 2705 3472 5143 47811 
41416 41706 46131 47082 47596 48843 
3826 4308 8332 18767 20946 46199 
285 2304 2305 4014 7581 14883 
2983 3769 6455 12839 44667 
1984 2260 2261 10385 45841 
18151 26433 27980 36125 45196 47707 
13570 16789 31874 45236 45846 
3042 28261 32426 39916 44006 
8252 8253 10789 32737 37120 41861 
406 2859 30320 42598 47210 
791 8437 13672 14900 43353 
2418 4391 9318 11537 13418 15079 40840 46283 
823 3177 4206 5767 5890 7940 10274 23333 42918 47334 
7148 7569 14599 19469 29492 31836 32698 34055 37599 40277 40883 41633 45934 47549 47557 
2132 3873 27468 46352 47061 
2219 5804 7048 7374 9134 46127 46663 47123 
23887 33837 34414 35887 37723 43389 45341 
149 1877 2149 12881 19469 43955 
4831 10863 13922 15752 
100 4054 5693 5694 7295 8206 10601 32760 41101 43955 44302 46845 
29230 37496 45018 45621 
7885 12882 21341 28111 28228 37797 45155 
1263 11870 31599 41182 45873 
39235 45831 45832 45875 
27011 28764 45879 48615 
17696 22945 23872 34424 39081 40989 
26034 26148 29296 31068 40369 
2368 2586 20342 39722 43618 
18967 24134 31894 38423 39776 41646 43021 
17473 35269 36714 37351 37765 42096 46157 46429 48274 48318 
1421 4647 5070 6660 18415 25754 39988 45815 
3831 16431 39677 43021 48769 
870 4909 17714 27251 36829 40056 42703 
8962 15286 29481 29695 40424 44958 
29368 31836 33589 34291 40883 45721 
119 1039 1699 5042 32511 42179 42612 43955 
14398 18912 25646 45422 45864 45907 
2905 4382 10414 10665 18697 23704 
2607 2608 9832 32036 36833 48074 48269 48386 
4905 7013 11084 20551 24975 31190 32886 35375 41412 45615 46352 47061 47365 
6733 12390 16308 18242 
7840 9112 13065 19989 31970 42872 
2372 21518 32501 40552 44965 45876 
3535 23487 25472 40829 45830 47702 
2346 7098 7692 9768 10652 12545 13355 13599 23849 
1541 2855 3182 5647 11667 27336 45132 46743 
609 7753 8040 14015 29773 
1581 4537 7762 11680 17124 34596 38288 38643 47248 48131 
1849 1850 8968 11101 23300 
4638 14215 19533 32996 40427 47772 
832 23978 35430 38340 45841 
2812 2813 20019 38355 46264 
5971 10918 16171 32111 44655 45937 46407 
1567 8353 17410 17411 21331 
5675 12531 28372 28683 29049 
1443 2138 4072 12408 22074 24280 41920 
1991 22070 26279 35596 
1434 5258 6307 7731 14455 20499 45383 
984 1747 5693 22126 25168 33836 36612 
224 225 612 756 7535 
2237 8745 18170 29775 44786 
5484 6088 8035 10328 12252 17834 18997 23680 31915 37475 
1920 4097 5241 13441 14075 25653 31585 45411 46041 
3472 5226 7474 9905 32530 38846 42658 
20907 20928 27817 36738 45947 
7249 7250 8132 10861 11006 17766 17939 26510 30185 38445 45201 46623 
27122 35489 41100 41264 42962 43642 45175 46259 46688 47614 
3157 12463 15772 15890 36313 
5754 21429 28425 30718 32593 33000 37448 41982 42379 42703 45155 
521 599 5695 10210 12730 15182 16111 29716 
21094 36273 42663 45269 47116 
2077 2138 2906 3812 10298 11283 14244 16656 20826 21831 24061 33529 40613 40913 44446 47263 
10643 23912 35219 43924 45753 48399 
7250 27749 29880 37426 37777 39189 45201 
29367 39317 40066 41590 45968 45977 46091 46127 
100 1876 2596 3571 3864 3957 13430 19389 44521 48032 
1309 5907 9023 10903 12743 13166 13167 27187 35393 38914 44905 46230 46352 
980 12996 19653 31009 38326 44143 
6251 6584 14586 21806 45967 
4373 8198 33703 43387 46239 
4159 5028 13050 33892 
8087 8405 10744 18544 37780 
12078 19027 33202 41105 45463 
2292 4631 28433 32108 
22762 45987 45988 48240 
348 420 1185 3065 3629 3733 7237 10795 11374 11984 12845 45990 
3733 8433 14451 15872 37574 45990 
91 1681 2022 2178 2207 4441 9120 
1468 1911 3938 6692 7087 7346 7450 9665 13844 14478 20750 38626 39937 48032 
3114 9823 34092 43385 45992 46455 
1714 15881 17615 42157 44322 
6329 16166 28372 30627 30949 
3754 4180 5299 45092 45815 
3209 4050 4051 35400 48598 
18818 27950 35640 37811 43147 
1109 5980 12353 28566 40722 45947 
27581 28552 41416 46010 47374 48843 
9901 34215 34605 40745 48389 
369 2541 2810 30792 34098 
9813 15423 18710 27616 42433 
17995 33411 35368 35651 45486 
14111 14681 27994 45296 45618 48173 
821 4304 7131 8129 12568 19777 41262 41414 41744 46784 
11870 28861 46029 46321 
4391 5975 7658 18210 48631 
4164 4198 5813 12250 35936 43382 
5102 15921 17769 20603 
5754 6594 15416 22435 27530 27947 28111 28271 34673 37961 42703 45155 
3188 4461 9533 46037 
172 2022 4010 4441 9120 12780 32220 42137 
16260 19052 20434 25978 40266 44813 
14772 37546 38634 45648 
17661 39266 41878 46041 
12674 19469 23860 29368 29492 36612 44696 44715 
1224 6338 9154 9665 11559 19965 
1581 3167 4061 10601 15177 21759 26578 27719 32797 34256 35596 45076 
2882 3925 6392 9083 12587 22735 32993 
819 987 1313 2077 4916 
6534 20258 21765 24041 34465 35061 40189 46050 
4098 8085 12023 23364 46054 
5826 10985 17703 19761 21041 39218 
2910 6580 26132 27616 30342 47101 
1709 2110 2111 2177 8741 
895 28960 33462 33538 44013 44715 
3187 8085 9281 9282 46054 
2666 15508 29924 45985 46067 
44329 45951 46068 46119 
2216 2321 2816 11801 12587 
2208 8177 8941 21756 29889 33732 49105 
7374 7769 14078 25313 36049 41074 43597 48052 
442 1436 1877 6338 9689 41054 43955 49145 
393 3499 7657 12470 13661 16658 26493 26653 29049 29576 36414 42704 45329 46054 46093 47123 47419 
1100 3718 5802 33894 45155 
5186 8188 10804 12790 15552 17224 46021 
22131 22726 40135 40222 45930 
147 170 1911 3161 3989 5649 23969 47123 
20699 33925 34844 36252 44878 48482 
10 296 297 5378 11413 21003 
1309 7519 7738 12132 19222 21459 37836 39406 44808 47257 
847 3015 10436 16157 23059 36985 46135 46943 
15040 25246 32364 45861 45876 
1695 8485 17104 17808 45768 
3229 3423 6993 22653 45950 
5757 10767 28036 43589 45184 
17286 21760 21953 26544 36631 43566 44628 44956 44986 45997 48358 
11537 13418 23208 28577 31923 36667 
279 551 1018 6710 11390 11979 26135 39142 46827 47556 
999 2432 11162 11720 20750 22165 
7014 35199 43365 45569 45878 47079 47590 
143 1878 5224 6681 29293 35865 46036 47290 
210 1434 10217 23300 38360 48661 
5022 12999 25528 44905 46081 
5792 11504 21594 24616 25049 25920 26606 29400 33482 40142 40165 42109 42927 44761 45513 45521 
2495 4878 22743 34815 35303 
8085 8709 16150 34854 40273 46054 
3620 9918 16988 21148 41817 
10448 15040 45861 45876 47155 
4084 4709 8119 8187 13841 23521 36364 39750 
2237 18170 34999 39852 42701 
94 1023 5407 7494 19145 23245 46127 
2144 3225 4665 5175 
14975 15110 33986 37563 
2081 10156 20866 36715 37835 48696 
5101 9662 14282 16484 16485 17833 46309 47538 48458 
494 2761 5146 5459 6929 19469 45402 47627 
922 5376 11837 18297 40339 41172 
1994 11302 20177 32292 41969 43440 
6258 12181 25626 42193 46078 
571 1216 1546 12689 40554 47795 
4 11 8740 13015 17364 18269 44303 46149 
4237 5877 7866 12682 14880 30229 
1056 1767 2806 3728 10361 25175 26778 46827 
9200 12222 19346 23948 43626 45939 
5101 5102 20280 29361 33327 35479 39750 46063 46309 48458 
39936 40112 40751 41214 
1572 19686 19768 46132 46241 48031 
969 7337 7804 11925 24923 
4 8 5992 8457 23991 29921 46149 
429 626 1590 7148 19469 25969 32511 39142 45934 
1465 12861 17637 17830 32928 38792 48210 
616 1016 1367 5987 7517 47137 
3697 4502 6628 36091 46063 
1581 3957 5340 7131 18227 21178 46798 
1011 6478 9759 15793 45308 
932 3186 8545 41312 45815 
2297 5449 6549 6651 9307 15846 22815 29568 
511 3209 3817 4107 7566 
1147 17637 19570 31578 39355 
1480 9492 41262 42826 48417 
821 1480 1500 5954 7520 32928 34267 35267 41109 46784 
2747 2877 6324 8969 15619 16160 19578 22471 45149 46673 
5792 8490 13706 40142 46182 
2913 3296 5146 6184 32728 32826 44742 47123 
4084 27703 28784 32826 38239 43982 47123 47772 
3403 3923 16252 28262 42419 46199 
94 1023 1470 4509 5219 40588 46127 
3142 7398 19006 40227 42032 46675 
189 13802 22686 24718 33871 34556 
24032 39133 44790 46202 46203 
3964 4985 5907 8699 12173 31760 46036 
22555 39952 41071 43773 45982 
1163 3884 6441 6452 6544 29121 45837 45964 
7584 18329 22994 28590 38682 42947 46182 46199 
12473 31581 36752 37431 46182 46199 
6640 10449 36056 40175 46327 
8578 12594 14290 16014 44369 
18687 25324 25455 25604 44453 46199 
7748 23904 25044 27255 28125 38248 48235 
275 2663 5180 5253 5254 10722 48390 
1050 14550 27190 33761 33804 42455 46193 47507 
9886 12509 14915 26683 46963 
12473 15068 37545 42089 45072 46093 
7516 21227 25246 27472 40552 45876 47772 48551 
4768 16967 32106 40811 
6556 17933 18441 27643 48854 
2081 2899 9900 12625 35264 
2039 23206 28698 46021 47415 
19127 27174 34913 45405 
3979 35269 45793 45855 46544 49063 
42581 46066 46261 46262 
8427 17095 22627 40737 
3081 3311 6409 11847 15410 36944 46797 48748 
269 708 5745 41856 45511 
1513 21005 31076 42484 44742 46020 
307 24545 27690 43308 45876 46688 47155 47275 48145 48735 
662 3068 19590 21108 24913 45964 
4041 4950 9942 11435 11671 19517 20425 28898 
2510 4965 6951 9350 45568 45940 46263 
562 679 2827 8666 13651 29492 
18027 29226 33505 46283 
2912 11270 15286 16987 36582 36977 
4564 8092 8280 24968 37462 
420 2493 3400 32424 46217 
3643 24424 26593 41609 46152 
2541 3564 3739 9599 41188 42509 42987 46685 
100 2961 3627 8596 14084 22161 
16185 16213 36592 40840 44847 46246 48259 48431 
13764 29958 33408 37434 42825 44683 44952 
1009 2824 4591 5958 19989 32749 45149 
4268 9757 13317 21566 22138 
6126 7792 7793 14396 41489 
13185 14268 20184 35846 45557 
946 1447 3889 5375 10953 
12968 21100 22962 23139 25204 46085 
1779 9049 9785 13843 18439 31442 34145 48092 
7442 32689 35370 45876 47772 
3816 3817 7566 9025 27726 
5792 13706 31026 38255 40326 45513 46390 46738 
7331 16837 17702 33732 36520 
666 5983 7097 9488 18448 
386 2729 6102 7268 10572 18212 46147 
5270 23553 24134 38423 43021 
16185 16213 25935 27196 29815 35164 40840 42587 43303 43722 46412 46423 46855 47455 
34064 36032 40071 44093 46016 
6154 30222 41446 46337 
1408 1513 14314 33836 41406 44661 46285 46841 
333 1669 6069 40340 42702 45721 47557 
495 2644 14211 46330 46343 47123 
13205 16952 29121 45453 45837 45935 46123 
5150 10108 16838 31159 46021 
224 2478 27127 30960 40424 44525 44917 45048 
3188 14116 28302 28642 
427 1440 1661 1727 9162 45760 
68 1990 2149 2964 12125 44479 
828 6571 8408 41537 
2997 4803 6623 17695 23663 46256 48453 
1163 21196 24235 33119 45964 
1024 2187 6338 7418 8913 23969 43955 44521 
212 213 4137 5246 19469 34855 44521 46568 
8489 10741 18985 27641 27826 39183 40554 
1943 2456 3492 35427 46357 
11949 15695 39242 45972 
115 1018 16688 22751 35158 39724 41945 46784 48175 48980 
4296 9492 11069 27343 48679 
1898 2902 3517 9727 10224 16862 17823 23838 25048 43400 
27940 41673 42020 44276 44801 45972 48509 
494 575 6292 15674 23969 25698 
23495 24719 33871 44019 44146 
14076 23653 25260 36790 
8368 28854 32636 41588 46721 47047 47751 
5043 5561 9452 46365 46382 
4961 5469 13239 19989 42058 
233 5209 9580 18068 19634 38179 38938 48399 
5317 16322 17358 29711 32660 37065 43330 47523 48944 
669 2110 5831 44723 
58 2737 5062 5880 7004 7087 18124 22222 39605 46051 
4667 12736 18178 23608 32055 42703 
950 5430 19048 19681 
1252 5496 5779 20168 
2431 4657 29417 32197 33344 34032 39107 42703 
3364 11025 14053 14939 45519 
5244 7241 9181 11167 17952 42703 
15763 16772 27111 31599 33245 41151 46321 46932 
737 3002 5831 6342 7153 19007 
20813 32699 34055 47549 
529 2905 5658 9332 18124 46051 
7274 22506 25012 31131 31763 39250 40043 40056 44683 44823 44952 47975 
10890 16810 37664 39914 48037 
2020 28246 31002 38427 46430 
20034 38211 44033 45693 45916 47222 
12399 16737 26275 37559 43956 44455 45830 46043 
2478 14314 27255 28716 30861 32728 35458 39392 47123 47314 
1323 6440 39750 40314 46063 47130 48029 48738 
6707 39850 44917 45048 47419 
23471 31232 40625 43082 45143 45945 
2446 3486 5006 5007 6310 7671 18779 45519 46838 48165 
8483 13050 13051 33216 39916 
2656 4719 6112 10945 22596 47092 
3767 25287 40479 46070 
1150 2463 3296 19118 44475 46456 46526 
4514 8065 19049 46739 
10555 14570 15717 40706 44977 48958 
959 4618 5437 34395 41172 
2862 4084 21356 22932 46127 46354 47123 47177 
25317 27123 40203 42152 46286 48059 
9367 18245 29741 33152 46384 
5039 8992 14708 16292 32234 40766 41256 
100 2905 3169 9332 
14164 14364 25932 36617 44648 47888 
9133 10005 13033 33691 35012 40273 41847 44016 
28273 38859 39084 48400 
2475 12320 19963 23767 37992 46020 
1589 2435 8122 8123 38561 
7485 11504 15933 16173 27479 37967 40835 45521 47553 
16032 42246 42991 44485 44735 47692 
36029 45332 46123 46651 
3526 4750 12391 19254 46362 47452 
28760 34708 42670 47214 47713 47765 47840 
134 377 3343 5146 15190 16658 29138 43955 
5067 46096 46097 46493 
498 17217 17529 30639 32872 40942 46440 46964 46985 48408 48556 
1279 1989 8408 34412 38267 48606 
2624 6338 13035 18704 22158 24352 
544 4027 4371 7624 
444 1621 1622 7146 13712 46511 
528 2124 3328 6928 7848 44521 47627 
33325 36705 44861 45450 46622 
15040 37028 45861 45876 47529 
196 494 1224 9665 9667 31298 
2415 20005 32937 40607 48449 
727 1647 32777 33894 
7210 11936 13675 14936 20094 43484 47039 
1779 4091 4092 46620 47837 
4492 6429 20754 45821 48433 
912 4408 20426 25290 30691 
25754 29074 33787 37554 43364 
1899 1935 2476 2741 2901 5651 6295 8320 11944 46841 
43421 44918 45090 46548 47022 48689 
8691 11392 18899 36623 45763 48974 
38161 43827 46557 46866 
25240 25682 44038 45339 46501 47028 
1136 4992 5315 34656 35158 37968 39355 39724 41333 46304 
400 1365 1366 1440 
3686 3808 11330 16018 46489 
836 38223 42412 45440 45546 
291 2217 14599 24813 29653 37065 42702 
14659 15174 24029 40613 44278 
2421 12530 20582 21135 43879 46428 47797 48213 
13158 21379 26244 26673 30606 46489 
1174 4586 12439 38742 44977 47749 
27681 35129 46454 46591 
3580 3630 4439 12122 46571 46873 
4019 12996 29738 34098 35862 39027 42703 
233 5832 8326 8327 13571 14346 22922 25488 31347 32669 35757 41661 43485 45753 46864 47162 48104 48399 
6833 19859 42918 46541 46570 47451 
1693 7618 7765 35548 41532 46544 
5374 7553 33524 41378 43603 47367 
12048 15452 28627 40958 46815 46836 47218 47954 
5409 9340 17442 24140 46588 46736 46776 
1024 4062 4063 8913 34169 45618 
100 2905 5492 5544 5658 9026 11539 13237 13651 
6833 18680 30526 40572 44027 46541 
2675 18175 19368 21342 37472 45522 46819 
4104 35689 38249 38393 45389 48025 
12910 34481 41072 46602 47474 
3251 13985 19024 36032 46811 
1607 3869 5453 6320 6681 11761 12368 19761 41316 43456 
5706 9545 10878 14531 30109 
35938 38332 43416 44983 46232 
14 16878 30955 32055 34973 37005 39250 47975 
1122 4013 4669 6780 9288 34718 41118 48700 48788 
37778 44148 46655 46972 
17453 26546 34332 45565 46016 46314 
1391 5563 6582 24335 48598 
502 4061 5658 6692 7087 41953 
1351 2458 4247 6926 10441 38814 
1239 4975 9396 9689 13078 17181 47051 
4418 4679 6749 7713 45591 
191 740 741 4062 42077 45618 47137 48173 
19126 26644 46672 47215 
12213 12214 15491 25615 46673 
4020 8913 10953 18166 20155 20817 23969 29551 
11124 14728 16611 31992 
446 1071 1090 5544 19377 45811 46676 
13895 38029 38517 40227 40603 46675 
307 2391 12869 24179 34114 34231 37028 45522 45567 45876 47772 
678 14582 15311 18987 31621 35472 45315 
1276 1632 2147 2214 2253 4904 5484 5947 16798 18997 26599 28997 46693 47513 
9243 11509 11510 26869 
7628 39603 40929 41323 42937 46704 47727 
702 1818 3598 3864 6865 19389 29671 
20503 32859 34435 35394 42026 
30323 31254 36077 44042 
6351 12440 13477 22645 25319 
3106 7161 15362 47059 
4637 24616 26141 45513 45861 45876 47872 
10087 12945 15798 33445 45508 
15763 17282 21672 36362 37655 41151 46800 46932 48148 
1666 15092 26772 33704 38019 42865 47772 
1969 8237 8238 17260 39685 42217 46784 47367 47608 48612 
7008 9288 17667 30270 48700 
2556 15200 28532 41972 47954 
37778 42363 46655 46772 47266 
8750 33145 46541 47834 47911 
6929 8632 19469 25861 31836 33975 41083 47549 
4878 7164 8527 11229 16053 35974 
11968 31112 40626 43956 45830 46205 
349 1569 7418 13078 19469 30493 33653 47096 
697 35939 42303 45161 46213 47148 
26259 31667 41836 42869 
2204 6205 6810 27187 46673 
11568 19150 20365 37545 47538 
1801 16413 19683 30078 46542 
7157 9885 13356 26690 35661 46963 
24184 29946 29985 41210 46684 46805 
732 1759 10601 11923 32911 48679 
2406 5622 16147 32859 35418 41584 45426 
11389 31749 37588 42898 46712 
3190 22728 24694 44754 45969 
593 701 2102 23704 34252 
1422 8695 14175 26128 37371 42896 45024 47058 
5315 6849 8921 27970 35025 39724 
1818 1876 8040 10221 18704 19389 
4314 5316 5317 8167 13814 20312 20829 37983 43330 47523 48039 48230 48944 
6809 20312 21297 23554 23650 48039 48230 
6214 29730 38202 44599 
610 14313 15460 32761 48564 48709 
100 3728 5492 7060 9491 14233 28538 48175 
6206 7013 23133 39009 41566 44110 
777 5835 27862 44661 44917 46841 47526 
1942 3468 10924 25568 40420 
6013 6354 6795 10111 39123 
3832 4372 7261 30809 38573 
597 5356 5818 10601 12703 27610 46841 
39834 45365 47685 47994 48831 
12748 31254 46683 46855 
21275 31233 42141 43421 45930 
2555 4120 4307 9403 19405 26055 43352 
608 8812 9849 15601 22517 
13706 19249 24616 33891 35935 40280 41058 41297 44105 44761 45513 46390 46751 47191 47358 47419 
13287 33406 38133 40929 46277 
551 1221 17124 17125 25875 31612 34303 35581 39545 43668 46827 48040 
979 3564 15951 24766 25063 28561 28859 47376 47418 47504 47544 
3323 10601 27255 31283 35563 42856 46690 46841 
21764 44101 45775 46918 
7079 16921 16933 17285 45221 
6043 11624 13936 28854 37518 
19775 21115 25264 31001 42259 42806 46827 47556 
5145 5835 8226 11838 12600 19458 40761 43665 44917 47419 47452 
23787 32505 43283 47965 48728 49088 
28368 32948 35766 36481 46912 
5422 15884 19351 30142 44017 
1557 41264 44580 47155 
41 996 4052 4623 5344 15191 45837 
14771 27886 30085 35629 46730 
1216 1546 3325 12781 18384 
4217 38630 38631 40940 
3461 4693 6602 18911 24636 46952 
2205 2533 8983 46673 
23301 29284 36977 48312 
15207 35727 43624 45740 
2242 2243 2553 8099 22268 
552 2233 8632 9170 22548 42702 
1216 1271 1546 2863 4592 
814 958 2621 28920 29180 48117 
2197 32381 47744 48143 
18899 30566 33151 35497 38027 39550 44670 
29294 32505 35497 35827 39896 45429 48440 
504 2378 8140 10855 12702 46841 
2526 6355 8248 9943 21624 35596 
134 1261 3801 4492 14960 22699 27137 29138 
1883 5489 5490 16918 17512 
21933 28125 28621 39430 
16378 18486 32869 46046 46992 
911 10067 44523 47021 
1893 3306 6719 9011 19302 27093 40633 41042 45756 
31712 33266 34982 41162 43333 43568 47420 
112 113 324 1477 5878 
5944 6551 6648 13259 21955 
15621 20099 31041 32467 44898 
2463 3304 7138 7264 21005 43470 
29775 37254 40569 40870 46450 
4490 4946 4947 41130 45574 
1443 3210 11283 41113 47038 
9506 19913 20855 23002 47080 48093 
2738 4920 10261 14678 17657 47055 
53 4047 5268 7826 24884 
670 23314 29101 44727 45837 
631 7052 16955 33560 47044 
1921 2644 32986 34017 47123 47831 
1628 3355 3427 4147 47055 
1090 3488 3762 9044 12834 46676 
2476 10742 11283 13525 16666 20058 25931 35025 
324 5700 25412 26152 
4719 6375 8532 12842 29012 
6468 9381 15572 39274 42358 47062 
896 1921 2644 18242 26334 47123 
23460 35952 47116 47692 48404 
9976 11491 13455 26677 28253 47039 
9557 9558 42136 43674 44701 45730 
2354 3393 3887 11923 12368 47135 
829 847 1604 5975 6033 13385 23757 
1443 19566 40207 42378 48144 
1099 2747 4849 7068 24009 31779 
1018 1027 3733 4137 4545 49091 
4671 5023 8870 18110 26653 34854 47452 48127 
28346 45673 47147 47196 47839 
1617 4969 8739 11774 48440 
1144 6061 11160 24366 40939 48212 
1251 1309 2698 11812 20215 29769 46041 
4979 6718 13687 28035 40046 47257 
2911 3053 8232 47843 
1391 4835 5946 5947 6582 13818 
5936 15798 19889 29208 36303 46841 
2056 7260 10186 12914 13057 14747 
130 5470 17703 19989 38371 
118 298 1709 9446 15243 18741 43375 
4084 6825 26064 34171 36183 47297 
564 1319 11020 28042 38938 45568 
3959 3960 15237 22974 
3881 47291 47292 48674 
5744 40966 42294 47171 49046 
4061 9986 34656 35025 41945 46304 48175 
11385 38524 40709 46776 47112 
6342 7253 9310 11238 35655 47051 
156 203 1672 3666 22665 22981 25048 
393 5146 27515 27738 29695 30109 43182 47123 47314 
19939 22452 23760 39440 45501 
19898 20869 24989 29707 40741 42448 42471 47319 
206 3146 4773 7596 30837 47314 
3393 3887 3894 15122 24770 47135 
777 5145 10218 15976 39463 44917 47452 48096 
6113 9396 16771 34055 41083 41372 
29227 44983 47035 47076 
13108 30553 30937 44027 47235 
4200 8856 9853 17505 24065 
4977 5463 6091 7373 23413 37436 
26132 27616 30342 32190 46793 47057 
2998 5236 14717 17704 46913 47365 
481 6021 8370 23482 27510 
88 12898 13772 15626 18773 
39222 40626 43956 45143 
15262 38986 39762 45936 47419 47524 47541 
371 569 2760 14005 27830 
11991 13398 17713 35862 36560 
157 4211 6308 13158 16758 45805 46676 
1270 12078 26208 40585 45463 
87 1963 2089 2092 30014 
456 1646 3729 19146 22279 34937 
21234 33785 36018 37822 46191 46994 
3831 39677 40015 47086 47650 48227 
6892 6989 7220 8506 25972 44674 
1910 6305 8278 16403 39248 
1401 11205 13668 14401 18080 19064 47109 47365 
10541 13620 24921 27939 45016 48784 
3567 6331 15417 27563 31828 45618 
11861 23842 29617 30897 46567 
6376 29577 33872 35073 41090 48203 
10471 16082 30626 48032 
6950 7260 8375 12879 22518 28182 
1048 4774 14564 24636 26750 
1503 30189 31760 44900 47201 47364 
11259 15400 18214 39992 47521 
3880 7902 18508 19035 19080 40806 
3468 10924 12616 19254 37663 47452 
387 4672 25149 43672 44194 47555 
1160 3081 3082 3101 12589 15712 47250 
2130 7208 8397 8398 14821 33842 
5297 23283 24869 46126 48092 
1693 22316 31819 38395 46544 
4384 4564 5859 20470 
241 4636 7804 13587 14617 36086 42806 
4761 13069 28269 38187 45671 
1523 6132 7716 36177 47593 
736 3957 4301 9040 16022 47408 
14226 24551 27717 45237 47421 
17766 23921 29220 33415 47607 47922 
14656 41636 46611 47519 48076 
2381 2382 15244 18902 47607 
9004 9337 14052 27068 46498 
1078 1614 3675 9240 9887 25048 30159 
723 1259 2823 4591 8083 46673 
393 630 16561 24676 35216 44661 
7252 12414 30620 31309 47635 
2559 10636 19685 45805 45838 
1019 3099 6767 8535 17637 42570 
5931 37320 46666 47661 
155 2800 6334 7252 12794 14172 37436 39750 47723 48700 
3035 3639 11985 28850 39170 
8853 29033 39437 44827 
2609 19533 24442 28326 40614 
11656 17862 35934 41471 47058 
3048 4580 4612 6400 18939 
17030 17702 27336 34860 36520 
4774 6290 11506 14859 14984 47290 
16221 29475 35531 44133 45673 47649 
11750 19074 36720 42991 47058 47364 
927 1778 1779 10599 34624 46219 
713 2320 11056 21807 47700 47857 
25391 37388 41686 44704 47632 
1236 3473 4217 16550 43903 
2690 8141 10902 21774 32862 
1078 8417 10268 20892 25048 33885 40770 
17303 37386 41818 46247 47745 
3504 24718 38345 38732 39746 
495 1591 11149 21426 46343 
1557 4638 14215 34440 42456 47772 
7191 15052 24683 36917 45272 
309 9689 15717 15943 19758 35596 
20049 28456 37160 39177 47784 
36306 40972 45438 46594 46921 
4739 13467 26954 47578 47779 
784 3342 13092 15243 32528 
1120 5436 11025 48032 
29121 46651 46686 47690 47802 
456 736 3167 11239 16022 22673 
16301 19159 40948 47814 
4638 14215 29943 32505 32645 47772 
5710 15166 16658 19536 41948 45542 
1025 1026 1125 1377 
560 2559 7261 7263 36044 39440 40088 48676 
3563 3577 4657 22033 47783 
25908 34038 36139 43183 47626 
10172 13192 24919 29474 46385 
27575 37155 38683 45532 47574 
19758 22875 23555 34141 47367 48612 48816 
11577 11926 35401 46819 47645 
767 30025 46411 47862 
573 3395 6595 10239 43945 
18416 38569 40044 47875 
13198 21218 21243 21528 45522 48110 
1658 2300 4472 18279 47975 48776 49131 
4894 14670 17950 22846 28189 
103 1116 1248 4199 8650 12811 45374 
1553 5396 8752 11088 26662 
10955 11445 17759 47902 
1249 3403 3404 16253 38942 44453 
2248 39036 39154 45421 47889 
15315 17950 22846 44691 47917 
34425 40594 40656 44105 47919 49040 
18123 22365 23325 47584 47920 48029 48044 
105 372 1958 8123 10070 21172 22110 
2298 22212 32887 40571 45545 
10699 16149 16902 44669 45319 
28228 30745 34600 36509 46128 
2793 3329 4821 20402 24739 
47896 47897 47985 48026 
943 1536 3563 17778 31763 32422 33587 40056 
161 2833 7247 10854 45144 
1963 4432 8446 9121 10474 13710 26740 32234 32804 37499 41757 48635 48673 48899 
42506 46688 47155 48924 
75 4519 7699 21178 23835 43019 
1649 25319 32022 39201 
10162 10760 15677 15804 47953 
6154 12199 27338 41713 42952 
2459 7855 23886 25276 41847 43132 
13232 30592 35803 36545 39081 
5420 23308 38525 38898 
800 3452 12881 17994 26173 33975 
4399 6892 9228 18162 43067 
275 18036 19603 20591 45227 
42 1907 6211 10005 11838 45468 
2747 2929 5250 10458 26125 29015 
3104 6656 7931 9575 12156 21427 
21481 21604 36930 42311 
1464 1608 1609 2718 34253 
5976 6227 9200 19346 39651 
94 729 7998 11082 45511 46127 
6053 8067 33905 35914 40525 46201 
10569 16026 23275 29330 48787 
94 1023 6643 10173 12918 17244 46127 
27402 44873 44879 46411 48062 
110 2017 3046 4918 11905 37403 43968 45076 
10180 35912 38144 40868 48122 
4553 6323 27726 28101 48052 
1170 5622 8500 18121 25927 
6037 26535 31418 35427 36497 48154 
1283 21240 24941 40846 44848 48152 
18396 24127 30320 37842 44278 47721 48073 
11566 31187 44319 45563 
4642 14998 27593 40478 
4492 7718 21510 22630 47853 48166 
2002 3017 20142 44977 
1283 13568 36774 39750 48152 
1283 5020 5901 8342 48152 
6424 38138 41887 44591 47435 49014 
13214 14623 31965 37918 
1816 1817 8130 28460 40048 
14416 26448 29294 46778 48216 
3981 12444 32621 40348 48166 
3373 6318 16919 34568 
19 20 2518 11798 23003 
32331 41561 45198 48221 48274 
27109 35199 38878 46091 47878 
22278 31842 33034 33829 38935 40277 
2378 43455 44472 44804 48274 
11069 11341 22489 27722 48834 
16643 31371 43933 46456 
9221 21729 23843 30323 42153 
27460 27461 34421 39034 
30860 37120 37765 40401 45799 46261 48321 
6567 20313 20321 38684 39872 40056 40851 
12090 19592 21308 25605 38114 
7730 10338 10339 11501 21592 
4316 5353 15133 45097 
577 3976 34713 47300 47938 
6451 8438 8501 29197 40339 42002 
17899 34318 43344 47202 48369 
10685 37286 44893 48372 
101 165 1062 1329 7060 40712 48175 
28922 36188 39618 39633 40801 48313 
22059 40292 42599 48404 
77 78 2300 15441 48407 
15097 18848 24236 40033 48320 
24007 36428 43350 48618 
1408 7827 29068 39106 42897 44715 
8464 10324 23871 35408 47873 
1009 12277 47685 48796 48902 
11869 13006 40847 42700 
945 6357 7272 36469 40445 46326 
24320 37686 42182 48469 48942 
2148 10454 13658 27915 47513 
286 28897 28909 39123 41582 
14377 30542 32505 46232 49035 
5054 5780 13036 17260 41990 
25174 30189 38545 39194 47201 
22796 30538 44116 48324 
28500 40719 47958 48121 48524 
10344 27362 27363 37755 48526 
12365 48539 48565 48573 
22621 22945 28247 30795 45303 48543 
86 13710 26476 38896 48536 
7274 16989 32055 32104 42780 
864 2187 4444 11157 19054 43390 
2303 4399 10422 18162 22970 
14 1535 2982 24944 48433 
7658 16136 17751 32145 48631 
300 5289 10314 17000 46532 
7849 15275 28971 36005 
5152 21657 36625 48593 
792 2197 20263 26225 48090 
37265 47384 48217 48715 49089 
3727 4822 5640 6758 21999 47051 
9446 9820 13683 17444 20402 
11774 20550 30217 46730 48440 
1294 1780 24781 44090 45168 
21475 23170 39095 45433 48754 
30621 31240 47684 47723 47724 
5347 5434 47853 48448 
206 7596 35183 47314 47716 48685 
2731 3125 9318 22518 25552 
23152 25655 45672 48229 48697 
832 2948 42825 45841 48433 
20540 33284 34134 48193 
2047 30138 45066 48547 
693 10113 11232 33392 39170 48231 
6949 9912 13334 38690 48661 
2940 4228 4962 7304 13462 
10428 11673 16642 46350 48768 
17494 28215 28791 48769 
221 715 2384 3137 4907 45991 
440 5141 11046 21398 31567 41515 46051 
14173 19735 24268 27426 48747 
570 3948 7660 11788 44774 48700 
4720 14442 16978 44166 48574 
3231 6193 6743 48514 
321 1730 2338 5268 6685 
24155 38713 39292 41234 44732 47397 
2609 8691 14695 34265 38181 41544 45763 45954 
1592 1689 9654 25797 32834 40889 
1623 18436 24919 33173 39291 
5511 11559 16628 31055 47408 
4905 16567 38497 39200 39812 41880 
24168 33797 38058 40377 42848 46691 48811 
4854 8770 14420 31863 46916 
673 23119 48649 48830 48964 
12517 14423 25666 29532 
6568 11471 21838 30810 44952 48977 
27318 28760 37224 48524 48824 
2856 4468 10344 18225 44654 
7952 19311 21622 38175 43674 
1623 1624 18175 24919 32939 
297 3302 8178 42858 47571 
2046 23602 44498 48257 48890 
836 4916 16169 23629 45546 
8413 14101 29809 43736 47727 
3734 12273 14846 46892 48917 49009 
2245 6169 16071 48390 
999 3844 5493 20750 22636 29149 
6821 10508 10902 26276 48253 
3548 7554 11560 36520 49105 
2119 38440 43600 44620 49110 
75 3701 5658 28337 45280 
4358 38074 41685 48871 
1010 2066 48356 49091 
26559 31177 48854 49034 
6809 16048 16519 21891 35208 44169 48230 
2857 2890 20831 21198 45227 
4421 17582 25916 39437 
1404 1717 2554 
14994 38786 43790 
2211 27579 45324 
35781 45360 47475 
2953 28037 45267 
9098 33990 40397 
11960 44603 45286 
7678 9721 41698 
231 2851 8519 
2115 11442 20186 
13936 14169 39097 
6210 10410 34800 
6827 39931 41087 
2359 2544 31263 
8077 16595 21732 
9362 25994 47314 
7192 16342 31628 
320 5158 6909 
1417 1418 38283 
14 32573 43343 
2114 4079 14547 
393 3389 6431 
11545 19348 31172 
4051 4955 17336 
125 525 4105 
12330 24287 27365 
9360 9947 45061 
16439 29330 32285 
45027 45244 45352 
25 26 2840 
38837 44611 45757 
13142 45390 47239 
8029 12935 18843 
4442 7491 24884 
20200 21268 34421 
3501 4762 33210 
18029 38587 44185 
3300 5820 8070 
38165 39617 40120 
20453 44872 45308 
23560 45069 45397 
5427 9716 13682 
10770 23595 44936 
2144 21601 21602 
2930 4409 44774 
3089 7854 41258 
1582 2287 37895 
38975 38992 38993 
36193 43091 44491 
305 8024 46036 
1430 1431 18593 
14385 18418 19478 
1222 7030 32014 
29365 45413 45516 
1712 1713 4326 
11661 32666 42166 
15361 25144 45551 
70 4282 14806 
5590 7850 7851 
1054 16927 46036 
15467 21353 45427 
503 662 9463 
37175 38171 45430 
234 13260 34712 
8393 29931 43006 
26784 26785 47177 
21 8155 48175 
829 2311 3980 
37346 40676 45962 
5131 38209 45864 
5990 33993 44097 
6813 18155 18209 
16993 30517 31252 
1663 1664 28920 
6640 39547 42454 
3576 23456 48053 
6010 8882 29876 
1033 28324 44324 
3784 10408 40223 
34609 39018 45380 
14724 21953 43528 
29237 31770 39250 
24127 35151 35214 
7437 38858 38934 
4352 29595 44136 
6935 21102 44932 
12713 18391 23164 
1653 9127 12908 
4289 14252 37689 
33296 38025 40835 
6316 9756 42850 
6029 11206 30988 
1003 2601 44121 
6757 19099 19100 
8650 17259 30808 
8139 13720 15473 
21310 24076 48321 
17737 28676 41890 
8328 12512 44337 
14073 42062 44920 
7082 9800 20243 
13611 45145 45479 
12219 12220 12355 
1839 20883 33237 
1425 1911 3148 
24250 38049 47729 
43369 45437 45485 
21555 33061 36682 
9713 41632 47783 
754 755 41872 
27582 40938 45616 
8365 11466 39250 
4915 7782 19737 
11780 24232 44796 
2546 11904 15729 
2494 4878 17500 
907 12450 48700 
1476 2853 9834 
1911 10370 11285 
20030 23935 45246 
5074 41607 48747 
22911 41131 48925 
28085 43282 46296 
6892 17203 39395 
28658 38159 45291 
25931 32534 45510 
1604 1605 45284 
19182 44645 48258 
8182 28358 34457 
25314 38351 46114 
28393 39453 45995 
26591 36265 42525 
6698 8937 9873 
27539 29053 45568 
2953 22817 29765 
17317 17318 45523 
3485 11386 45524 
4522 14759 45534 
24388 25489 48882 
20999 29487 32073 
4218 19369 19646 
56 26843 43955 
2288 7184 8463 
1705 4548 14625 
2130 31631 45348 
11013 29596 47886 
12752 41048 45018 
2253 4832 4871 
2670 22161 44417 
25908 31225 33712 
282 955 11927 
24478 44096 46327 
39844 45561 47345 
23434 37428 47452 
12728 12857 31963 
7374 42827 45525 
29191 32640 34164 
7394 15271 23829 
2871 4925 8771 
877 1562 23895 
27854 38323 44222 
3549 30426 39250 
10412 19841 23923 
2140 3928 34532 
222 223 226 
6608 19642 47825 
13558 22697 42605 
3566 9773 42170 
28935 45593 45923 
5752 6463 44972 
31808 43516 46122 
11687 12039 40718 
2409 18151 22983 
15424 17563 42659 
4282 8357 14703 
7393 45599 45829 
14771 14940 31977 
3927 7181 25048 
9843 11725 31427 
4476 8249 45927 
11420 32181 42062 
2203 24280 33809 
8970 27127 45611 
744 745 6197 
19315 25948 43441 
3075 20073 25561 
5978 11431 40168 
279 11395 45623 
25 26770 29473 
622 1453 9176 
6413 17842 45379 
9067 20202 28372 
6642 8435 19389 
173 13476 45631 
4906 5217 8451 
25305 28870 29470 
17016 21736 41183 
6509 36972 39539 
18323 21261 47628 
8320 19523 45265 
63 25934 37699 
40293 40572 42535 
7190 8618 24643 
3077 6294 47123 
2373 35390 36543 
6147 18575 47242 
5134 34821 48747 
3310 12817 43352 
171 3349 15328 
9627 20341 40486 
474 1380 4245 
15180 19024 36769 
24527 39860 41120 
242 3240 40889 
35477 45654 48660 
3416 42743 45656 
21663 42545 45877 
151 1642 3084 
314 18383 43586 
446 26213 41260 
21162 43640 46517 
447 4956 10896 
3239 18398 38624 
8836 14563 17766 
15594 36505 42530 
11244 14198 45837 
22225 24535 45690 
2460 13954 42148 
24919 30198 43480 
33834 37671 44057 
3145 4374 23192 
26002 45701 47052 
40577 45000 48971 
807 26377 39919 
32429 37593 44748 
35586 40500 42172 
8982 17374 39928 
5078 18539 36235 
3676 9697 40615 
18581 32896 45032 
6844 10311 15923 
5281 13920 30473 
3599 6023 10013 
8754 13466 26178 
35282 39154 39219 
8262 9167 14236 
394 2279 8036 
150 11879 14958 
1650 4205 45577 
6302 45744 45745 
28574 40296 45636 
16000 34494 41419 
689 3390 35773 
13738 18150 46699 
5599 11095 12539 
10915 31889 33517 
23346 38329 44683 
6950 14539 45686 
8573 38849 40920 
3318 3319 3513 
29412 37542 48868 
5284 5414 9096 
6120 15203 15846 
6064 9162 11300 
32843 41454 45980 
2703 4802 41134 
41623 42614 43258 
13187 38252 44661 
37 2255 38781 
6503 10849 14484 
5657 6891 9514 
15208 18753 33288 
2184 3197 8499 
7053 10920 45524 
1800 1937 8362 
17388 42869 45827 
2075 11508 45773 
41651 41663 45068 
8881 22476 45046 
41821 45578 47616 
24878 29918 41924 
15868 16160 43036 
3154 7679 8158 
23846 28692 43935 
27975 39715 43280 
1811 5289 45810 
24898 36439 38892 
21110 29538 42787 
6552 6582 42888 
9825 10520 38485 
6460 18664 45677 
6451 13447 16966 
7627 14650 39629 
1448 26653 45581 
2987 8225 47290 
8600 16942 48217 
29359 33433 35923 
9490 12510 29662 
2584 21793 45425 
2385 4274 6671 
5095 21438 35656 
5515 8162 8163 
3456 10914 12302 
1919 9176 13542 
2826 30896 31553 
37478 43474 45868 
200 6781 11015 
4794 8674 28620 
35246 38089 46157 
2783 5715 6107 
19057 22275 46077 
1832 5438 7910 
5764 27550 47334 
9466 42402 45040 
11872 31650 44283 
5804 17480 45789 
27052 42116 47636 
33009 41333 45129 
12800 18123 39934 
1983 19981 45722 
22829 45185 47248 
294 22174 45899 
821 3658 11184 
10858 16243 21230 
2949 38776 45425 
2703 6104 25699 
45910 45911 46481 
29924 34249 37653 
25562 29652 38995 
3223 13271 44701 
17443 44381 47729 
2151 5398 30439 
7358 9018 17277 
229 230 6258 
2639 3089 12513 
13716 14585 26055 
380 16949 43757 
3690 30561 38271 
9318 9729 20102 
12302 22972 36767 
23294 42424 45320 
9116 31128 45991 
30402 36398 42426 
6389 7394 14985 
12659 23604 45186 
7306 12886 40449 
14153 39553 45961 
10153 12419 48357 
3274 10761 47103 
876 5884 15349 
6598 6599 8718 
10872 39118 44324 
2286 14281 33844 
31019 39081 45979 
4369 27555 40037 
33633 33634 35591 
6591 15906 21134 
23866 25872 26289 
8233 14715 38836 
20108 24525 31855 
613 2477 2603 
20815 37807 46000 
15056 31371 38493 
5314 7100 18427 
3908 27034 45511 
10561 45025 46684 
26310 46031 48422 
40398 41264 46032 
1361 1504 12796 
25229 33460 43681 
6831 6832 11635 
5995 20856 43330 
13579 17003 25192 
20258 32112 46048 
5106 8973 45716 
2799 26239 46115 
10952 16470 48313 
31520 40225 42369 
8931 22750 46057 
24 12989 14585 
367 4318 18062 
3296 13795 37330 
3339 8376 14777 
24095 34179 42959 
1421 18385 34670 
7289 25838 33299 
2608 29175 36488 
1763 7140 31767 
29558 44426 47606 
631 11678 14896 
1387 41187 44270 
682 21630 32284 
6054 12298 18738 
3935 7417 18893 
15393 37598 46198 
33640 33641 42260 
13320 13321 13491 
9317 40415 48661 
6748 20050 36509 
5331 41704 46021 
28390 36999 39681 
438 439 7460 
4481 27644 36431 
5351 6214 11139 
30262 34122 48096 
31328 36556 36558 
399 7140 16350 
19204 45214 46164 
871 45821 45851 
838 9577 9695 
946 3665 5525 
2270 10786 24061 
17018 34319 47003 
42878 44592 48908 
409 39516 45496 
5737 5738 41776 
41399 46180 46803 
4921 32600 48449 
25906 25960 41552 
13740 23458 46699 
37338 39208 44567 
24898 41591 43661 
28373 33582 44899 
33001 38175 43247 
18997 26079 31603 
2909 5872 7823 
8668 20174 35889 
14445 29245 46791 
43459 46207 46228 
2218 6343 9162 
4299 5007 46200 
23750 42807 46216 
10673 37245 46220 
512 1231 4402 
9740 36221 47157 
1527 2022 5135 
11069 18043 43953 
1201 9315 9744 
4873 7385 19989 
13592 46215 46253 
8885 11055 12567 
2442 5727 31968 
9101 36407 39291 
624 30672 45475 
18328 32961 40657 
3936 22430 46357 
903 34368 42535 
30237 36514 44447 
21350 45738 46268 
908 12056 46242 
506 27505 27642 
13886 39934 46279 
2827 4556 36161 
18750 44369 45848 
7971 13299 45805 
21128 45110 46282 
1354 9567 46248 
6483 41054 45664 
12466 40850 43602 
17534 46298 46322 
15819 33022 43875 
3171 21796 48117 
5536 28446 46323 
26625 32797 44332 
12867 24100 36846 
14842 23467 42779 
915 17388 31725 
1186 4243 7007 
3292 39254 44016 
12493 27711 43400 
23351 23355 37995 
1806 7258 38776 
1275 6684 46338 
1411 5658 22549 
19235 33123 45425 
25608 36861 42515 
1324 26475 46242 
19225 40384 46347 
32259 43125 47060 
7998 8004 10227 
24988 40964 45842 
5269 18536 39363 
17078 19998 44176 
21740 22938 45046 
57 4298 35121 
9394 28245 30174 
2419 2420 2440 
11891 13349 18435 
6496 10167 14473 
3803 8214 9422 
7974 9851 19107 
5400 16528 47861 
1613 3251 7770 
12229 42495 45606 
2426 45048 45625 
4053 6666 34858 
364 11365 46399 
38308 38884 39561 
7174 7175 46406 
6257 35683 46219 
28256 33912 43807 
5792 14307 39836 
4507 30117 46422 
13361 26860 46101 
3351 20138 20323 
37057 42732 46108 
5867 26920 46152 
20732 28193 43358 
31370 46213 46441 
7062 12476 40452 
9648 20387 45411 
33574 44481 44918 
2486 43462 46149 
7814 13246 48294 
38042 46285 46460 
36714 43728 46300 
4114 39531 45147 
24188 27197 45556 
16100 21231 45321 
6066 6681 9398 
10826 30986 37705 
21376 40149 46055 
1511 29492 31374 
16691 34289 47202 
31451 42248 46383 
23915 46515 46516 
9441 45864 46520 
17437 34930 46542 
799 27112 37599 
186 13768 37436 
19166 44094 45389 
7466 34502 37073 
15017 33328 46745 
2481 4894 5167 
1788 4317 12844 
12651 18724 39189 
1903 21920 46199 
2863 3359 9521 
10382 13243 24245 
27123 31459 37681 
18366 27706 46475 
23935 40330 43332 
18155 45634 46297 
1751 7883 17883 
30329 38643 39920 
34865 46524 48163 
3824 12153 18321 
7153 26332 36554 
10527 28156 42125 
1698 3370 6564 
3256 5923 46221 
15933 19738 24097 
27922 32420 33836 
5105 43151 46841 
34359 35160 46643 
12421 17965 48617 
2309 8877 23109 
9355 36981 46250 
28124 31531 46601 
24787 43057 47596 
9376 23027 48144 
7271 9791 19510 
13035 33666 40144 
3305 8179 24066 
1087 3135 11989 
15521 36050 41788 
8612 42801 45804 
14224 14226 46681 
3937 18058 47981 
33661 44201 44615 
720 11619 18110 
23859 44912 48278 
26116 41994 46152 
4378 4944 35087 
5586 10164 48799 
33425 40501 46722 
1421 7430 11715 
13620 32050 43428 
13342 14127 32901 
14301 22565 37459 
10059 46023 47030 
20254 22663 45828 
23240 33420 38142 
32495 45304 46759 
3687 16671 46766 
19892 43903 46770 
5795 29392 38197 
8497 12848 46815 
1134 5699 14052 
5551 10678 45296 
39776 44868 46656 
7773 20943 46786 
16354 21150 45793 
31113 33790 44054 
8964 29067 44715 
6984 20102 46603 
7594 13397 46395 
27939 31910 34156 
6843 9646 15284 
24352 25087 46779 
19476 46814 46883 
40246 41708 45426 
46817 46818 47054 
35428 40145 46821 
17397 33438 34009 
12923 34520 46532 
18251 40961 47278 
7565 9128 49026 
1028 11155 45227 
10412 25613 46735 
2778 27039 45568 
41662 46354 46849 
22328 46850 46852 
11127 42105 46673 
44478 45331 46855 
7117 26078 41532 
34453 39384 45723 
23788 34043 47036 
31386 36240 36709 
6933 8536 46176 
7499 7500 48026 
712 1274 2325 
31942 36799 46757 
141 7627 11443 
5113 16025 20325 
18181 19453 19547 
14182 26454 40923 
18469 19006 32780 
6246 11625 20893 
23263 46787 47657 
5065 10886 48390 
5352 22484 47891 
16383 45058 45756 
24755 26758 44839 
11502 22071 45046 
6099 6226 46199 
27280 28772 46924 
20539 33645 44377 
17368 28481 46830 
7216 13271 31846 
623 6261 13784 
2602 12931 19653 
28802 36389 39915 
14541 24922 36364 
30456 40774 46970 
32037 45244 45792 
413 28439 47130 
17227 46991 47382 
100 3105 6109 
2478 36143 44607 
2138 4284 13112 
32295 32323 47000 
728 4039 5034 
24611 30703 41458 
5439 11069 23147 
13696 17570 39286 
16891 39827 42002 
6510 46285 46983 
43170 44602 46730 
2057 13541 47223 
39998 47049 47201 
5360 16757 25341 
1451 9721 25733 
15431 15659 45660 
1797 24198 46542 
18725 22971 38726 
2213 4655 38626 
7403 9521 21024 
5004 6777 6778 
5287 12259 38371 
5906 6489 47061 
22458 36654 37610 
6273 18208 18293 
1480 7976 46638 
6614 11520 19770 
5078 16725 19563 
2138 2139 8189 
14483 20514 47092 
350 6302 10430 
7132 7551 47250 
11444 20730 46712 
24111 33317 39994 
25021 45060 47151 
2358 35733 46217 
6017 7252 39612 
43212 44324 45806 
5505 10620 41216 
950 2753 10639 
1944 5403 6671 
35389 47182 47183 
6197 8850 12540 
1561 16166 47128 
19227 45958 47220 
14416 42866 47221 
15638 28724 46873 
4048 5746 19993 
19975 21815 25191 
6408 39830 46357 
577 4694 47108 
5642 6143 7673 
25908 36823 37743 
13345 19171 46819 
36248 47167 48875 
146 15272 48799 
11914 11945 40168 
3708 3709 48536 
17865 27510 40866 
1163 16238 46790 
5609 14091 43441 
34038 44646 46990 
18155 26021 47277 
4074 8512 19265 
9102 31918 45828 
2239 17563 41342 
12724 31850 33560 
6453 18603 40372 
32908 46127 47077 
34819 43075 46730 
10447 11687 47243 
174 2658 44224 
20291 33218 45677 
22489 22920 47343 
9991 15741 15747 
11338 34124 44774 
5954 13867 29414 
29962 40214 46363 
22003 22161 28250 
3028 6226 30465 
25460 30830 49055 
1336 46033 47247 
8167 8514 40139 
1850 3955 5999 
4889 15756 43302 
4809 13247 46219 
568 6168 27830 
14034 14035 47145 
20866 41331 42988 
29962 38356 47325 
12256 12650 49073 
14825 16206 20202 
967 7734 25954 
28119 33479 35296 
4164 10494 41506 
7262 9098 47440 
3578 28258 32422 
29542 38944 48661 
2609 43911 47085 
44812 47467 48205 
8321 36314 41554 
16711 26827 34937 
18116 43726 44300 
17057 38780 39235 
17878 26113 47362 
3049 3050 11941 
24142 43801 47511 
5046 18908 47241 
17748 43401 47537 
835 41878 46431 
30489 33227 36437 
31725 43531 47558 
1969 12286 17357 
4030 11827 25989 
2367 7797 48818 
8337 14430 14431 
1954 9771 24061 
5238 14052 37600 
6443 34310 44965 
41237 43178 48328 
874 22512 23453 
4844 14640 41172 
7774 12379 39170 
25710 32429 44579 
41591 47009 47595 
846 20273 24438 
83 17014 17656 
9189 26508 47619 
16264 21783 47121 
9420 16568 45972 
11783 20591 25805 
39133 41304 47185 
4515 16110 47515 
1309 18261 27562 
4987 10642 47135 
13091 25854 45519 
9923 39189 47659 
26068 40505 41244 
4974 14948 27593 
31991 34171 47612 
1256 1463 24396 
21664 34552 46801 
5660 28516 46055 
13682 19109 27159 
345 9391 13797 
1793 16257 26018 
5576 15485 33117 
12409 20883 47621 
47710 47711 48250 
13286 47568 47774 
13050 13502 16479 
13470 37948 47558 
15803 44404 48641 
35239 45540 49037 
2019 2034 21392 
2980 10084 25256 
10066 18242 44477 
40864 47562 48424 
5110 20924 31816 
6700 9944 47811 
29577 38381 39273 
18420 40244 42293 
17064 20900 23726 
22732 45120 48183 
5490 7812 26663 
3844 4155 21223 
3043 5945 45991 
4618 7661 13697 
1157 3397 45828 
70 26618 47725 
7589 9378 40633 
12852 13190 18070 
28715 39350 46548 
1452 7881 47788 
37674 45100 47835 
7365 9427 47836 
2689 15730 39372 
4629 23686 46963 
15223 30344 37123 
2705 4978 47826 
8743 9269 37172 
10829 43128 48164 
3328 10303 13969 
18 5470 6059 
23033 28760 41362 
17958 33496 47880 
12119 40209 43054 
26612 47311 48066 
6142 9473 32610 
866 867 37394 
15543 27433 40314 
8162 12150 43928 
2075 15429 45858 
5377 5456 47960 
3155 11341 44584 
2385 28747 35954 
11115 11212 48874 
10475 16267 46798 
26902 31421 47649 
8614 19360 42825 
21249 23230 23381 
9312 24307 48223 
30809 40299 47983 
3606 25981 47825 
3232 19811 41846 
8822 21978 47999 
3388 11815 39782 
7019 7208 7935 
151 152 6522 
33898 47116 47349 
10317 12443 47744 
1413 1487 36638 
1927 9960 12587 
36324 45972 46965 
11314 40937 44382 
3499 44138 46047 
4488 27614 39674 
3192 13773 45950 
8312 25882 33519 
12525 34296 47887 
1200 1247 4418 
3712 18956 45837 
45521 48042 48097 
27101 33865 46045 
19716 42395 47772 
15537 22985 49136 
6728 29492 41840 
11602 16743 36830 
27762 28104 46217 
1975 8817 16022 
1215 1216 18231 
1516 17152 39258 
17740 39002 45243 
891 39154 42081 
328 6574 46676 
6589 22320 45721 
31 10377 11653 
26652 46261 48158 
15421 25842 47452 
35195 36229 41242 
1511 41073 41548 
41862 44983 48208 
14007 38020 45838 
12578 23848 46194 
8194 8894 48521 
31671 46722 47005 
12966 29140 37740 
627 3707 12548 
13334 22856 46859 
5453 5821 30349 
5140 6820 14830 
827 13429 36504 
20228 21994 44521 
10211 15739 48275 
8125 35981 46449 
19788 19913 48291 
26325 47448 48298 
38332 41235 46967 
20160 32922 36166 
18810 20458 47511 
469 41083 42877 
829 38751 40489 
48366 48367 48381 
5076 8132 37454 
10038 41912 44898 
8052 16658 48206 
10021 13338 28368 
15959 42833 48039 
7109 7535 8934 
2337 41856 47424 
5139 10499 48105 
24919 44124 47067 
19984 44696 48425 
32605 44273 47116 
3243 6628 7336 
10941 13146 23680 
16184 19653 29609 
18462 18666 46511 
9031 48421 48556 
33920 35242 36823 
17552 27365 48375 
26140 48483 48486 
572 18133 46841 
35436 46544 48491 
5835 38680 42040 
24576 45061 46875 
29084 32366 43353 
31153 44452 46949 
15397 35065 41686 
2847 7089 45308 
19842 30850 42666 
14387 48511 48522 
422 427 8421 
3447 4406 40345 
8169 25087 34636 
28827 32998 48537 
2266 5412 9599 
27836 39866 40840 
33191 40989 45801 
1815 45308 48548 
23310 41634 43726 
5445 11169 46676 
20801 21586 49134 
15633 30447 47257 
9370 27663 28304 
33634 46245 48572 
138 139 4399 
2703 12114 17908 
15096 16285 48562 
7366 39203 47123 
16508 16509 18256 
18582 18844 40613 
3646 37578 45805 
251 9730 43282 
6725 9728 47334 
240 2812 12465 
3286 3287 43462 
4846 34738 45756 
32061 47965 48622 
9468 10531 18939 
2191 23150 26885 
16010 30515 41907 
44038 44088 48656 
9129 16992 45526 
24814 39647 48610 
44203 46428 48001 
16237 40572 48672 
9197 10110 48619 
28161 31984 45152 
24460 48705 48706 
15521 32892 48720 
21198 44791 48732 
41280 42405 45292 
1120 8841 46901 
6909 6910 27918 
42422 46880 48660 
10924 39813 41488 
657 7836 14192 
239 11924 13493 
33224 33294 43135 
1091 4973 11559 
160 1807 10854 
1595 34497 47621 
11302 12995 40518 
2452 3546 46152 
4304 7457 13851 
27194 48240 48281 
2663 44832 48837 
8971 27047 48851 
8050 26036 29138 
16216 30231 46296 
44094 47545 48345 
29113 32239 45432 
39724 40124 40534 
29 2947 2948 
9557 30461 30470 
818 2300 11402 
10995 42118 48806 
16101 48706 48707 
5114 43511 48907 
3400 24133 46930 
6948 25717 48775 
19199 22403 43617 
6812 7732 48895 
24331 37726 46033 
2683 4061 41873 
2099 10726 46798 
11193 13057 21014 
22086 37409 45948 
42813 43135 48746 
1794 2827 24916 
2745 9336 43343 
27995 33395 48845 
42747 43649 45980 
36153 48292 48609 
9004 13956 14472 
3040 7131 49028 
41554 48436 48991 
23886 36493 37114 
10079 38491 46256 
8498 13137 41172 
16218 17038 47953 
10314 38931 49099 
13756 35596 49101 
4937 23895 48989 
4134 17225 41878 
8071 12197 48700 
5059 5060 47374 
10701 19701 46322 
1273 9825 12759 
35199 45816 49129 
24127 30331 34204 
7252 45253 49128 
36199 44238 49135 
28326 41386 44327 
444 12460 34848 
2244 6019 16160 
4185 13580 46845 
5320 7090 10197 
12410 39183 40993 
12618 18899 24661 
3914 12990 39250 
