349 3728 6331 7418 8913 9097 19469 20565 24407 29671 30438 31567 35668 36137 39937 41631 47096 50736 50849 50864 
10038 37025 37397 47628 
3136 4152 4429 13402 14915 
233 564 5465 15001 20865 31347 42702 43485 45753 48104 49856 
432 560 918 972 1889 3064 3773 4586 6794 9316 10572 17779 20192 27376 31326 32928 34831 36104 39732 43390 45163 46074 48676 49110 49527 50395 50757 50945 52168 52308 
29227 29230 44976 47520 47811 49029 52129 
17696 22945 30795 34424 48543 50154 52257 53158 
95 2475 3976 5146 8320 9690 
1448 9893 27093 38450 49009 
3979 27407 29363 35548 41059 41070 45793 48216 49063 49341 49925 50901 52065 
14115 19631 19755 20148 20773 29186 32901 34150 35232 36267 37265 37346 37751 43923 43962 44203 45363 45381 45780 46428 46697 46867 46896 47073 47227 47236 47384 47674 48217 48384 48715 49089 49349 49674 49727 50017 50593 50682 50747 50838 51192 51973 52515 53272 
163 628 1308 3899 6323 18581 21011 24399 30405 34821 39301 39392 41074 47571 48747 50901 52730 52814 
5102 20603 26006 31172 31838 32628 35481 40868 52562 
1351 2458 3039 6926 10441 26049 38814 46421 
642 731 1684 1685 2316 2705 3472 5144 5226 5349 5458 6131 7474 8453 15904 19330 27147 47811 50887 51088 
26578 26778 38288 40359 47556 50558 50561 
1662 3554 4956 9986 49187 49659 
8272 29857 35269 42011 49212 50344 51196 
239 3939 5846 6841 
8553 13402 25658 32055 38340 40851 43394 51505 
6547 7315 11760 16658 28334 32928 39738 51951 
16611 31992 49214 49481 52715 
969 11688 43484 49219 
26912 34989 38855 39070 39923 47768 48503 
11856 14314 16987 32532 36817 39392 44066 47524 50221 51173 
1536 22037 26379 32104 32422 35624 
408 3935 7417 51551 
23871 24791 32593 32777 33318 37961 
96 672 1097 1380 1667 1668 2662 2663 3126 3216 4008 4244 4694 5143 5663 6784 6989 7233 8119 9228 13359 15371 15883 15884 16921 16933 16963 19351 19541 20408 20751 23329 24532 26304 29409 33068 34335 39314 39658 40757 41257 41453 42628 43351 43512 44074 45746 45817 48749 49223 49495 49734 50737 51371 52411 53356 
1974 23694 35803 37743 38304 43627 43826 45636 47626 
741 1709 2110 2111 2177 9217 20402 20904 22754 50946 
3489 11371 15978 25460 30830 34208 36029 47410 49200 51799 
1415 3658 8666 16293 17637 
439 3647 3728 13078 13556 31984 49266 50736 
6901 7025 7734 8336 52278 52288 
494 821 1254 4304 4993 6330 14027 16462 25359 29492 
32458 43471 47445 49226 49482 49557 51659 
4852 6451 12879 13447 16942 28096 43458 46943 
5779 19566 35252 40207 48144 48275 
228 241 3343 4993 5282 5693 
28342 36592 44535 48259 48431 51782 
15416 21429 29738 34902 36011 39161 42379 49229 
14438 17680 18615 18783 23531 27738 27754 35970 41847 50468 
864 2182 2721 3488 3762 4143 4314 4811 5179 5316 5317 5447 5582 5646 5994 5995 6809 7386 7428 7616 8138 8167 8227 8228 9171 9751 11394 11490 11807 12864 13814 14421 15691 15895 16048 16322 16770 16934 17358 17962 19271 19641 20312 20810 20829 20856 21297 22659 23151 23554 23650 24123 24581 26023 26925 28955 29364 29639 29889 30902 31929 32627 32660 34183 34938 35205 36227 37047 37065 37478 37983 39280 39332 40479 40771 41479 42833 43330 44169 44296 44437 45118 46070 47523 47800 48039 48230 48944 49335 50314 50499 50542 50553 50825 51125 51382 51927 52356 52786 52978 
551 1443 2405 11264 11660 11979 12811 15999 16979 17092 19122 21118 25264 25875 25969 26135 26792 30472 31001 36133 37129 37172 39142 39545 46318 46827 47556 49182 49359 50558 50561 50640 52420 
11468 18277 19426 27387 33819 40871 42987 43611 47783 49383 51004 
7130 9332 15116 15224 17124 41414 49148 50620 
8590 15224 28041 39920 50401 50620 
3073 8107 10179 16398 41063 
33500 33501 35555 52928 
241 6642 9599 35252 36102 37802 40207 50940 
12256 16926 22380 41673 46965 
4887 5517 6589 8326 12881 21398 35283 36102 42265 45113 48399 50250 50410 50676 50940 51174 53323 
766 2118 4111 8312 23930 32511 34831 35183 35597 41209 43600 43671 47314 48232 48676 50896 51020 51465 
5827 8295 13764 16890 16891 22506 22518 23300 23754 28258 28295 30174 30955 32593 33847 39027 42494 52591 
4358 28326 28518 29104 31942 36708 47368 49910 50719 51545 52538 
1424 1581 2232 2721 4993 5582 5986 6422 6692 7131 7613 7762 8129 8326 17124 17125 19570 20031 20772 21759 22070 22751 23270 25909 26173 26939 28740 30371 30481 31567 31578 31984 32470 34256 34596 36102 37478 37802 38288 38643 39537 39920 40609 41101 41414 41575 41953 42259 47248 48051 48304 49491 50158 50250 50584 50620 50676 50940 53323 
24452 34141 34188 39685 48612 48816 
3302 3899 4036 5804 7374 7991 30405 45389 48025 50372 50901 52730 
2154 2338 3015 3521 8622 10436 16157 17563 43458 46943 
5870 14164 32746 35280 47888 48376 
939 1128 1816 1817 4147 6215 9344 10139 11725 49747 
70 561 1147 1291 1447 3860 6212 13036 13099 39685 47700 50399 
2119 29662 43600 43671 49110 
5023 19889 30701 44066 47452 47772 48679 51786 
8553 36201 40851 44952 49609 
241 242 9607 9853 14617 22998 32419 
1118 4791 6308 17779 21817 29662 34095 34154 36104 37857 38440 41256 47262 47671 48076 48748 49110 50253 50757 51525 51589 52168 
5986 6692 11535 30481 32831 38774 41575 45721 47081 50250 51174 
4513 5629 8082 8083 10079 14859 38491 45144 
918 1465 4397 7450 9040 9332 12861 13522 15827 20071 20772 21759 30472 38643 38719 40359 41785 48210 50041 50401 50620 
3578 15416 15753 21429 28425 32104 37758 41982 
11714 26826 40273 45119 49958 53053 
4992 8008 21479 22338 28012 41126 41945 48175 48980 
31591 32872 48408 49405 49963 52429 
966 5273 13818 33636 34291 41408 47513 48947 
741 2309 3167 7066 9916 10475 48032 
673 34932 36827 39188 48649 48830 48964 50765 
948 2497 2790 6628 39188 43530 49072 
4303 6111 8303 8304 49091 
2604 6922 7648 19755 37374 37484 45419 48627 49871 50747 
551 552 1018 1767 2525 6649 7131 13072 13153 19389 20579 22677 23139 25204 27970 36984 37599 38618 41744 42077 43737 44233 45618 46784 47608 49979 50640 50940 51951 
1 3767 5153 5183 5316 5317 5633 5994 6809 8167 10750 11097 11321 15265 15830 15895 16048 16322 17358 18168 21891 22921 23153 23554 23650 24056 24602 27330 28181 29711 31675 35208 39926 40726 41780 48229 48230 50499 50934 52029 52356 52786 
943 3584 11466 19448 32422 35624 42379 49229 
17778 22699 42825 44952 49609 
1153 1157 5707 7594 18031 18133 
17549 22709 26131 27616 35952 40292 45268 45269 48404 51147 51890 53033 53096 
2420 3196 4873 6529 11930 
165 400 427 1366 1440 1765 2536 
281 2061 7662 12805 22630 48166 49623 51949 
1995 2061 8501 11967 12879 13447 28233 39827 
15140 32840 45381 48217 48538 49674 51697 
1224 2185 5025 7682 47083 50585 
8379 8380 19640 27743 28324 34063 37120 41861 
1144 7185 8628 8815 11159 11160 22541 22776 25156 30231 36199 40880 40939 43272 45551 47887 49135 49352 49392 52862 
825 1324 23696 25511 43444 46127 
281 960 7232 39827 40348 47853 49623 51949 53258 
14487 18398 30914 36716 38624 50882 
1048 6290 10124 14564 23757 29645 40889 49825 51450 
712 918 2793 4822 4975 6549 10475 15203 18704 25969 26245 43873 
1118 3471 6409 14400 16292 27451 29856 33472 39440 46611 48876 49738 49769 50585 50757 53413 
2463 3323 5819 10475 29492 33115 48917 49540 
10685 33890 36591 37286 37441 44893 48372 48657 48692 49716 49874 52212 52399 
9221 9901 27780 31435 34215 38137 49264 
9126 22488 23757 31954 37354 46772 49262 50205 50653 50790 
207 346 706 1018 1987 2526 3529 4054 5054 6355 6649 7131 8058 8319 10245 12968 13036 13153 15717 16943 19777 20579 22875 22962 24098 26615 27563 28316 28334 29671 29675 29999 31404 31476 34710 35544 37319 37846 38618 38629 39355 39675 39685 39796 41560 41579 41744 41939 44838 46085 47608 50158 50640 50895 51951 
1240 2125 4110 5497 6338 7130 11771 22677 27004 29549 30447 35596 
1508 8870 10706 17207 33859 34821 48092 50901 
1056 1221 2760 17124 17125 19775 26578 30472 31612 39819 40261 40359 41409 41785 42259 43233 46318 49126 50667 
177 814 11909 39764 51457 51769 
3810 12048 15452 46815 
4369 4836 5437 6448 8084 12879 
4399 8406 16670 17203 18129 20599 
1193 1194 1264 25509 
727 1647 4847 17221 32777 33894 
948 1338 8635 25735 31172 49715 
60 603 2502 3728 3846 5658 7418 10693 11029 47608 49266 50158 
2119 3865 4300 7370 30649 34849 37949 38378 38903 41636 47453 48232 50896 51020 51465 
11738 22096 26924 33349 34170 49389 
6453 16484 21796 27738 34310 48117 
529 8979 22656 30371 38774 41282 45721 47264 48051 48399 50250 50410 51174 
821 1051 1834 3099 5045 6415 8561 16293 16658 33234 52253 
26632 26633 34893 42278 45650 
6184 19118 23225 27065 30112 32112 36682 46944 
10976 12725 33502 47575 50257 52024 
45572 46301 47456 49635 
6195 6344 20776 21178 27178 49148 
3167 9332 11973 15717 48032 49491 
1336 7523 16101 45046 49213 51089 
4313 5126 11958 11972 11973 13779 14375 43945 47861 
10360 10924 23161 32826 44066 48261 48917 51457 
393 542 555 2592 3308 3473 5815 10924 11872 15975 18181 18419 19442 19453 19547 32814 36682 39671 39672 44715 49381 49700 50051 50777 51457 51786 
75 3083 3728 13237 49266 
1354 10801 34215 34605 44142 48389 49264 
1356 14771 32091 39763 40048 40345 45429 46411 51566 51791 
707 2103 2737 5062 11162 22222 45721 50250 50410 51174 
1217 1911 1931 2539 4035 4073 12678 15753 25881 36301 47061 47064 
3145 5040 16292 40766 41154 41256 46838 49126 
10934 11869 12309 13006 40847 52748 
2305 2420 4346 6529 12178 14883 
2741 2901 3571 4158 4993 5231 6212 7244 
425 972 19956 24210 30417 37857 46611 49110 50757 51525 
41245 43536 47655 48901 
18979 37155 37524 44012 49212 51142 52503 52769 
537 1659 1728 5153 8441 12799 23886 42918 
42195 47277 49286 50883 
442 4304 7457 9492 25515 
1310 3415 3702 3840 11213 17926 19712 21745 22028 29780 38914 39812 44548 44699 46352 46904 47061 48927 49266 50090 
38042 44142 48243 48244 49262 
615 616 2737 4313 7087 45721 
1527 2184 2554 3197 5455 9162 10168 10191 
986 987 1133 2026 6376 7269 7775 8778 10746 14385 17087 23027 25730 28640 32285 33966 42534 46382 46962 47557 48275 48443 51048 
3549 4909 6567 15753 22435 24974 35624 49609 
58 11680 13810 16129 24611 35226 45721 50250 50410 51174 
3822 10292 23292 43399 48550 51004 
1693 25256 28476 46544 48491 
56 442 821 1024 4143 4260 5597 29889 
100 299 1329 3143 11973 20402 49266 50158 
8558 29815 40840 43303 47455 48846 
3885 4913 7673 8072 11097 21803 
6715 25955 36104 44051 47671 47749 
5273 10328 17308 27550 29368 50012 
38407 40309 42609 50896 51465 
5724 13936 20946 24296 25324 28428 41286 42419 43938 49332 50034 50072 50371 
2668 23180 26074 45237 49325 
18750 40751 42848 48811 49721 
1429 1569 3728 6849 7225 13078 16732 30493 41631 50736 50864 
4811 9580 20865 22922 26029 40195 45568 50130 50401 51633 
1027 2542 2949 4137 5480 9396 
2775 5660 8773 25280 49208 49215 
14211 21085 24560 31594 31876 49638 
233 2749 4527 7995 32062 40195 43924 45753 48104 49853 49856 52482 
5314 5505 7100 10620 17592 39433 41216 
2021 7633 10924 17256 17401 42886 
149 4137 15211 37319 44233 
771 3635 5209 9487 10444 10546 19246 22922 25817 28176 39040 48104 50130 51633 51686 
1580 2049 3949 7549 11761 33859 34821 42089 
18206 30860 40401 49165 
1242 4743 5396 7293 9610 12039 21171 26662 
5484 5563 8035 13392 17308 19623 20021 43869 50012 
2075 5188 5784 17562 25749 49377 53470 
10325 14903 48121 48824 51417 
2456 20242 31344 34231 50159 
9991 18508 19035 20205 40806 42563 42884 44981 49397 
6547 7865 10916 15753 40775 42217 43737 47061 47081 47608 
5468 5880 13719 15718 22222 
10912 13517 18729 36334 49344 49392 
19035 19080 19682 32905 40733 41053 44981 49397 
11838 21951 25844 41847 43060 43628 45458 50817 
3084 4681 4920 7024 14052 
9410 33266 38980 40120 43333 43568 44268 45622 45758 46493 48382 48800 49346 51142 52503 52769 
1018 1767 4137 6331 27585 45991 
7060 24380 30823 31828 34092 37952 50896 51465 52183 52448 
1343 20793 23442 24957 41352 
2001 19610 33309 47459 49331 
2463 2475 3323 5651 26334 43955 46841 51183 
713 1148 1447 2320 11056 20155 50399 
866 867 31496 32972 34482 37394 49389 
25296 30609 37151 45694 47706 48402 49372 
24941 35739 44408 49212 49341 50901 51975 
45332 46686 47690 49228 49243 
1989 4447 31290 38694 48606 
4034 7577 15753 26412 40916 47064 
25174 30189 39194 47201 52366 
659 1454 2223 2249 2381 16151 19686 28076 29910 30154 32481 33432 48279 49928 50447 
714 5034 5701 5716 12674 45781 
58 34532 35259 39798 41135 43138 45618 47061 47064 48397 
547 2125 3083 26279 29675 31476 41262 47608 49491 50640 
2881 7013 11084 39009 44110 
3309 22103 29405 36438 43877 
3316 22210 26275 35372 42358 44852 
442 615 853 4061 6849 8909 
39618 39998 47049 47201 50333 50543 53225 
7226 8672 9961 12234 34845 48144 48203 48275 48443 51048 
9832 22239 32036 40293 40572 52790 
2364 5494 8071 11186 12197 48700 
1659 6205 6810 17336 40889 42186 
232 1501 2778 5526 6470 9626 10713 16286 25817 50130 51633 51686 
879 4708 7252 7487 9218 12030 14225 25180 31309 37151 39612 43785 47349 47635 49505 49637 50362 
42 976 1913 15056 32728 32826 48679 
38666 47899 47988 49310 
7804 8431 14730 17584 28344 38494 45754 
539 1199 3928 5780 
3582 3964 31072 38176 49343 
22298 24092 35129 46454 46646 49370 
5061 16785 35497 42316 45429 48440 
126 1799 1800 1910 1937 
1097 10533 17680 18436 18614 27754 50468 50919 
200 4531 33971 48427 50362 
741 4651 9681 11535 12978 21154 46784 51789 
321 955 2199 2279 10360 12260 32852 48747 
1208 7287 14436 14437 30405 32852 48747 
1301 3302 11572 12170 13932 14317 30405 38249 48747 50901 51453 52814 
2675 9565 10627 17294 19682 21342 49377 
27540 42968 43075 44088 49382 50283 
10901 20228 30309 47667 
447 3957 9332 30703 47764 49148 
955 8309 11097 15174 27527 49830 
2033 31968 37545 45072 52959 
7251 13639 22030 28932 31026 33173 46738 47200 51369 51712 
5832 8327 17933 31347 49853 53504 
30672 37373 37459 38760 45268 48836 
8643 8649 10971 15092 20866 
1567 2920 11374 12833 19393 45115 50111 
23612 23613 31216 46964 48408 48556 
18895 20269 20426 23355 25844 31279 37373 41335 41847 42704 51457 51786 
13174 22664 32505 32645 35370 35827 48440 49287 50638 51566 52263 52839 
349 13035 13078 20352 45618 50736 50864 
4014 7745 8093 13758 17050 
23612 34159 46440 46985 48408 49405 
979 3564 3738 16184 16728 20964 22033 27835 28111 28858 28859 42615 43399 43611 47376 49383 51004 
200 1107 7442 28221 35370 49341 
25585 27433 35906 48551 49736 50116 
1235 2089 6457 8626 14400 40766 42074 
30405 33859 34821 39301 42294 43295 50865 51453 51512 52814 
201 278 465 2566 4061 14133 16732 21118 22656 30472 30493 39215 39819 40359 43233 43668 46318 47556 49126 50561 50667 
95 3976 12775 37992 40734 46526 47300 47938 49399 
10791 13000 26968 27490 27759 48206 
4419 6258 12181 20631 37405 42193 
8035 10328 23680 40000 47513 48947 
4909 6567 7608 22037 23598 25658 31763 51505 
8010 9406 9412 12267 38081 
10183 24210 38573 39440 47262 
10425 10830 12834 14948 48232 49224 
44918 46562 51324 52861 53420 53605 
9251 40205 48346 49402 
7334 7804 11795 12235 14493 14494 17203 22538 25972 28344 
18899 30566 36557 36623 41183 41473 42663 43533 44676 45268 45506 48842 48974 50154 51620 52054 52257 52260 52543 52865 53033 53096 
2994 10330 10629 10735 13385 49097 
406 864 2754 2906 23833 28301 40613 49280 
19779 21543 25531 28760 31205 51687 52699 53128 
5037 11154 12710 16769 16973 18287 19934 20981 21475 22941 23541 24021 25098 29526 30986 31993 32888 39667 44308 45433 45469 48754 49235 50382 50821 51688 
23351 23355 26002 29024 37995 51457 
4 809 4802 10223 10850 20151 
1453 1919 6892 6989 41468 
2333 5964 6161 11428 45425 
69 170 1865 3143 5592 50518 
8265 19758 24452 47367 48153 
6794 13796 16386 19939 23760 25702 26882 31326 33472 33666 34079 34095 34154 36761 39440 42526 45501 47671 48876 49527 50585 50945 51589 52168 
11731 22584 34373 38542 43470 43837 50644 
1211 1212 1317 1458 2986 3723 3779 3932 5478 11254 13427 14494 15704 19362 32047 32243 40576 41813 45786 49449 50134 50185 51809 52523 53135 
2898 10298 23845 30344 37842 
8600 15362 39123 46590 49389 50615 
16061 39834 45445 48307 49459 
4108 4667 7396 47730 49429 
6977 35252 39179 42378 
10339 19525 30327 49098 49116 49517 
202 212 854 4414 25980 42259 47556 50561 
9662 12859 16484 29071 37134 
25 2318 2822 2840 38007 48679 52013 
133 8391 37671 40103 43135 45381 47236 48217 48538 48729 49089 49529 50642 51013 
1056 9693 16100 20071 41785 41803 41958 47556 48040 49126 50561 50667 52687 
2387 8666 19633 22829 35059 
18583 20109 30227 30666 49252 
12910 19907 22201 23724 24691 28299 35069 35242 35317 37855 38167 38535 42019 50658 50705 51000 
2478 3734 10218 10924 11141 11508 13937 16284 19889 26653 29267 30960 39850 41019 44066 44525 46055 47419 48917 50221 50848 51527 52765 
22533 24720 24834 27358 49180 
3734 12273 16014 43904 49009 50457 
14822 17861 26702 27373 31631 39153 
11705 16590 19263 24804 29330 
33972 41706 46131 49446 50412 
825 1483 8892 20280 46127 49215 
43659 47598 48050 48895 51028 
7732 43659 48050 48895 49451 
1000 2208 12485 17298 26680 30650 32959 46798 49105 49265 49463 49843 
6351 13477 13942 22645 25319 35639 39170 51450 
1248 1903 3404 6226 9232 20946 25455 42419 46199 51650 51993 52176 53574 
6509 11427 37402 49455 52342 52655 
559 9823 29662 44294 45010 46074 50757 
426 2703 5101 16484 23757 48458 
49459 49460 49462 49496 49586 
97 731 3012 6028 6029 6989 8406 8506 9176 9228 9952 11609 14493 14494 14798 15884 16963 20408 24167 53356 
203 819 987 1297 1495 2077 4916 13794 19032 20278 21088 
27472 36413 40552 44105 44869 45513 49464 50494 
4318 11995 20050 48627 50081 
2463 7295 23433 43060 43903 44715 
4775 12021 23406 27975 51495 52272 
35259 39798 40775 41744 42077 43574 43737 47081 49957 49979 
7083 30371 35259 47081 48397 52427 
4345 4703 9232 9233 12152 
343 10874 19769 26476 26740 28374 35741 39011 48536 49241 50398 51767 
2391 2478 6211 8773 23935 27492 48261 50378 
4483 15416 27947 28228 32011 34902 41982 
740 831 1217 3296 3957 4062 6564 7042 22478 25561 32797 48283 
6392 31607 35504 40033 40332 40484 47768 48503 48926 
433 3254 8060 11988 17111 27614 31629 31889 49742 50939 52284 
1714 6896 11408 14236 14420 14564 24636 39170 46127 48276 51450 
2358 3400 16159 16725 35339 35733 49420 50601 50668 
32245 41847 48302 51454 
1161 4251 4262 11761 21088 21277 42706 45425 
2607 2608 9832 13053 32036 32744 
305 306 14585 44583 46036 
174 7193 22669 27255 38892 49474 
62 9867 10204 18769 18933 48947 
31363 35380 39598 46357 48831 
3059 16018 18819 19852 51431 
91 1188 1365 1681 1796 2022 3197 5403 8850 13393 
5184 5185 5781 5782 
36047 36481 36907 44674 49892 50819 
1155 3067 3288 3646 16386 19617 31326 34095 39440 44294 47671 47749 48748 50757 
85 1988 4688 4990 7412 12372 14570 15717 39440 
15616 36840 39553 39629 42731 49344 49392 53464 
23819 25249 28300 43274 44731 47116 50424 53096 
631 12442 23604 33560 36534 39144 45272 47039 47044 47946 49514 
1542 4226 7686 8650 10924 15597 21543 31650 32826 39203 46362 51450 53016 
564 9374 10444 11020 49518 
13187 13198 27049 41854 49366 
7705 38962 48505 49386 49458 
740 1217 1425 2187 6758 26173 48283 50518 
474 846 968 969 2001 7337 7666 7804 11457 12534 12899 13587 13675 16147 16731 20094 24923 28309 36185 43484 48614 53542 
5188 5784 9286 18045 24601 35306 49377 
19087 19395 47882 49467 
37386 41818 46247 47358 52541 52705 
5101 5102 35479 36743 46309 51231 
7016 11537 21183 34318 39866 40840 43220 43622 52929 52941 
7786 12952 49302 49364 
3899 3922 3923 18767 20946 21840 32891 40326 44453 50072 50133 51610 51910 52176 
1017 2208 5648 36520 44720 45132 46798 49105 49265 49610 
2053 5154 5565 5890 7798 16266 
800 1024 1818 19389 20955 24473 28988 
9546 26510 38751 43353 50394 53003 
814 28489 28716 36335 36336 43151 44607 49474 51457 52713 
2051 14301 45444 49398 52567 
3660 8600 35419 39954 49389 
6961 7452 27174 34913 38471 46127 47004 48679 
529 5492 5880 11203 49266 50825 
16588 19820 19874 19964 49561 
38510 40981 42607 47545 
263 18036 21207 29436 
10359 21977 25839 25844 32849 41847 44525 46841 48804 51457 52713 
31387 33756 38202 41959 44105 45560 50691 51889 
432 446 3064 5777 8757 9137 28538 39433 43600 46074 49571 50395 
288 773 3446 43352 53417 
19087 19412 47882 48287 51320 
10135 18680 24636 38636 48609 49579 
547 2737 4397 5126 5389 7004 7087 7296 9332 10646 10647 13598 14370 17142 20288 37800 
560 5630 7261 30749 32973 34079 34831 38440 42526 48076 48748 49110 50757 51525 51589 52168 52308 
6877 8255 8608 49585 
560 2002 2432 3685 4300 7017 9692 16946 39433 41209 47314 48676 
11535 11680 15824 30679 31034 31984 33589 37100 40341 41282 47181 48051 48493 48973 50250 50410 50872 51768 
3490 4905 6290 10496 31072 49576 
5101 24320 41870 48888 
21 2309 8979 13556 29368 31984 48051 50667 52154 
440 1447 6342 7153 9285 13217 19007 49521 49908 
17649 30625 47729 48564 
1299 3339 4016 14660 28078 
896 9732 12674 20871 28269 49589 
49 746 26653 40950 46127 51335 
4293 4298 16298 17331 22653 27943 28239 33750 35535 44235 49293 51376 52639 53281 
2083 14703 20801 21198 31565 
1659 1728 2837 3377 4950 5224 24763 32834 
1734 7954 8344 9903 13941 
6158 7790 8357 20420 20801 
1309 2132 6529 10169 29716 31909 32709 39812 
1512 3456 18439 34145 48092 52638 
3899 11761 30405 31192 31920 36977 41607 42089 50901 51490 
26144 27795 36557 37666 49576 
58 42609 43737 45618 47061 49957 49979 
3498 3499 5835 7055 16987 18871 36414 43060 
4 8 240 5992 18269 18270 49915 
11076 24527 35452 41120 46180 
6091 22448 22489 38810 46916 
115 28012 32470 35025 35158 
943 25938 30718 49620 49855 
16196 23132 47669 53543 
27051 38980 49244 49768 
1217 1698 3522 6758 13078 13197 24567 48283 50736 
918 15418 37857 38632 50585 52168 
1989 18302 22856 30750 
28346 38001 39132 40495 43470 50143 51755 
8680 35380 49459 51647 
393 20008 24676 32728 35216 44661 49607 
16282 17546 36727 49579 51071 
777 8827 8962 18718 25839 26141 32753 32832 43060 44066 45329 47524 52624 
10172 26653 27807 30701 39850 42704 43661 44066 45394 47524 50221 51786 53246 
1067 3917 10475 13695 49091 
2408 9396 14599 16771 37319 40883 42913 51383 
4251 6069 33729 35391 35591 42706 45425 
558 5042 11660 16201 38742 40088 48676 
1028 4213 20801 22772 29436 
3250 5102 6230 9125 13519 16391 17943 34534 40868 52562 
7053 11411 25657 32292 49614 
3486 5007 9051 17579 45519 
30716 38208 43421 45930 48746 49657 50802 51038 
14842 15087 23433 32826 45885 49381 49474 
12229 29694 31205 32545 43295 45131 45389 50375 
919 1177 5771 6461 11239 
876 4367 4935 5884 25602 
3925 4561 11374 18900 
384 2125 2900 7098 27663 48283 
18979 40120 43317 52769 
18313 44453 45500 50910 
30308 33634 33916 35015 43751 46245 46450 46909 48063 48563 48572 49185 49794 49897 50052 50081 50240 50244 50477 50536 50622 51214 51258 52180 
3042 10026 33881 49342 51328 
3403 3923 7584 9232 18329 18458 19428 25455 44453 49967 51205 51650 
1357 15281 15732 22378 29474 37975 50785 
6926 20269 20528 27091 31729 35012 38149 43060 44066 49366 
4287 9985 45532 46432 48276 
233 2721 5209 5832 6649 10379 14346 16286 35757 41631 47444 47898 51633 53504 
28869 49014 49670 49671 51062 53207 
3182 3617 4085 4679 4680 7713 20499 26952 
10409 21941 36692 50514 52562 
101 1329 4601 12732 13651 24050 
12298 18738 33878 34062 49987 
27174 31715 42515 43448 46124 49441 51450 
4359 8839 20759 36433 37686 51534 
1937 12687 13623 45511 47424 47695 
3461 7549 8152 21921 24636 30698 
1712 1713 4326 6309 27303 
1472 3003 4527 5538 9173 9507 9723 10379 10643 16286 19246 22880 31347 38938 41661 50130 51633 51686 
251 1063 22916 40256 47887 48212 49135 
5495 6870 7862 49603 50794 51322 
12524 18214 20752 39144 49514 
4275 14003 19559 43243 46552 49585 
14452 22123 27280 28772 34905 40422 40423 53169 
669 2763 6102 10572 16292 18212 41256 46147 48876 49769 49788 
6703 21202 32595 41130 
11141 20528 45698 46067 46841 49474 50497 51457 
5326 5776 5876 32947 50648 
6339 8191 25161 27694 30828 
14085 15360 22784 45066 45551 
819 4964 15763 46359 46800 
13402 22371 32762 36614 40371 43394 43395 46583 50519 
647 669 3153 4214 8757 20537 29662 31326 32973 38573 39440 47749 49527 49769 50757 
148 735 5042 5620 19013 27563 
247 2837 4961 9654 9996 21078 24763 32834 
773 2916 8210 18538 37290 49715 49717 
901 6523 10745 42742 47513 
1545 6201 8180 17877 21427 46841 
28412 30795 33229 41236 51276 
19533 20866 30640 39860 40427 49043 
2106 14495 14856 33460 50124 
8466 16737 40626 43082 43956 44455 49699 
544 615 616 1055 3154 3846 6739 6987 9332 32797 38899 43233 43668 44864 52687 
12348 33576 41003 49052 
13638 23495 33871 44019 44146 
9199 17853 29016 43967 52724 
3810 15200 15452 28627 40958 41972 47218 
3099 7407 11857 16462 25548 33392 
3738 3739 41632 44516 44790 46685 49383 
4359 5720 7374 10216 50865 50901 
3076 5466 5492 10644 50130 51633 
3446 10216 12211 30405 43597 50901 52814 
1252 6749 16501 41682 42378 
177 8622 8962 10359 10360 10951 11856 16987 25839 28349 29472 29481 30960 34576 36340 37567 41847 43060 45048 45889 50221 52620 52624 
149 2040 2232 8632 10245 14681 16402 27585 33838 37319 47921 50736 
456 1635 2339 19517 36520 41345 49265 49463 
1275 15010 17855 19021 50025 52128 
1910 1962 3133 3157 9245 15833 51032 51112 
1476 3622 39860 47435 49664 
19883 31993 32409 38225 44391 47265 
6885 7350 9220 36232 51657 
4391 20656 32666 33750 40707 42166 45950 47976 48644 
95 692 2346 7098 9768 10652 12545 12866 13355 13599 19057 23849 50662 
12549 12550 22480 52129 52435 
5572 24907 38731 47216 
2478 19315 30861 43661 45394 46055 
10360 11838 19889 20232 28716 32532 32753 36817 37628 39203 43331 44066 44529 44917 45698 48127 49474 50149 
4689 10084 17081 17348 26464 28854 
17355 34358 49582 49775 
9221 10801 20341 40486 42153 48389 49264 
307 2677 22315 22739 28018 30308 36241 38091 38273 38878 46774 48062 49480 49579 49725 49868 50451 52826 
15486 30537 34284 50166 
4229 8602 31520 42995 47597 
740 741 1367 3571 10665 11285 16628 
1942 7439 14308 28562 49783 52170 
1990 2149 2964 5146 6929 7098 25861 47314 
864 1428 1717 2187 3917 46676 
2537 4539 12576 16161 23680 34291 40657 48598 48947 
4175 16616 19738 30691 37385 38100 47553 48757 50280 51338 52753 
1019 3099 5289 13556 17637 33932 
456 696 7554 16267 16711 19517 27028 29889 49028 49463 
2519 4921 6153 12644 16875 22126 26997 38574 
3525 21543 26653 39203 44917 47452 48127 50221 
16890 23978 28295 46371 
3042 6258 8484 39916 49342 
2966 3260 10539 21757 
16868 17523 25844 26653 42704 44309 49742 50817 
39193 39194 43840 50555 53576 
10218 11375 17496 21543 44525 48127 49982 51209 
15572 27697 33331 39815 40818 
1713 10380 19005 50998 
1232 3794 44528 49724 50158 
21310 26131 30566 33984 36623 42663 43900 48440 48974 
4221 4271 4272 6812 15980 49739 
1580 7374 7768 7769 9133 18581 27726 48052 49805 49817 51490 52605 
30154 31869 33432 41016 41539 47607 
415 1210 13933 24687 31760 43617 
5720 33560 43843 45268 46043 48836 49484 
1548 7163 25702 32973 41256 49527 
4101 7773 15816 46786 
7125 10985 20913 29836 31070 
175 176 6174 18335 49679 
16100 26778 32936 37834 38288 49359 
5507 14081 23887 26959 28941 34414 34514 41302 45202 49718 49804 50251 51371 
15983 23460 25922 47116 51638 
4637 14986 16693 17082 34670 49712 
3012 26359 41353 42088 48292 49579 
445 2484 14713 26686 38344 49517 
4102 14095 14313 29645 36822 41113 46480 48555 49825 51191 
24210 25955 33666 36944 38440 38573 41256 46797 49769 50757 51525 
5652 33871 42865 46127 48588 49307 51450 
189 10793 13638 13802 22434 22686 38345 41591 50418 
1534 1621 1622 3840 3851 34291 43675 
6917 8709 16644 27796 28450 
779 1555 2200 4847 20067 26148 29296 49714 
1548 5537 7261 16895 19309 30417 34154 47671 47749 49527 50585 50757 50945 52308 
16126 22751 25861 32289 53097 
2104 2411 2571 8070 29576 
350 21901 24757 37160 44038 45848 
432 7131 11680 11807 46304 50640 
7978 9546 10861 17766 17938 17939 26510 44875 46502 46623 46696 49707 50394 53453 
364 12618 30566 33151 35497 39550 48842 52054 52865 
27245 41737 42456 42467 49731 
16945 34481 36087 42109 46602 51323 51681 53005 53052 
2308 2309 4536 9346 9916 10471 13556 14677 30626 34255 45653 48032 51095 52154 
1953 1954 37055 38843 49815 49860 
7014 31096 35341 45878 47079 47590 49129 49749 
11059 26131 28685 40071 45565 48836 
4575 29029 29884 49865 50709 50796 51169 
2246 5955 10475 41414 49028 
11138 42867 48658 49867 
8621 9025 18502 22865 51303 
17829 19738 20434 23373 24097 32731 34664 34821 41148 47364 50549 50648 50901 50943 
602 6169 8153 26173 30463 37689 51709 
386 7268 13646 43396 49769 49788 
146 6987 8979 10177 38591 49491 
285 2304 2305 4014 12294 14883 
1409 1774 8501 44754 49097 
3084 4104 4429 4947 6881 7403 14575 
1118 24210 29788 30749 34079 34095 35597 36944 38233 38573 46611 48076 50757 51589 52168 
6432 15000 16284 23406 26653 32814 49381 51786 
22607 35380 41268 48133 48306 51361 51647 
11838 20232 34350 36335 42118 43060 43785 44066 45243 47419 47524 49033 50497 
22130 22783 28018 46454 49779 
19413 19893 20777 44878 47787 48917 51270 
2591 12533 13214 21735 49866 
3949 4219 15603 27726 44016 49805 52568 
2924 6278 7010 7379 10462 12948 49715 
1824 22697 22847 34596 39215 41411 47248 49491 51797 
10593 17257 26791 41943 48421 48556 
29016 29404 48209 49902 52445 52724 53009 
1467 7017 7213 8231 8312 9870 28077 44737 
1548 6409 29662 32973 46074 46611 50395 50945 
246 5389 14370 18799 48472 
5197 15262 31729 32532 36303 39762 44066 47419 47524 
6275 8834 32133 46063 49072 
1033 24348 43630 47573 49796 52657 
11130 15684 28046 43390 44260 50241 
15265 20829 29364 34599 36973 50499 52029 
697 2909 2910 48199 49857 
20269 42208 43060 44958 47524 50221 
5835 8125 25871 35981 36502 39606 44637 46449 46461 52720 
29401 35052 41946 49921 50329 50430 
5521 22314 29464 43254 49051 51876 
22664 37064 38481 39001 44100 49820 
2661 6603 7549 14160 27035 
7765 31364 31991 47397 49866 53599 
10448 13198 31819 49366 49917 
5266 13710 26740 32234 48635 48673 
18260 28854 33704 34117 45861 49063 49341 49925 
5526 9395 20641 46864 51633 52482 
23904 25044 28125 28229 38248 44066 48235 
18797 42899 43911 48483 48486 49947 50036 50052 
16780 16781 22951 40476 52956 
21 22 548 824 2670 4791 5979 9392 10966 12425 15644 22161 27088 29995 33524 36010 36585 47367 49724 49813 49950 50158 
604 740 4950 9942 16673 19517 51633 
1068 5544 7100 14948 27255 39433 51449 
16987 27255 30847 32532 47419 47452 48127 50149 
14926 37428 44917 47935 48757 49381 
14926 15286 32121 43060 44066 44917 50221 52620 
286 10511 24760 41822 48557 49894 49937 51362 
12592 36999 38345 39918 43588 
22604 29267 35148 41019 46171 49960 
58 12554 22524 35259 43779 
3731 12505 16728 25477 32556 49126 
26 413 28439 47130 
3404 4433 18323 37397 43665 51001 
303 304 4181 29138 35795 48679 48917 
5633 21297 29364 34599 36836 37146 39858 47523 48229 50934 52029 52786 
11163 30141 30331 32511 43600 
25060 28436 31278 39157 42057 45572 49635 50795 
278 2760 20121 30472 41785 41953 41958 48040 50770 
43457 43533 49719 49973 
13358 14429 18763 31334 42714 51376 
1808 21534 23035 33226 38711 49818 50974 
8605 36016 43421 43812 44918 
5145 23434 25842 25844 34904 38766 47452 47772 
777 15798 15976 21376 26653 28782 43442 45394 47202 48744 
6340 8358 18799 33451 
4972 10491 14585 19088 49984 
14211 21085 24560 25618 29990 49638 
2777 31842 40277 41083 44063 49989 51927 
5764 6324 11753 27550 47334 
3066 12853 19618 28538 38742 49527 
24545 27106 44580 48145 52257 
50 4197 12465 43145 49915 
11180 23496 26596 29209 
918 3442 17637 39355 44737 
16025 17796 25111 40756 44886 
1963 2092 2445 2629 2945 30014 
8873 28446 33331 50006 53445 
818 8052 8832 10047 14172 22519 37436 49098 
4432 6457 9387 18618 32556 40766 48165 
1222 2760 2806 17124 20071 25175 43233 46318 48040 50561 
4016 9296 16755 49922 
3505 13554 25863 28759 36283 49990 
11509 11510 14803 26870 33363 45262 
18289 23872 30248 32642 36616 39081 43659 44735 45007 45045 50016 50303 50704 52018 
37385 43182 46841 47524 48757 51786 
5694 21979 24849 34338 36582 37990 46093 52272 
31410 34359 35160 46643 51700 
847 7173 7343 43458 46943 
7254 11023 11143 11516 22524 35855 40775 41135 47061 49957 
1302 2906 30132 47263 
30115 36541 40521 40912 50021 
3602 3844 5062 6595 8172 13779 14375 24317 50399 
11504 37386 37967 39899 42399 47553 51338 53186 
26680 26827 29889 37685 39772 49265 51159 
1447 6766 7548 10738 31987 
880 3642 7239 11973 17192 24317 36098 
3099 3181 6997 14014 29682 41990 
448 5975 14563 29880 38751 39622 50394 52306 
34527 34905 35417 51470 52546 
2747 2882 4206 6392 7024 7068 8908 11360 
896 2508 16658 44013 44400 49381 
2475 3296 12578 49540 51183 
366 1654 9166 30912 
29776 34589 43470 48507 48643 50814 51263 51755 52795 
21360 34424 44613 52332 
1424 1581 5532 8248 27719 31165 51789 
5456 7532 16709 37327 50075 
1622 13000 26637 28008 30517 
20713 25466 29413 41286 50009 53213 
4628 14595 17150 21134 50014 50745 
18819 27279 39273 39495 42518 
9194 11023 35259 38626 39802 41135 43779 52427 
30027 43305 43489 45072 46791 
32036 36833 41441 46988 48269 
17453 37223 48836 50199 
4618 11477 13151 13553 50084 
6351 7730 10338 10339 
18242 19893 20699 33925 48261 48917 51270 
2543 4240 22059 28596 31846 
1209 4036 31060 43597 50901 
2299 2300 15441 27859 48407 
6211 39269 49033 50091 
842 2742 3105 14573 15178 33942 
29694 41072 46248 51681 53005 
804 8553 18178 51348 52229 
628 3302 7374 9025 24063 30405 33276 36049 38159 38338 40666 47977 50901 
3763 11203 12743 43675 49266 50090 
4599 6171 15515 34656 43346 48175 
16354 17852 39292 41234 44732 49866 
1382 1739 7089 9741 11964 18782 22153 48548 50804 
175 3672 16063 39393 49509 
8578 12594 14290 27509 33687 38837 
27263 37069 46450 48170 48597 49831 50028 50622 51240 
7663 21362 41151 43943 46199 50298 
24814 48610 48611 50072 
4537 5340 8058 9674 47051 49148 
1548 3762 4670 5350 7261 9692 46074 50891 
19889 34402 35012 36336 37571 44066 44525 50497 52568 52624 
2571 17576 23358 51961 
49 1583 7768 30405 39652 46449 
19558 38196 39918 50009 50147 
4226 12243 16584 49474 50142 
630 2734 7049 22192 47772 49712 
157 1803 5042 5062 5492 41411 
41670 44033 46167 49891 
3620 9918 16988 21148 41817 
11848 30352 34182 37671 43790 50167 
4672 9045 12460 25149 44194 51112 
7836 8800 14192 15875 
2428 11915 11916 14672 39838 
16394 21544 24728 38905 40264 42813 48746 48873 50112 50802 51365 52151 52808 53244 
14258 17375 19139 23688 49005 
616 3846 4061 4691 4705 10987 41411 
2884 4293 5975 14840 17884 51428 
8026 9134 27959 47635 
6211 8226 16284 18895 25844 30847 31279 43060 47452 51457 
2013 21518 44102 53209 53451 
31829 31830 41889 42447 44972 51845 
13564 24169 34215 34589 34590 46363 47398 50143 51263 51755 
6289 11349 25224 27522 42970 48738 
27743 28324 49092 51046 52346 
17496 19442 21543 44283 47314 49381 49982 
180 924 1048 43508 47621 50073 52153 
17653 17875 38961 50196 
647 1945 2118 28538 29662 32511 
7642 8283 13687 15634 49818 
1064 21702 25754 37545 42097 48696 
5486 17727 21615 29932 38128 50078 51016 
666 935 4417 8237 22697 50158 
1172 1173 5826 6070 25782 
974 1503 1547 20580 25955 26882 39732 48876 49527 49769 50757 50945 
6597 7017 7261 8231 9692 14948 30618 
9316 14948 15223 37952 51020 53403 
4971 9494 32545 40840 50375 
9941 12426 16317 38626 45722 
5933 7136 7569 29773 45296 47921 
19963 36431 42469 46841 49540 52794 
7988 19346 22453 50009 50224 
396 1677 6704 38355 48661 50079 
4066 8176 11192 14798 44782 46963 50231 
6973 7357 11107 37671 50167 50343 
533 6756 8732 50237 50271 51669 
2777 8632 24473 44063 49989 51927 
7090 8176 10650 10926 14915 19628 33062 50231 52434 
35694 48558 50261 50686 
4907 5341 8632 29368 33589 47549 
3839 18731 27435 29716 51519 
596 5310 14484 16832 28522 32271 39724 52293 
285 2802 2871 5731 6529 16992 17657 27067 
242 1859 6529 14035 16368 18198 40889 
16949 30057 40887 53390 
6412 6553 30515 33752 
713 1291 4313 4536 6592 7740 11535 21311 22110 50399 
153 166 245 1830 16490 
29381 30286 40113 42705 44347 
561 1959 2415 6116 10114 14728 49481 
14617 36086 36102 40726 42806 49422 
1239 26332 47539 50254 
23950 38095 43801 47895 50289 52484 
2990 5873 9926 50213 50293 
27609 34535 50294 50454 51011 
24616 36045 39399 48583 
4386 4387 9886 40406 50231 
28244 47126 49847 50301 
50060 50061 50309 50889 
752 5597 6642 11322 19389 21801 29958 39738 
299 1522 14187 27663 50736 
20559 30491 30814 34692 47081 48493 50250 
4950 11435 28898 50156 
8745 10429 30938 33340 50325 50772 
1666 2979 9893 26068 49072 49544 
9306 38167 40165 44036 47271 50691 51712 
2979 8989 27081 44848 46805 49341 
5934 9164 9285 35024 50254 
160 1807 3786 10854 
1384 2908 5726 31617 42489 
6210 8938 34121 39850 47452 49474 
108 5653 6555 14313 49825 50403 52571 
2123 3999 5470 6059 14052 33916 50994 
4971 11537 13418 15547 50375 
1131 2652 15261 41003 50363 50488 50681 
8836 9546 10396 11956 45201 50394 52306 
2621 11572 29118 49616 
3223 18173 44701 51282 
27762 28104 46217 47878 
10396 11006 20261 30620 30970 37426 50394 52306 
2253 5947 11824 14271 49436 50012 
26068 26772 34913 36339 42865 50378 51385 52826 53476 
65 1714 3475 17333 28222 50696 
205 9498 19106 37633 49717 
1146 1749 4893 6457 16443 18104 40766 46446 
9295 12524 20273 24134 39189 
1119 3296 19823 29323 29324 36997 
23787 32061 40144 43283 50380 
11722 35358 43557 52870 
821 1254 1298 2611 5394 6281 
5270 31338 38423 43021 
8443 28269 37631 38187 50219 
62 7539 15844 17834 48947 
1736 28300 42789 44731 47915 50424 
118 3909 4043 22915 24525 43955 
56 1057 1297 2633 8189 
1254 5394 5996 12772 25359 43895 
41358 42818 45349 49071 50397 
1747 2526 7462 16267 29999 41109 
19 20 2518 4290 6550 
1127 2112 2431 2633 7573 20564 24569 
2237 9853 18170 33180 42701 
8265 19758 28988 36668 37403 43968 
9952 15517 15518 36552 50408 
2623 6865 15070 19389 29653 50401 
10005 24265 25844 27409 35012 43151 
2734 10924 20910 23539 42865 44697 46127 52826 
1490 2655 4920 9425 10689 47340 
5839 18774 19532 30174 36789 49612 50958 
1653 1654 3769 5345 6032 
13587 15147 39144 45272 
547 2309 4313 9332 13556 17664 20288 24611 31165 48913 50399 
14771 35489 35913 45161 49245 50425 
10049 26131 44670 44873 49820 50425 51811 
5108 24778 25851 28662 39367 42053 50376 
9133 10993 16603 40273 44016 
432 918 2309 3730 4397 7131 10475 15827 
2300 6568 7509 23091 41503 
3804 4802 8097 8767 11531 14343 20987 
34590 47147 47839 48507 50143 50722 
26065 29985 35339 44139 49484 52257 
25 6495 7048 18043 24007 28153 30217 40633 40722 48618 50880 51864 52040 53081 
3817 4942 7566 7833 19778 24097 30048 32731 42236 52167 
12041 14397 34633 49896 
1911 2140 2797 10916 22751 28740 47061 49957 
446 4519 39433 45805 46676 50253 
3184 6600 39454 47453 50241 
3538 3624 12475 17884 48644 52639 
10604 26160 44051 50395 51525 
2422 8226 11714 39953 48804 
1254 1439 4304 5394 7520 16441 16813 32928 
1534 26326 29368 31215 34291 45991 
1706 9481 9771 14783 31125 
3294 6607 9851 11655 21737 22749 50225 
1923 9332 10069 11395 27742 39255 39605 
1606 5037 28331 30342 50357 
3975 15805 23556 24133 49420 50601 50668 
38252 46411 47862 48062 50424 51566 
560 564 5526 9580 10475 50401 
37843 40864 50301 51077 51403 
2461 2475 17496 21543 32213 43955 45402 47838 
3089 5288 8179 8760 12513 16963 
18993 23225 29278 46456 50798 
5629 26454 32525 44454 
10328 24335 37300 40657 43869 
615 1254 1767 8129 32928 46784 
11680 30814 31984 42265 45721 47081 48493 
29131 29788 38742 39362 47749 50757 51589 
848 2926 6619 8324 11603 12914 49097 
8025 12208 15000 20851 50089 
20365 21095 27190 46819 50362 
5024 10463 12363 26556 32796 34338 34350 36428 36521 43350 46093 48618 49903 52272 
347 786 14933 14988 21803 50745 
1202 10694 28252 29873 30683 49815 
377 1447 13626 15581 25270 
1604 1605 6112 8657 20514 50462 52101 
708 709 4243 5370 21990 50998 
4780 8024 8149 9022 50517 
314 1436 4138 28988 41027 
18436 21211 24919 34003 39291 47885 53012 
8205 11083 15753 35308 44476 
5577 9216 34487 37599 40163 40341 47549 47557 
15666 27704 39618 39633 48313 53483 
2033 3575 11508 37545 47538 
25532 49564 52584 52699 
19041 23104 27330 41391 51215 51250 
1849 1850 3787 40100 
1926 7059 16227 36950 39119 
6525 22713 49603 50794 
5725 8515 12823 16057 50371 50876 
25658 34910 35578 47975 51505 
9950 16180 22603 49182 
3042 13051 39923 44006 49342 
2002 4990 7412 11660 12049 20142 22962 24255 34831 34849 38378 44260 44639 44720 44977 
7496 12885 16798 20036 49300 
4085 15174 22074 40613 41568 52732 
20232 43661 46055 50506 
8081 10414 12709 24735 31916 
29319 35938 36550 38094 46232 50313 
4143 5042 7577 28538 38903 43390 
30323 30940 44042 51644 51831 
3221 28683 50570 51254 
7066 13372 22070 23812 26578 39237 
5046 16686 23207 23869 49992 
1913 7768 13932 38682 50371 52605 
27500 30262 34375 36144 50444 
176 2230 2997 7035 19451 38491 49679 
17209 20647 23983 30340 40079 52527 
2912 5921 8962 9581 
429 3733 7059 12230 13118 39119 45115 
11926 20177 27850 43196 47452 50497 
9141 16253 18767 25455 50371 52176 
6495 21205 27271 31723 33542 33704 36153 50378 
213 1056 19469 25875 42751 50561 
37353 46460 49262 50630 
446 4519 11660 32511 37627 38742 43600 44260 44639 
3209 4050 4051 35400 
14155 28341 37816 43614 50549 
19052 26923 30048 33413 50648 
4723 7383 15208 25078 50220 50901 
746 1150 25325 26653 29801 36994 48885 50644 
27815 34589 41011 42983 50661 
14127 24654 38209 50663 
3338 6919 28385 50473 
6996 9595 24406 25272 29844 50666 51493 
18541 30542 46132 48772 49035 50652 
34027 44427 47728 50570 
26774 29017 36879 42117 50689 
777 8597 23269 41951 46841 48588 51394 
33633 33634 49975 52150 53069 
22428 23401 41466 44334 53213 
5280 17496 20073 39886 46690 48388 49982 
5265 13747 48536 50398 51547 52706 
432 442 942 4956 23928 50553 
23643 36900 46572 47711 50654 
3998 4218 5128 7426 9996 14570 17997 25760 39649 
3112 30693 34989 35230 39184 47768 48503 
605 2133 3310 6273 50947 52258 
4066 5902 26683 32704 46963 48549 50697 
924 1048 2976 17151 21144 39170 51450 
33871 41048 47036 52380 52402 
12010 35876 50550 51378 52905 
16696 28163 31204 49249 50027 
4943 5597 9391 14201 16500 41878 50531 
2550 6375 8532 14640 
9324 10181 17678 23491 
2145 3225 4665 5175 7139 11485 
17286 20358 29113 36850 50715 
2438 2609 8711 49779 
10502 34983 39132 47007 48667 50143 
552 1590 9396 15015 19469 47549 50872 50940 
2394 2546 4500 21518 35775 
1208 6583 12759 13391 25158 30405 51512 
13743 15645 19590 33119 46686 
51 14639 20510 20585 32433 50079 
11743 25488 39040 46864 51633 
46972 49710 50733 50920 50975 51508 
723 11187 15881 47621 49542 
28938 33190 36785 40989 45801 51801 52257 
1861 13587 13884 15052 24683 
918 1429 3730 30233 49091 50864 
4515 6415 11630 22741 27090 37600 52253 
1568 3876 4325 12678 22311 50736 50864 
258 6026 18491 29014 49098 52153 
16173 22995 38947 42399 48444 
13709 14139 24811 42482 50759 51976 
271 14244 23676 43690 50403 52500 52571 
1380 4245 8776 51148 
349 1522 1581 1730 12678 
400 1662 2136 4582 5071 23192 
1220 2642 3846 7131 9332 10123 13078 50158 
5652 6495 21116 27717 46127 48588 49725 
935 1051 3056 5801 18083 23555 39685 50158 
842 2642 3356 4930 8727 
35493 38278 46576 46776 50826 
36306 45903 46921 48678 
50619 50628 50829 50830 
2566 2806 6987 50561 50770 
3792 21840 32896 50371 52605 
22275 46077 50793 51009 
22981 33615 41305 50332 50354 51881 
1227 9947 16975 28172 33360 48090 
16193 18431 45683 50727 51167 
10095 17336 44583 51711 
4565 12209 14397 17714 50853 
3563 4657 10579 15951 21122 42610 49383 51004 
1945 4111 5454 9014 24858 
3627 4983 5954 17357 25359 50874 
38544 38545 44133 49288 50838 51005 
1847 1848 2940 6596 6923 
4 5 240 828 6571 49915 
1055 2479 3846 45321 46318 50561 50667 
3498 28733 38244 43515 50848 
11660 21756 41636 43390 44720 46304 50896 
11077 16002 17686 31105 44527 49139 50844 52539 
16979 30289 38290 41568 50896 51465 
1903 3899 43938 50034 52036 53574 
6313 42419 43938 53574 
14976 20815 20816 38250 50102 
218 1838 4006 5493 15194 50399 
28556 38708 39725 50129 
447 11680 31578 50620 
33276 34821 42294 44016 47977 50901 
6911 9693 17124 43233 47556 
16896 27102 30749 38233 46611 52308 
38142 47054 49598 50917 
1750 3545 6457 8889 40766 
1774 2061 3859 10186 13116 19250 49097 
19302 21475 28029 38450 49319 50931 
1910 3284 7827 10924 15833 27690 48261 48679 
44469 44592 50936 51693 51720 
5319 5628 7003 7544 11401 50301 53174 
4274 5449 6549 6651 49879 
18310 44597 50941 50942 
14940 26592 35007 40445 42670 
1119 3296 4278 23767 30109 48261 
33692 36048 38143 40084 49964 51886 
11301 14701 27135 35278 50847 51355 52658 
10912 11564 12985 25156 29944 36973 49392 52047 
7519 15633 25179 33545 45499 49818 50974 
494 6649 10572 12466 42265 42877 
13639 13706 14307 19249 21561 22588 26606 37818 38255 41297 51712 
38836 46262 50978 50979 51188 
741 1479 3743 13111 28538 34849 
219 8887 12853 14233 28538 49266 
21606 44367 46124 50949 
6327 10303 13969 20228 50797 
174 1209 1899 2426 34265 44813 50901 
2486 8064 39618 48308 53423 
215 818 6291 13518 37436 
299 5389 7980 13035 
105 1958 3677 16650 29511 38459 
1125 1377 10061 14236 49915 50462 
24997 30639 31591 43806 44746 47619 52429 52910 
5307 37025 37397 51001 
16950 36048 37273 48395 51044 
943 2201 2602 8204 41188 51004 
23302 24691 37855 43627 51983 52327 
741 3917 5715 7273 10877 29671 48283 
494 575 5146 5459 16875 
4670 6600 7412 21645 39766 47453 
21153 30821 43141 43224 45478 51452 51485 
2553 19485 21009 51050 
9401 16694 29348 50994 
5536 38840 42433 43526 49324 50006 
2074 2713 4280 15779 50745 
5214 10278 17401 22018 36431 41120 51798 
18114 37340 42525 42794 
18038 44617 51030 51031 
36663 40034 50451 52237 52839 
74 7389 8134 27738 51079 
10185 12549 35938 36592 40997 52129 52601 
18210 27943 32472 41724 50538 
14599 16817 40340 42702 47898 
519 5615 8613 41430 51095 
11841 14087 33905 42495 45606 48498 
561 563 806 2641 10280 24595 29492 51183 
5980 6261 14031 27817 51086 
13883 15543 19742 20255 21085 24663 28153 33960 37743 49857 51261 51300 51749 52110 
2478 5204 6327 10178 30526 46194 50797 
10428 12191 23595 26360 32285 51048 52372 
3329 5459 25969 37599 43955 48206 
4623 5344 13205 14862 15645 21828 51083 
15162 17906 35456 46159 51118 
424 669 19956 39362 39440 44294 49769 50945 52308 
11849 18170 29775 40569 44786 50325 50772 
34723 49482 51101 51131 51134 
10290 17814 27593 49224 53074 
3100 12490 21483 27563 33307 48283 
3898 18905 20109 33298 39132 44947 51561 52394 53137 
44628 44956 48358 49847 50616 
302 11815 17402 32767 
5835 48894 50023 50439 51218 
2423 9685 16755 33240 38097 49121 
183 15725 18155 47825 50225 
3329 4820 5013 6046 33307 
6833 14826 16355 30806 35113 46541 47834 52933 
2586 3304 21116 30342 33704 51523 
3704 22700 28647 39355 
3083 6801 18052 38777 38798 
279 561 1959 2415 9040 30476 
9429 19972 20901 48366 48722 
2855 27336 29889 31521 44720 46743 53265 
711 1446 4133 47340 50312 
12158 28677 34176 36613 
439 616 1367 3571 38792 52687 
10325 37224 40564 48524 50388 
2934 6931 31248 36876 38161 51192 
184 964 3957 9689 16162 27255 47408 
415 1423 5229 35806 43617 50378 
28621 31459 35567 36085 51173 
24915 28372 28667 30627 44006 50255 53178 
1144 14648 38133 40890 40942 
174 1209 5893 6007 50821 50901 
27109 29047 35199 51073 
19315 29267 31327 32892 33783 39850 
24367 39133 39209 49775 
12472 15954 25765 49633 51735 
5677 30004 30005 37354 46623 
200 31977 32689 35468 40322 44105 51144 
4460 6529 8660 11797 14130 49715 
348 3147 17822 18397 21234 
595 8921 28647 34656 39355 39724 46304 
4 764 1072 2242 8099 27579 45360 
29021 30308 40214 50439 51610 
20380 23020 23937 35673 36835 
20547 22932 48588 49114 49801 
2609 25966 33263 45730 47144 
18313 34543 35476 49186 51284 
190 1514 5801 7980 16628 19389 
2712 7766 13072 19861 26578 41054 42679 
1877 6547 7221 16123 31567 41282 47081 
1649 9511 25461 25888 29027 48996 
2233 2325 12968 13153 23139 25969 36984 39142 
18416 50486 53110 53111 
31387 33482 35317 42109 49371 
11740 24840 44297 45655 50555 50918 
43626 43851 48625 49725 49902 
1983 6900 9380 11267 25615 26629 
601 1677 7135 21002 50079 
978 3869 6481 12368 18616 
32892 43917 47202 48744 50362 
2791 8582 18897 25960 41552 47811 52054 52137 53542 
9245 22583 44239 52536 
2121 11906 17203 25199 28130 40859 50141 
26325 27509 48298 51344 
29112 33871 39807 41966 45068 47201 47364 49732 51355 52507 
733 12924 17637 23682 51895 
494 6738 50187 50195 
157 5493 5548 7083 8616 50399 51465 
58 547 7221 10646 12583 24611 35855 38773 41135 
393 15087 24895 34854 45048 48127 
3302 7048 9134 39652 42398 
638 7877 9948 10551 16644 29442 
12484 28220 31330 36376 48746 50382 
23066 23094 29257 51397 
8723 10325 47765 50775 51227 
746 2080 5074 26653 34156 51402 
5188 5784 45275 48110 49377 51323 
786 2713 4491 6590 15906 
11256 36784 45876 46193 51144 
1351 11630 14084 22161 25359 
1119 3296 19823 24299 26593 48164 
1043 2500 12861 18776 25615 45722 
4552 8524 20131 24872 49730 
1043 1465 14344 30790 39812 42170 
1663 20632 38434 41668 53164 
1903 3922 7644 10392 13936 20946 24296 51390 51391 51993 52176 
17401 34285 35770 45948 51798 
3077 4321 12069 21967 46793 50510 
26074 30041 36850 46772 50650 53518 
10541 18259 51141 51211 51402 52109 
1101 4956 18441 33507 
632 1242 7449 18694 21286 
272 32545 37275 50375 
35385 49120 50148 51514 
3021 5243 5244 5248 21249 49429 
4567 7602 14800 15312 46510 
32 2137 37162 46827 51528 
1378 6728 31650 36349 36505 44715 50219 
2046 7120 47352 51488 
593 701 4382 12709 49507 52552 
15672 17690 27809 32091 34338 50230 
2023 3418 3729 13867 19517 49105 
473 5325 12899 13880 14217 16156 
810 14599 15417 27586 29883 37073 
242 1859 2837 4243 5041 14676 40889 
11615 16617 36786 51620 51700 51761 
2897 17750 20043 39606 39905 
4302 9942 11435 21695 52201 
5975 6950 9139 13087 22856 28510 52637 
18376 22363 38858 38934 44463 51498 52498 
21423 26626 41286 50072 
3403 7164 16252 18767 38942 44453 46199 51578 
558 4300 4670 7100 9491 21645 
16868 43661 43917 48744 
30592 32125 35477 35803 39081 48660 52927 
11870 15384 27995 41182 51362 51592 51859 
165 427 7872 24050 39470 48175 
34408 47868 48043 51000 
1709 1865 7082 17444 51599 
558 7213 14948 34695 44737 
11280 12796 19527 50863 51484 
13671 25774 35912 40958 51252 
658 1706 2906 7673 8072 8754 
4279 4313 6165 8172 50827 51152 
12651 15237 19353 22974 29570 39189 41446 51130 51544 
39668 39669 48115 48116 51481 
12524 40430 45705 49514 
1130 1131 10015 10674 12632 
1628 1659 2877 4128 48356 
1803 2103 3614 22165 37800 41411 
165 402 1027 10601 14597 45109 
418 1013 2683 5200 10722 
20107 28760 37224 47840 51298 51687 51937 53128 
3296 24715 26605 27690 28269 29392 29492 31434 36252 46841 48206 51450 52754 
2228 7988 17853 19346 29016 43967 50009 51055 
11430 23275 36682 41481 47436 51527 
138 6042 9919 14897 16155 18100 
1050 4686 20198 40756 44831 
7372 13689 28328 52461 
6677 22171 29368 30481 41083 50096 
19972 20109 21986 23002 33298 44477 52394 
2758 3817 11189 16616 38947 
9723 20222 29258 45796 51686 52008 
517 5375 5551 14235 51717 
19779 42670 45910 47840 51937 52699 
9306 11075 16945 24223 36045 51712 
255 3191 5970 6656 31729 41019 
85 602 760 1052 6564 11080 18863 51709 
1024 6331 9858 12408 18704 50736 
758 5646 36051 37610 40937 
13706 21574 27372 38952 46944 51681 
111 1747 2526 5954 32797 50940 
8188 9537 10726 37500 44260 51159 
2459 16175 25232 32108 44917 51736 
20022 20023 39701 49708 51737 
5500 21410 39906 40373 48231 
41686 44453 45998 50644 52538 
282 394 2334 26135 
10516 19889 24527 35148 49475 
5792 11075 36325 40802 43308 51712 
3675 7181 9887 19032 44080 48263 
2517 6334 14451 37574 39119 
489 2303 3219 7047 
30978 36981 46250 49041 51350 
1217 1581 3167 11161 24611 31215 
14728 14757 14847 19344 26026 
37778 42363 44368 46655 47752 
31965 36837 50662 51320 51818 53277 
717 9320 29313 37699 43764 50124 
3457 21313 21732 27501 51430 
190 1514 2384 9216 12959 19389 
14672 18577 29738 46128 51217 
1910 4517 6940 8149 29123 50517 
5693 6926 27255 31060 49054 51450 
23037 34983 37107 50952 
5391 5747 40572 41006 51378 
882 4061 6935 8254 8909 13598 
27353 37864 46519 47965 48772 49831 
886 1256 6932 26558 26564 51450 52129 
3502 4219 10513 24673 30361 42062 
303 304 6948 32849 43903 48679 
447 7131 9332 11680 23461 50401 
24958 36648 40514 43470 46718 50644 51210 52797 
454 865 15568 34058 48051 
4879 14634 37697 43455 52323 
13435 28932 30541 31414 34213 37307 41466 43203 44453 45490 51610 51910 52608 
142 143 844 23816 
524 5005 7654 9442 51045 
5577 5620 13035 22751 47921 
1709 5189 21976 26860 38503 51905 
18865 18895 29138 32826 35216 43060 44400 50221 52561 
4906 8451 19837 51873 
4054 4361 4949 16856 18087 31347 
5357 13942 20365 23419 48964 
9910 19687 43504 51945 
18765 23314 45332 45837 
616 1124 3154 4691 8496 
11302 27463 51640 51955 
24746 51964 52279 52519 
6211 8650 12470 17496 46952 51450 51786 
24030 30128 30129 37393 51374 51903 52559 
421 4306 4738 11517 34927 
1470 16153 17680 51912 51976 52023 52495 52886 
41441 46354 51983 52021 52326 52327 53048 
223 1910 8742 15383 16403 
8372 28820 37629 48818 51995 
108 9840 40613 43390 52571 52662 
22783 30486 42644 51510 
111 7695 8063 8979 9332 50940 
821 10572 11029 11760 13036 28334 39355 51726 
10599 19102 21141 45591 
242 1715 9378 10566 35813 40889 
18541 26546 38328 44613 44732 50652 
14276 35269 37340 52064 52065 
6262 16195 32150 50866 53196 
13216 14992 25625 34583 49843 
2827 4654 4993 5280 6869 20073 
4004 23215 26213 32866 52056 
7554 8596 43669 44639 44720 49265 
19835 37254 49909 49985 51538 
237 238 3078 6115 
10008 23878 40313 43730 47695 53076 
4513 21430 37687 52048 52049 
8667 22314 23547 51876 52122 
31509 45487 50021 51479 51974 
23033 26750 28722 28759 28760 41362 52129 
3010 3011 6837 41978 51786 53006 
5382 14327 38098 43274 50268 
20453 33255 33706 52135 
8650 11141 12470 38668 45900 51457 
21310 24234 33934 36592 42668 48268 
1468 8358 8464 27901 
2797 3726 4073 14336 27626 39802 
333 1012 31572 39872 50872 
18092 20236 30669 40769 
7750 10099 35790 40289 52101 
18224 28566 28841 32736 
6299 10924 36997 44475 46163 50721 
19779 47840 48824 51298 
928 4772 30744 36488 45115 
10047 16603 27127 38813 45611 
11366 21368 37006 42841 52137 
2019 2034 21392 42298 
978 1800 20169 21718 35268 
328 3716 5544 12783 49527 50395 
4847 6322 9509 12890 18422 
434 2508 8256 10218 49381 49742 
2462 5146 8648 18242 23467 
30114 46068 51928 52031 
15009 18703 21026 34607 47382 50119 
4423 7691 11675 12001 51265 
17442 23049 51983 52021 52242 
2538 5563 8902 18769 19460 
21594 24616 41801 50190 50494 
5321 25532 41185 48048 50595 52250 
4869 28791 33660 39647 48769 
7999 11438 13548 31722 52190 
5999 6664 14844 24893 31623 
24616 25049 28932 48820 53005 53052 
51716 52255 52665 53034 
25369 31113 31247 36188 37546 50409 52271 
26131 29112 29457 48440 49903 52025 
3540 5969 9675 23548 33718 
1559 33301 44613 50018 50962 52909 
40082 51276 51341 52257 53316 
172 605 14495 25934 52258 
4922 15004 32937 40607 
5333 7109 7840 9112 12224 
4624 6810 27187 35244 38497 
443 605 1622 8017 10779 52258 
1692 36645 45793 47466 49212 
28247 49484 50199 51276 52257 52332 
59 918 1024 29492 46611 48206 
8842 11258 19252 29284 33683 
6712 7953 23784 52361 
1489 1569 14599 18704 37073 39738 
218 2796 5493 16049 28761 50399 
3220 9368 15677 50050 51961 
1592 2075 4383 9807 52013 52686 
52391 52392 52668 52915 
2953 47366 52222 53311 
1804 1805 3671 9393 15731 49509 
7174 8170 8206 15638 39717 
35575 41462 51843 52412 
6355 11029 11760 31682 46784 50640 
16964 16965 19187 27347 
12516 13775 29532 49441 
15756 26200 28715 30669 41299 
1656 12530 20582 33091 46428 
8674 27614 51495 52272 52384 
34838 35428 37249 45696 49036 
3734 19315 43917 48744 
151 1642 1870 10894 11374 
1564 8011 29049 32849 52272 52826 
512 513 1231 2881 5184 8837 
298 2476 2641 12121 12125 23418 48206 
7348 8112 30133 36845 50572 
1636 9658 17933 18441 27643 
18896 22315 23341 50332 52561 
29910 33415 47607 49980 
4884 12453 27878 52287 52298 
4039 5846 11828 17801 18376 44463 51498 52498 
11712 12001 20615 50077 52551 
385 792 2099 4020 5716 7146 
2014 4774 13956 14420 52435 
6126 18301 27734 47052 51513 
33 34 35 2650 11374 30918 
573 3395 9665 14093 50640 
5570 5827 12745 34571 52515 
10409 18034 22496 47642 50490 
34625 39272 50899 52579 
22272 29415 36117 40445 
1619 11577 14612 26271 46857 49544 
29723 36784 45108 45861 49464 
2442 3713 13980 52603 
8252 8563 18615 29692 42263 
7058 25739 42155 42469 
702 9165 11163 19389 31970 32289 
561 4894 5129 7244 17127 39919 50804 
19768 21665 43867 49103 52642 
2403 2811 3319 3513 49253 
39747 39748 52664 53412 
5459 5475 14599 15717 15856 29414 
7036 18425 20313 51348 52229 
10748 18458 22994 25324 51993 
6307 11257 20866 42097 45581 48696 
1109 1879 23120 52714 
958 21261 47628 51001 51700 
136 13527 21161 42122 43060 51737 
16518 22715 52347 52488 
4840 22651 32268 50655 
7839 16476 29392 40868 51252 
16206 20202 28300 40342 52730 
5694 52620 52624 52704 52765 
6549 43471 49226 53146 
34408 39933 50995 51681 
2899 7673 8072 13489 37341 
2460 3253 8674 34131 50772 
18865 21371 44835 51218 52728 
3401 14220 20648 39652 52814 
1413 5939 6758 21999 24618 35596 
5221 10144 20074 24818 48400 50447 52783 
5694 25979 48100 50598 50600 
1559 28995 33301 46792 49820 
174 1764 2126 7193 27255 50640 
1106 3422 7954 12822 20830 
822 7332 9455 10367 30246 31117 50437 
32169 48824 50152 52699 
2761 22028 30252 50520 51978 
5546 7592 10836 52653 
5318 11395 19799 26188 38626 
6219 19049 26347 46739 
17442 24140 24746 28819 50826 
111 3106 3143 43911 46841 52826 
349 1061 4522 21875 29368 
9866 10212 11341 15608 37409 52959 
1055 1219 3491 35226 
7954 8456 15636 40248 47546 
9725 40080 47058 52950 
18811 28848 30879 52980 53447 
7904 42027 44404 48641 
7569 8800 11404 20913 47525 
4767 4848 7897 52576 
15262 47541 52991 53036 
5483 10218 22867 23443 39203 47669 
11837 16683 16916 34926 
2660 3664 3748 24531 25408 51961 52907 
11314 24991 36051 40938 51750 
9693 31612 43233 52687 
918 2750 6342 6592 10646 40630 
24325 28106 36715 53081 
3296 39106 46020 49381 49399 52794 
11147 48656 53102 53103 53269 
21933 38499 46158 49371 51889 
6825 22555 35831 39952 52313 
474 863 1319 1380 52939 
1051 18253 19141 21870 24745 32797 
26078 27639 50482 52207 53081 
45561 45589 46855 47345 53145 
766 10098 11027 53074 
35 2906 3750 3999 10211 10990 16656 24061 
26 4383 6719 11018 52686 
15149 27362 34963 48526 52072 
932 2979 19171 28677 46857 51887 
23836 23837 53241 53255 
1491 3653 4980 7954 8688 
31446 32364 47872 53214 53491 
1619 21329 46857 51628 51906 52800 
2084 5615 11771 31055 51789 
2912 5759 10195 10481 14642 
1541 4435 5647 43691 53265 
3090 5695 8398 12730 18063 
6532 36712 47660 51239 53228 
7875 29240 49609 51348 53364 
7994 12590 22753 23308 
1313 10193 11672 12845 
5455 10345 15999 20386 
25514 33701 39875 52468 53458 
390 17778 19711 35624 47975 51348 
22611 28556 46364 50074 51787 51788 53389 
237 9184 32855 43316 49942 
16369 34179 35394 43243 52523 
122 1636 4260 16890 40359 
27225 29400 50494 51712 51888 53512 
16263 16666 25931 32534 34488 34608 44647 
4890 15917 39957 51234 52152 
1853 7164 10527 29556 53492 
1899 2172 4838 20591 53176 
832 2300 4472 5833 
10643 14922 23912 41475 52482 
18789 32012 34718 41118 53072 
1945 3809 6597 7243 9692 21103 25882 
506 27642 48679 
4750 5119 10207 
6757 19099 19100 
29579 34407 52235 
2952 11023 13844 
33239 34941 47951 
6887 13220 52787 
29083 42727 50034 
968 31412 36859 
254 7177 23757 
5427 26928 32074 
6084 49024 49178 
22482 33280 50198 
3948 11788 44774 
744 745 6197 
12369 31835 48035 
70 13997 30690 
2406 4292 5622 
13318 47734 52313 
1421 9336 19311 
13329 43459 46207 
267 5699 47340 
767 4754 27328 
17057 39077 41356 
891 39154 42081 
3456 9785 12302 
26954 44270 47779 
1154 4573 25361 
7976 33315 39243 
44077 47852 48074 
12256 27940 49073 
16425 34673 43901 
30773 36625 38295 
16971 17769 49137 
4718 48898 49849 
4272 5603 15532 
341 4463 4464 
2824 27795 45149 
48790 49001 49123 
5819 11944 44302 
1935 1936 2901 
14 12990 52768 
876 7753 12316 
36655 41705 52303 
31245 33343 50285 
7782 27641 36253 
368 6392 31980 
41025 49255 49466 
16111 36003 49735 
6613 11620 26653 
1867 21731 29486 
21111 43440 46127 
6698 8937 9873 
466 625 2028 
322 5593 49714 
40204 48509 49269 
37981 48701 52141 
1643 4743 6465 
37049 39993 51798 
16663 21310 49271 
24310 26025 41419 
1816 3566 9773 
1417 1418 6569 
17327 41487 45224 
17531 27757 49284 
6037 26535 48154 
36263 36355 49127 
9041 28267 39349 
13729 48959 49850 
42650 45486 49290 
6827 49292 51769 
7794 46950 51944 
3879 7643 42706 
5171 7140 31767 
4135 48631 51428 
18039 25751 26913 
26983 29403 49065 
3349 32922 41117 
6093 10649 13137 
11787 41621 52531 
4777 6110 7930 
1933 20424 30124 
691 7079 19929 
10760 12437 16796 
40572 44027 49088 
1845 1846 5025 
1303 2804 49303 
12327 17006 46114 
11901 11902 21381 
9296 24523 48523 
1381 32335 33647 
1146 2206 2207 
13624 14652 18209 
4305 7950 8362 
24564 34800 52147 
11846 41733 48227 
5877 12003 22427 
138 5754 32197 
2717 46669 52550 
11296 15427 47612 
2622 15224 17591 
1978 15409 39250 
21575 44166 46611 
288 289 3951 
23321 31286 49356 
4106 4107 49494 
9124 15782 27785 
1430 1431 10480 
1842 7020 11125 
23489 26074 49357 
5167 48335 50847 
30117 48056 48451 
38926 46315 49128 
8110 14564 19205 
3331 9283 40852 
6585 31600 49336 
35195 36229 41242 
5671 9518 23830 
2409 10133 10269 
4059 18975 47923 
10651 22206 49368 
2025 12541 13328 
3937 22431 47981 
12507 26894 29895 
113 324 1477 
10182 13798 16258 
8369 12556 44473 
27515 47536 51308 
6788 41488 49071 
487 6302 45745 
1163 6452 6544 
2699 11473 36803 
6226 30465 46465 
1289 1624 47564 
2202 42266 51048 
2890 4654 35717 
6043 28854 37518 
1820 2368 4660 
623 624 6289 
14164 25932 33536 
29348 32230 49326 
14182 14864 47055 
627 1706 39149 
29 10385 45841 
43066 49407 49593 
11648 45982 50901 
10445 23471 48882 
2530 28122 51719 
32869 46046 46992 
10553 36194 44251 
811 31828 32236 
3735 5303 50878 
876 19409 30616 
10697 44329 46119 
3543 13471 44238 
9365 13320 13491 
1355 33791 50226 
42507 49425 49933 
2352 16176 40913 
3980 9869 38340 
1814 2798 39798 
5833 11518 11612 
5428 6775 43483 
3456 13843 23283 
10270 36177 37817 
6154 13877 47920 
7543 11177 44633 
5409 27203 28435 
44324 47634 49435 
5322 8697 9878 
274 4758 5439 
9624 19925 31943 
8739 19117 29212 
795 36667 40726 
8174 21699 39738 
1680 7984 17023 
17290 24459 38648 
38691 48794 52633 
16868 24312 31574 
10699 16149 45319 
23888 37848 49479 
37431 46438 49315 
1341 40956 52368 
18786 22002 47290 
477 2477 26055 
8021 31425 48594 
2283 6048 51285 
1022 5726 10716 
423 2095 4177 
7013 20551 44905 
21205 38443 49231 
8719 13029 46023 
31065 33034 51927 
5790 44105 49437 
4763 5932 8991 
2450 28318 42703 
4198 28759 42872 
9805 24412 25800 
210 1711 5890 
3961 3962 7007 
5328 17094 49180 
26310 49331 49513 
16591 42735 50006 
38834 38947 45644 
43946 49523 49524 
21158 21159 49525 
287 11153 50079 
16308 18242 42779 
38660 39310 39447 
11809 24008 36193 
9468 24064 24489 
5906 17809 49449 
3747 45759 45937 
4217 38631 40940 
4553 16010 42921 
10529 48029 48738 
24898 36439 41591 
2812 8056 51760 
14026 41408 49562 
2927 37522 49567 
19888 20216 40677 
639 26726 49578 
10955 11899 49583 
6006 9896 15516 
16755 34641 43587 
9376 21668 34098 
8685 8694 49231 
2510 26029 49597 
4883 9119 48700 
2152 2153 24034 
6861 9925 23366 
23617 39983 40295 
1617 1618 17283 
8031 13321 13491 
2359 2544 31263 
3995 14054 40613 
22593 41900 51464 
43860 49403 53245 
14387 19969 37262 
4499 49221 49542 
13588 32250 51913 
5206 30467 49662 
47625 49668 50936 
1176 8335 52552 
2132 6489 8055 
754 41872 46550 
46557 46866 49349 
7568 8457 43694 
40288 45691 47271 
1806 41920 43456 
10180 17431 18500 
9778 31972 53335 
10930 33252 51532 
41926 46932 48274 
6194 11955 49143 
37765 43728 49681 
37032 49652 49834 
613 5978 45144 
1910 3466 8361 
743 10083 21997 
3447 4406 45429 
9439 26010 33480 
2635 2864 47911 
43713 46721 51201 
5132 23252 29209 
2577 24710 29492 
8691 47322 49418 
17851 22131 49779 
3099 8560 36961 
42204 44154 48398 
12718 36021 47748 
12150 43928 49726 
6079 30041 37731 
26382 49592 50006 
16775 26689 47465 
13561 29265 52794 
5954 11513 12568 
3355 3427 29943 
814 28920 29180 
8750 49678 52933 
19738 20860 47093 
16724 26388 41342 
2929 23886 42555 
3163 31806 52246 
10081 13912 20232 
31178 31179 36338 
36218 46191 46994 
7935 30319 40079 
44481 47022 52861 
8162 8163 51866 
587 17328 40570 
20258 28911 52090 
37917 45894 48941 
36457 41788 49873 
17317 17318 45523 
267 3152 14881 
17935 30061 50601 
9303 16662 53253 
8104 8349 44506 
20200 39034 43613 
35994 37485 48281 
2812 5665 24375 
9511 11657 48095 
21543 25218 48436 
4196 10478 52711 
5452 24343 30715 
2227 22873 36103 
3669 4321 38364 
34046 44274 52350 
13565 47319 49795 
28581 37357 44430 
2964 4919 6762 
7045 23943 51006 
2983 4504 8963 
27 28 15605 
27217 37798 48888 
4762 33292 48485 
892 936 7095 
32939 40203 49035 
2868 2869 28927 
4958 10454 10745 
112 31002 46430 
26549 47729 49778 
5899 11678 49565 
21362 36362 47641 
6467 46127 48707 
4606 30349 51430 
34636 37943 48917 
13338 47907 49832 
33986 49837 49838 
21150 34043 47036 
2268 12489 49131 
16769 17969 49814 
9616 18175 49377 
3146 4615 49091 
19093 24817 44511 
34098 34715 44924 
6365 15775 49417 
1437 3861 47700 
2175 2176 30515 
8532 14019 22384 
42600 42601 49859 
19884 33926 35353 
20855 22495 48681 
31787 39557 52401 
37940 40585 53604 
18113 24748 49135 
3832 4277 21733 
1269 1769 34565 
19456 40917 51378 
19127 36617 42297 
5599 11095 12539 
1612 45947 49800 
10446 10447 11687 
3690 38271 51830 
32317 49884 51244 
2087 2088 18198 
2609 38240 43882 
959 11785 13836 
720 3389 17734 
1927 39914 50392 
26555 26722 47772 
22540 22552 49609 
2418 3939 11895 
45661 49027 50227 
24740 43120 49742 
26019 43341 51358 
5760 14642 16276 
3053 39188 47843 
41892 49955 52126 
2957 35828 51237 
514 515 26681 
10087 13926 50844 
3425 3426 48394 
33738 48255 48656 
10995 42118 48806 
29895 40642 45011 
31616 38112 48880 
33691 49854 52272 
9197 12295 16183 
4155 5195 42445 
12330 24287 27365 
33432 37742 37884 
27610 29547 44787 
2300 21139 30320 
887 5535 25086 
2620 12248 15413 
6143 20826 25298 
1166 3781 26653 
22071 24755 30435 
7145 22440 34776 
3609 3610 38058 
17041 33288 52462 
50044 50045 53204 
6154 41713 45564 
3668 19032 21674 
2394 50032 50055 
11780 24232 52811 
6870 41961 49920 
19368 29347 50067 
3756 6142 15410 
4321 7522 47135 
38343 42118 43441 
2747 9364 15586 
12673 42316 46730 
3576 6240 8719 
23388 36556 48609 
2022 4441 4442 
6435 8886 12567 
10724 20109 20398 
2797 11631 12671 
24387 38659 42845 
2348 3040 50158 
9402 21225 25287 
8544 18586 50015 
10563 25583 37275 
3254 10205 10915 
36194 50100 50101 
50016 50064 50105 
7613 11009 43596 
14478 41333 45129 
19985 33460 39183 
39547 49134 52239 
20417 28383 50520 
3244 9403 9404 
23066 25991 32713 
1074 20470 24124 
7350 40559 49086 
5558 26250 52308 
34164 50137 51008 
15643 25959 49517 
8585 22915 26266 
2239 11610 17186 
2874 12051 49603 
21895 44472 52814 
3880 35520 49397 
3050 12518 49841 
45229 45939 50169 
31145 50173 50226 
50182 50188 50562 
1177 1876 17682 
35374 35751 51371 
35507 41147 50192 
29738 35487 49972 
20499 42201 47781 
4716 5416 34477 
12578 21787 36612 
7665 10200 23848 
6339 15829 26907 
22316 50021 50208 
31942 48918 49013 
6249 47849 48397 
7628 22784 30138 
580 14434 45149 
18558 25459 50223 
14698 27964 49679 
11101 13861 43458 
40489 48448 53003 
3825 11783 50518 
64 27886 35439 
15304 18688 49984 
14110 31666 50192 
5439 11484 30904 
7870 50272 51865 
12947 35223 52311 
320 19275 49444 
8218 13966 51335 
4450 31770 49609 
334 8006 9244 
22131 40112 40222 
23757 25613 38690 
4084 30494 30508 
9508 13052 22807 
30682 32429 51723 
5973 26715 44464 
42983 50088 50311 
17400 25094 26003 
10648 28250 51633 
9162 11300 35821 
7514 47513 50336 
47584 50338 50422 
4591 19989 42872 
19749 23757 50347 
3286 28909 49877 
7554 22303 35360 
5877 12682 25039 
14761 35603 53096 
3280 6528 39119 
2769 4548 9318 
2715 4912 12263 
15805 48579 50176 
692 5412 33724 
39853 41346 51187 
38859 39084 50447 
39456 50172 51437 
5848 47224 47225 
45214 49424 50123 
220 3704 22706 
42932 48663 50299 
1649 14833 28286 
23333 31072 45944 
574 20277 26637 
21005 41157 48568 
2955 4831 18997 
6225 11196 46126 
18927 19349 46327 
510 9661 43877 
6016 7398 7399 
1356 20407 44073 
18974 43060 50122 
7076 14261 20094 
2294 2447 21102 
16096 29367 41590 
32210 48827 50471 
85 17075 39394 
6098 8700 8701 
21372 38220 50694 
14832 32425 39037 
38059 46605 47246 
25829 48148 50434 
26376 37200 43287 
1415 9099 10769 
25816 31514 53277 
663 1404 3197 
35236 50259 50509 
1191 6304 46857 
1524 26646 53621 
7565 22852 49026 
9839 30606 46489 
2708 19295 27637 
931 6005 20748 
168 4986 24472 
19122 25364 47078 
5363 44327 52684 
4713 33098 39218 
742 30086 52371 
1581 3075 11169 
31845 33416 43872 
39156 42604 51648 
23734 50547 52157 
2940 4228 4962 
15299 27530 39161 
5059 37039 48369 
16185 35164 48588 
20156 47545 48401 
3142 22059 45677 
2759 5160 29705 
3116 8935 20348 
20918 35668 50578 
34833 34834 35451 
20898 25242 45658 
7535 8934 10191 
3017 20570 38378 
41435 45930 50461 
27560 32977 52101 
44641 45513 50379 
12229 20400 50624 
121 1519 15611 
22333 31671 45421 
10006 15421 21977 
10120 47742 50287 
8257 38345 50641 
5207 50646 51161 
8681 19388 50651 
1754 6453 18603 
4513 17478 45460 
14154 18746 21135 
50574 50680 52001 
12654 15623 41286 
7569 27388 49991 
14124 31028 51095 
7161 45864 52898 
5421 31053 42419 
12648 24842 50695 
1485 6277 18262 
37622 40477 50873 
2692 17892 48889 
8605 9347 49254 
8338 43444 46604 
19487 33721 50718 
13345 49544 50341 
7693 11105 47129 
4040 14917 32289 
3501 16963 18391 
13361 14284 30356 
24465 29921 50724 
25118 29309 50730 
16403 34381 50093 
4854 38055 46916 
2942 2943 23026 
3365 21172 21198 
32244 50739 52847 
1143 17170 40929 
6227 23948 32568 
32597 46811 52642 
1421 21909 39352 
47192 50767 50808 
8272 40189 43270 
27054 27492 50450 
37988 48747 50504 
38530 42179 50096 
9594 9595 50432 
11635 17038 34585 
38740 38741 53315 
15436 27908 50846 
13259 20728 35775 
16865 17512 24471 
7609 14796 25066 
29110 35167 35569 
1402 27942 42449 
748 17941 36501 
16392 50717 51098 
38873 43007 50877 
41049 50884 51017 
23869 49951 50820 
13935 13936 17457 
8816 50553 50893 
42710 44944 45790 
42527 46274 47071 
7244 19425 45227 
21433 30064 42485 
26065 35436 39609 
22265 36040 51728 
19230 50626 50866 
19006 32184 32780 
5313 18442 37633 
4500 10906 11934 
21497 42310 42706 
8494 31153 50869 
803 3226 5820 
1576 19518 50649 
39743 39958 49917 
845 7210 50944 
49695 50951 51329 
14464 35152 52447 
10628 14350 37235 
1361 2287 19671 
9616 21243 39988 
9558 43674 51120 
39359 44783 49105 
21750 22784 23774 
33327 39750 50189 
2965 17511 49364 
5347 32531 52637 
2603 10191 12639 
47685 48902 52302 
14169 39097 49544 
32284 32872 42937 
1623 14194 47885 
6154 6155 35930 
3697 5675 48630 
31421 45673 50722 
16611 44030 50527 
5409 6055 26892 
5923 5924 16153 
10829 29947 48164 
27217 27784 51085 
47418 47544 50991 
16198 37888 52192 
26238 35888 50956 
1615 22863 50226 
47420 48307 51099 
1810 6292 28234 
21157 28621 28999 
36730 37053 48133 
4074 5089 16588 
37625 47597 50841 
23487 34632 52452 
620 21332 47334 
752 2222 25362 
36616 46381 51041 
2118 3805 4027 
7574 21815 25191 
33434 50572 51027 
3518 11216 20200 
28439 29273 46579 
2337 4603 7176 
32586 32587 51102 
3137 8571 42445 
1279 8408 51163 
2934 2935 45886 
6680 6875 10227 
2098 39902 49135 
37559 45522 49377 
33219 37023 45861 
2367 39383 41697 
26760 34505 50978 
17562 20088 42010 
1877 2018 9993 
11471 14916 48977 
3378 11101 22797 
1106 5236 15619 
5004 5019 13352 
4284 11673 51501 
13738 13740 51176 
34976 51228 51229 
32232 37772 51053 
8261 12253 25298 
10952 15666 16470 
7557 10526 15514 
17547 32309 39170 
7082 13683 15243 
11505 43419 52886 
2203 18512 21831 
5627 21540 37436 
27617 49540 49781 
46123 46651 49659 
25491 40204 45972 
2067 4943 6382 
8040 8812 40852 
39724 40124 40534 
19130 31731 48772 
15686 17849 51544 
28561 47504 50991 
2412 3835 3836 
3316 22748 33685 
29055 31726 46118 
39036 39154 39219 
5103 5104 51902 
9403 9883 10122 
25313 31661 43098 
24719 39746 50418 
16043 16417 38626 
989 19035 44654 
14141 48997 49500 
17179 24235 51331 
21742 44965 49366 
3646 13182 37578 
37845 44105 50288 
2463 18691 51015 
23478 28724 29992 
29211 41056 48669 
6030 7791 11190 
25903 40674 46857 
35043 39623 52923 
2381 2382 15244 
15267 38091 42709 
9720 17498 53080 
18227 49148 51273 
32259 51021 52881 
9407 28001 36005 
1326 8378 48700 
22977 23757 47249 
2731 46986 51690 
4749 42121 49831 
20814 31028 46682 
12213 15459 26125 
15602 23842 51310 
305 2799 11923 
5189 10918 14441 
3074 4321 7931 
27958 47576 50532 
39235 45832 51443 
13069 23953 35250 
35 5786 7649 
7786 12809 42614 
43171 43839 49820 
2617 11855 52101 
3495 10348 51451 
185 7959 25675 
32544 33943 34231 
943 33414 35744 
7519 25797 51537 
10876 13467 50156 
4109 7639 52736 
19103 21334 52752 
41466 50275 51158 
19531 48478 51234 
3402 9731 15782 
23915 49442 51069 
1532 6710 32852 
5013 11559 34169 
7274 21341 51348 
2304 27974 36492 
8438 19734 24888 
19412 21833 51581 
101 21072 40543 
566 31913 47365 
695 20649 47898 
4789 8129 51497 
7428 10311 51598 
569 50158 51442 
20256 42143 48092 
444 10189 49458 
2800 6752 7020 
10991 20213 21433 
14934 40867 50745 
25061 36745 51621 
13514 44357 46041 
12565 49826 52039 
1767 23821 28208 
6594 31652 33894 
4987 49890 51677 
13423 44729 53100 
68 9310 12674 
7886 27973 51656 
30117 35104 51695 
15431 37600 47120 
4480 5028 49832 
40239 49028 50150 
3160 4935 21024 
1756 35905 51602 
7169 23312 26842 
3686 9128 52463 
28803 34540 48793 
43470 44337 51713 
6452 10184 10468 
17990 51421 51724 
16921 39032 42229 
1451 13548 24871 
6061 15561 40929 
171 6206 7013 
6293 6625 30003 
42522 47123 48679 
11153 11854 26011 
7289 16585 39876 
2311 6060 14640 
18172 45608 51752 
3051 29922 39152 
49713 51765 52103 
16148 24183 43895 
10387 37808 51776 
16221 26902 51778 
37808 51784 51785 
31722 42897 47066 
173 8505 50901 
2297 5449 10344 
3416 15797 44546 
16184 25478 35225 
4209 4221 49412 
26591 36265 42525 
3155 4095 14859 
36310 36484 47338 
44588 47719 52424 
6457 8992 36328 
993 22206 25151 
32142 39850 47651 
30787 47706 51400 
36344 39595 50354 
20078 20665 52303 
18717 33108 51861 
24233 34986 50027 
46614 51880 51933 
11362 37755 52072 
1804 33490 34115 
888 18984 53218 
561 30377 43727 
14346 20037 39801 
7394 35683 49005 
50801 51923 52205 
21752 28566 43325 
48967 48982 49212 
2580 17528 52742 
26641 51915 51931 
3328 31098 51901 
7789 9756 51948 
10930 12971 12972 
11660 16342 23005 
20243 25631 50946 
14011 39552 48947 
7687 16511 43134 
6029 11206 42332 
17692 41068 51982 
1907 14402 21724 
13706 15744 43960 
14190 15765 15767 
1628 3330 4788 
144 416 503 
8339 13324 50124 
11421 12296 22181 
6212 6385 11665 
25906 36185 51837 
41317 49014 52026 
43276 52032 52033 
4502 41429 51749 
8522 28034 47290 
30772 39922 52014 
41851 52045 52405 
15819 43060 43503 
30646 51004 52055 
27294 37512 51963 
458 31760 32199 
4514 5975 28245 
4743 18379 19660 
452 3856 53619 
4114 52088 52089 
4221 32426 52050 
287 6040 46856 
24420 42105 47334 
38947 46847 51585 
13086 35596 35647 
21805 29392 47763 
2902 23594 50793 
15305 32096 46350 
28542 46819 52158 
10293 10660 48261 
5999 19970 28193 
12741 32622 52173 
17302 46010 48843 
6019 14650 52571 
13143 13906 52784 
2373 26815 53574 
47729 48143 50417 
52198 52199 53444 
6111 19564 45526 
3039 31836 41534 
4600 16472 48175 
7262 12235 51969 
25462 48917 52220 
643 12197 14050 
1110 45643 51086 
13232 51957 53002 
2569 7877 52238 
2556 32848 46197 
1009 20245 27942 
4766 21751 51322 
2463 44648 47928 
41870 42182 48942 
27203 41096 52281 
17644 41312 43082 
9423 51265 51427 
9377 11761 44763 
27838 33416 51996 
40870 52320 52325 
325 21939 24117 
16027 30922 52755 
23424 51942 52957 
44418 52337 52343 
7618 48329 52605 
5049 13135 52868 
38873 47836 48856 
1832 43352 52251 
9386 16783 21702 
40739 52377 52378 
1868 4305 12633 
4446 26765 45451 
12302 22972 36767 
44137 50325 52043 
16131 29467 45113 
19534 31347 33885 
3499 34107 39820 
23797 29284 50058 
3414 9216 52407 
18123 34464 50719 
52385 52428 52651 
31401 41651 45068 
32636 35898 52955 
22714 46359 52247 
17561 31533 31989 
18747 28690 50124 
29942 50304 51458 
5868 38723 51338 
6794 10708 24358 
12677 46482 48191 
26411 27256 42773 
17874 21007 53492 
12143 49221 52483 
11482 14364 47888 
24728 38358 52496 
4610 18003 48737 
2684 3024 47092 
3277 14821 39446 
13667 37160 39177 
440 9488 25854 
2452 31617 31908 
772 11930 15772 
19051 33901 49208 
1891 4148 6457 
4668 15222 52251 
6054 34969 49987 
52586 52588 52611 
30369 34131 50784 
17008 26476 27194 
13269 14745 26725 
25298 32610 47250 
33123 38500 43456 
10173 14492 50901 
38089 38675 48551 
4023 10266 43444 
8627 28360 49135 
35972 48404 51356 
25696 43838 46492 
41331 52540 52677 
9161 51284 52671 
41169 52675 52694 
1763 3713 10390 
11164 13584 52271 
8212 13419 51450 
5751 8262 14236 
6639 12210 49747 
20592 31670 49908 
39752 52457 53054 
36621 37351 41926 
4500 9766 51274 
11365 30566 52453 
9991 15741 15747 
4894 8639 30852 
2744 7430 25136 
4765 9963 48032 
10492 11026 40889 
2447 3384 12693 
49470 52759 52829 
7361 34448 53150 
22783 29646 39376 
7562 21519 50517 
2230 34388 52773 
5110 5940 25418 
35754 48885 52425 
791 936 8437 
110 2018 13618 
33052 34406 49135 
3176 3177 11641 
13897 43692 50804 
26535 29239 52357 
7769 21662 52831 
30185 37454 53486 
4030 7098 21799 
18179 30352 44057 
41244 43768 52608 
883 5313 33594 
5399 11290 52872 
2463 22690 52798 
3083 14567 14568 
7022 10577 23757 
18284 46834 52895 
19034 23802 52303 
1709 13194 18891 
13085 40846 49341 
8132 9275 10179 
29925 48096 52962 
9983 16462 31863 
2370 5488 37436 
31735 44719 52895 
28667 33457 41128 
5442 26770 30723 
11730 32789 52794 
7402 16042 50182 
25460 32392 37736 
2645 3456 10914 
17631 23680 50573 
20469 29392 51680 
27886 35629 39502 
2823 5764 6049 
22047 40052 50158 
27941 44305 51004 
9484 30124 37815 
4894 8592 53020 
4573 21459 44808 
12138 32121 53092 
47637 53087 53197 
446 6044 19377 
45562 46174 52468 
69 34541 51918 
423 4666 8421 
2437 30381 48947 
20183 28433 32108 
24718 39746 44298 
34956 36714 49245 
2663 10505 51392 
41722 49071 53117 
12387 38583 48090 
1634 11610 21911 
30617 40424 52765 
39855 53229 53494 
44038 44817 48340 
19526 34535 53199 
1402 6670 41494 
814 38856 53249 
16991 46363 53243 
18333 25926 26334 
45763 51837 52162 
3718 8003 28425 
85 4063 10979 
17303 36338 36875 
1622 3752 13712 
2865 18550 19362 
39507 43568 53289 
4694 36604 53337 
4938 32645 46405 
2666 42040 49474 
7893 41537 48606 
5068 6884 51786 
14186 19474 50655 
24649 26512 32777 
9196 38255 47191 
2419 2420 2440 
3259 28286 40253 
26956 32901 35115 
788 6758 39635 
5508 8167 51093 
9566 20263 48090 
19093 53271 53367 
2323 24919 53418 
13483 20612 52608 
32617 35452 51997 
1289 5219 14409 
2589 3327 43728 
37211 50706 53478 
25624 48451 53388 
35488 49592 53508 
17610 44742 48917 
31993 45877 53312 
36194 37830 52846 
4088 16852 49381 
16989 24828 53558 
14318 17081 28525 
25228 39267 43533 
1050 42455 53580 
1631 52308 53130 
16687 50948 53589 
23170 39095 51688 
38927 45392 50084 
7322 15153 45296 
437 645 6452 
6626 11936 20094 
16166 32967 52872 
4946 4947 9452 
14840 27801 53579 
35698 41174 52129 
3095 27161 33894 
21968 29682 53645 
