609 12343 17739 32887 33238 40571 
1658 4909 5754 8229 37051 
888 11421 22761 26060 35614 37710 41631 41672 
2138 2139 4072 6639 8189 9900 15464 29645 39152 
727 1647 14213 21980 34383 35886 
25 26 2075 2840 10179 27522 32404 38007 39471 40633 40722 
951 4852 7022 7976 35354 39827 
12393 13200 13567 26659 37593 37731 37831 
479 4701 5339 5841 6421 6718 7279 7519 7642 8108 8283 12132 15633 17809 19222 19286 19933 21460 23035 24876 25760 28035 28466 28750 30447 31126 31880 32607 37498 37872 38711 39406 39545 39603 
1421 2553 4637 9565 12124 12734 21342 37472 39988 
1541 2855 3418 12485 13216 17030 33324 34583 34860 36361 36520 38632 39359 39459 
71 72 73 7558 
10748 10865 32613 37104 39090 
1513 1714 2318 2817 8110 14236 14420 14564 34053 35639 
285 1309 2132 2802 3851 4276 4861 4904 4905 5021 5906 6205 6489 6490 7013 7062 7655 8660 10496 10609 10903 11008 11084 11203 11213 12743 13798 14035 16922 17926 20551 21745 21816 23100 23846 24804 24975 27187 27468 29232 30108 30790 31190 34189 34593 35244 35393 37538 37666 38373 38497 38914 39009 39812 40452 41412 41530 41566 
296 297 312 628 3302 3949 5720 6323 7374 8036 12170 14436 22068 28658 33859 34121 34821 36049 38159 38249 38338 39254 39392 41607 
3453 6284 30356 37352 
156 1672 2057 2503 3245 4913 5915 9240 10224 16862 20892 23964 
580 1628 3330 3490 4012 4904 6205 8765 10496 10903 27187 29610 35375 37817 41412 
420 1111 10795 12587 13014 37574 40168 
138 859 2665 3549 4330 6030 6042 7875 8010 8033 8235 8573 9406 9815 12267 13446 16155 17737 21067 22499 22540 26342 28369 32197 32295 32512 34715 36560 37132 37636 38081 38123 38849 40851 
1581 1648 1824 2383 4537 8924 9040 12663 15827 23835 24050 29523 30476 39549 40212 
85 432 1316 2736 3184 3763 3865 4027 4143 4990 5777 6373 7100 7412 7461 8757 9696 9842 12176 12834 16979 17779 18842 19956 20192 21087 21756 24380 25135 26288 27043 28538 30289 30823 30832 31828 32511 33387 34259 34831 34849 35121 35183 35231 35597 36611 37834 37857 37949 37952 37958 38290 38378 38407 38903 39454 39455 39766 39796 40309 41222 41568 41636 
3209 4050 4051 35400 
1124 1941 6196 11691 22656 34473 37888 
90 321 422 544 1681 2022 2178 2184 2301 2338 2554 2952 3890 4123 5268 5585 6970 9931 10863 11300 11456 16067 38117 40148 
394 1532 2022 2302 3890 4433 17092 26135 39477 40148 
17904 29775 37254 40760 40870 
568 9124 15782 25049 27785 
8836 10742 15086 25931 32534 34488 
242 1438 1714 12696 29943 33114 40889 
3510 9913 17123 21002 25804 29542 33004 38944 40924 
6239 10015 12632 12730 12746 
400 427 1365 1366 1440 1727 2136 2643 4374 6724 13191 23192 32852 36537 
1648 4342 8632 8913 13078 14704 25881 27994 29549 30809 34928 36137 36301 37834 37910 41372 
333 1568 6849 9396 10756 10916 19706 22751 25881 34928 36137 36301 
59 5062 5318 5658 9383 10395 38773 41515 
21899 27251 32055 33587 34673 35505 35578 36829 39250 40851 
118 7412 9171 13984 37610 
2537 5273 5484 5563 8035 11127 16798 18997 19460 20021 25099 29368 31915 37300 37390 39324 41408 
11635 12594 14290 27509 33677 38837 
6042 7885 8235 9181 10959 11167 11441 14672 15416 21067 23871 24791 26512 28451 29738 31652 32584 33000 33318 33344 33694 34032 34098 34902 36508 36509 37082 37636 37758 37797 38721 39161 40501 41518 
939 940 7481 12018 14434 16358 
3840 11631 17926 18882 36681 36740 
2592 6230 8112 34194 36845 39126 
21 32 207 442 551 552 626 706 735 872 1017 1018 1368 1415 1480 1500 1707 1767 1803 2052 2126 2187 2246 2284 2348 2502 2525 2526 3529 3627 4054 4304 4417 4593 4687 4789 4957 4984 4990 5054 5459 5467 5597 6355 6547 6649 6997 7131 7462 7525 7553 7602 7616 7976 8058 8129 8155 8237 9191 10572 10896 10966 11029 11222 11709 11760 12374 12603 12968 13036 13072 13078 13153 13558 14107 14810 15717 16500 16943 17128 19122 19777 20579 20655 21231 22962 23555 24098 24452 24550 25204 25515 25944 26098 26288 27021 27692 27970 28334 29671 29999 30233 31404 31476 32511 32515 33524 34710 36984 37319 37599 37846 37968 38629 39355 39675 39724 39738 39796 40128 40239 41109 41560 41579 41585 
11097 11919 13112 13812 14421 21297 23554 24056 26454 31675 31929 37065 37462 37589 37983 39332 40479 40726 
168 782 2858 18396 21831 30320 33529 40613 40913 
1823 3700 5207 22352 31070 35773 36509 
2463 3140 9665 17610 29323 38026 39236 
2138 4494 7954 11738 34669 40245 40248 
5062 5658 5880 9332 11816 22222 37800 39605 
6304 7252 12030 20667 28439 37016 39286 39750 
536 4172 11406 15340 28193 
21268 27460 27461 39034 
2821 4648 5152 6015 7963 9654 38315 
2408 6642 6684 15348 21412 31970 37812 
979 1829 3564 4657 18137 19013 22033 27835 29609 30646 32994 38326 40242 40871 41632 
3815 9832 13053 18284 32036 35627 37061 38839 39716 39722 
8134 12801 24941 26558 41210 
1628 1807 3948 7660 22073 38176 
599 692 2407 7019 39578 
16793 20228 20556 37745 
2737 5062 7087 22656 31165 31567 36760 38774 
835 2922 10991 13514 31585 36166 37823 
34437 36309 37448 38975 
34 566 1445 1629 2086 2650 6810 8082 10220 10888 11008 15872 16497 18786 27095 37574 37817 40168 41412 
4226 5761 5820 7686 8567 11527 
4754 4755 7663 22512 25981 33007 33561 35672 
2324 2408 6113 8913 10019 14599 14704 24813 32698 34928 
2641 4761 8051 31374 37780 
149 1648 2902 3530 3728 5577 5986 7042 7466 8632 8913 9178 10345 10353 10879 14111 14681 16471 18258 19706 20165 22751 32729 36137 37834 37910 38615 39730 40186 
819 1495 2077 3443 4916 19032 
1642 16048 16583 16770 16934 37047 37065 
31112 31113 32843 33191 36188 38107 
1210 4352 4609 6755 9344 34307 
741 1006 2187 4062 5551 7225 10345 18448 27563 37834 38615 40186 
6143 11847 14050 21831 37842 
117 5248 32593 32970 33894 36508 37797 38721 
8025 35213 36803 37734 37975 38451 38831 
1847 2940 6595 7304 14176 33226 
1897 2785 2955 3740 4739 8662 15340 18715 18908 28193 36299 37280 40387 
3199 3938 4887 11046 15824 18304 21398 22656 26411 30371 35226 37100 37800 38640 
212 526 551 616 1055 1056 1124 1221 1560 2479 2502 2683 2760 2806 3436 4061 6739 6987 9693 15999 16100 17125 20121 21070 26578 27313 29772 31601 31612 35395 37846 38227 38792 39215 39819 40261 40359 41409 41785 
1176 3414 10414 10665 16664 40095 
3652 6796 31513 31960 37909 
2214 2537 4527 5484 5563 5947 7829 21297 27550 29368 33636 34291 37390 39119 39324 40773 41408 
8869 24691 28299 35013 35242 35317 36823 37855 
560 5537 30749 34154 37857 38440 41256 
865 4887 5986 20558 26411 32831 36760 38774 40726 40850 
544 1367 3647 5249 6945 7282 11816 21807 26792 30703 35395 38792 
6154 10593 11280 19972 41617 
18984 22181 24510 26582 26667 28709 28780 30921 32993 38287 40063 41117 
125 2317 4105 9239 40118 
168 1313 2203 2754 2859 10298 18396 18582 21141 24166 34204 37842 40613 
570 3948 3964 4013 4043 4669 6648 6780 7550 8378 11788 14585 14881 17667 23593 30270 30653 33450 38176 41118 
14352 23887 23888 27806 34414 34514 35192 35374 35887 37646 37848 37924 39483 39835 
740 1367 1522 3957 4062 7341 13078 25881 37834 
13466 19353 21180 37860 
694 1634 2322 10195 12644 17186 17431 37897 
1163 5141 6452 6544 24235 
1180 1978 4391 7807 13418 21254 31553 40714 
1194 1774 4069 6950 8409 38944 
3208 3348 5881 13328 32478 
2332 4681 9283 30837 
138 969 2235 6892 7804 15244 16147 32859 39071 39677 40311 
248 348 1561 3679 5553 11008 21691 
2313 5717 11101 16362 22198 37812 
433 14541 16572 20426 39315 
1709 2110 2111 2177 11285 
440 1157 2480 2481 9486 18031 40461 
2829 2830 3276 3277 5573 7207 7208 7616 8148 10076 16726 17371 19605 21115 22697 26704 35953 37870 38399 38948 39925 40753 
461 2485 8650 10512 20940 22015 24262 38800 
148 149 318 10406 14599 16732 19706 21179 25881 27994 29773 30493 37834 37910 
15611 18323 37025 37397 
417 2199 3847 10397 36603 
349 1051 1052 1429 1877 3198 5445 6338 6564 6849 7130 7341 7380 13078 13197 16471 20352 22158 30233 36301 40186 
2561 4084 31608 32628 36845 40868 
5145 10038 25842 25844 32826 36336 37663 
10006 14926 32849 34121 36303 36336 39075 
173 5101 5102 6948 13519 35479 
6339 7707 15829 21202 26907 
8369 10392 31896 33916 34421 35944 36880 
267 8767 21970 24301 26135 
3718 7885 15416 21341 23871 28318 30234 37758 38456 
2080 11257 11258 17211 18419 21702 33920 34604 36715 36883 37835 39100 
5269 5270 8406 23144 23553 24134 28954 31674 35680 36354 36869 36909 38423 39776 
4391 5507 6748 28191 36667 38267 
6392 6393 26912 30693 31607 32778 34989 35230 35504 35951 36492 37652 38013 38855 39070 39184 39221 39464 39543 39923 40033 40332 40484 
1354 6856 9221 9564 9901 10801 15789 21729 27780 31435 34215 34605 36586 38137 40010 40486 
5056 5339 6055 14052 
2279 15694 22838 32852 40259 
343 6050 9121 13710 26476 26740 32234 37499 38228 39011 
1490 2516 11218 13118 37817 40168 
35093 37899 39092 39241 
1264 1606 2614 3191 12896 16351 20737 23442 33061 37943 
451 16658 23387 27610 29547 37901 
786 1672 4280 6591 7181 7753 15906 40867 
469 9170 11743 20616 31347 35778 38257 
7543 11177 20602 39145 39514 
25 2840 33722 35448 35449 39670 
194 8727 8728 38961 39282 
525 10839 11275 12334 37894 38872 
1479 2481 2712 14253 26637 41054 
20 1274 2325 2518 3371 28455 
148 437 3529 5497 10822 27563 
165 1005 1006 2325 2596 6758 12881 
7263 7412 18630 21103 21184 24897 38290 38903 
6043 13936 28854 37518 41488 
879 7091 7252 7487 9218 10409 11736 29726 31417 33971 35228 39612 40654 
5252 9723 27039 33968 34832 38637 38938 
1092 5720 5804 16085 36977 
36 5779 6457 14300 16018 30606 36610 39012 40070 41279 
1366 1830 2493 36304 36537 39477 
1903 2373 11658 18767 28262 37431 38682 
6692 9941 13810 15824 22618 22636 37800 38640 
33837 35751 38353 38837 
892 936 1928 9915 
6304 12365 18859 24555 35771 36117 37137 37918 40445 
6645 29272 33467 37921 
14081 19820 19874 30695 34414 35192 35751 35887 37004 37723 37924 38353 39835 
5543 6991 11330 37702 37760 
2559 3685 3762 16758 30618 38903 39433 
701 1367 1368 1671 4382 6107 6596 14176 20734 34252 
1815 1958 3384 9477 10070 16658 28879 38459 
597 4098 6153 12644 21858 26997 38574 
29662 33472 34154 34831 36944 39179 39581 
19956 29131 31413 33472 34095 37857 39179 39581 
95 649 2660 3254 9004 38055 
213 333 13358 20813 25969 31836 40565 
921 13568 17475 19335 37436 
2317 2370 4874 9165 19389 21412 23854 29958 
1960 2949 7628 12344 12586 14152 14153 14168 14857 15037 15616 18729 20826 25156 28626 31649 32007 35883 36092 36334 37440 37935 37993 38796 39553 39629 39770 39961 40503 
10194 11013 13224 17373 37740 37936 
349 1240 3733 5497 6338 7131 
2619 2623 6865 19389 34784 34925 
1042 1047 5224 9909 35371 38082 
1479 1589 3268 3642 6454 7790 7947 8473 9223 13894 20591 21198 24365 25805 40009 40439 
3213 17261 27100 30808 31251 32861 36186 37945 
772 3472 19330 32664 38846 39992 
14937 32947 37546 37869 
2050 4750 7657 12470 12817 37606 40240 
2339 5648 7131 7554 12485 37685 38224 38632 
168 864 1297 3719 7577 9391 10298 40613 
13470 28139 28517 31302 31725 36087 37948 
2688 3562 11822 13274 16022 18383 20994 
631 1374 12724 18538 35651 36162 39144 
386 1172 1704 1734 1806 3367 4262 4288 6320 6625 7745 8009 8093 8426 8640 9398 9467 9468 9903 11172 13097 13640 13758 15011 16478 17478 19235 19241 27933 28870 29845 33123 35087 35773 37947 38500 38776 40245 
812 11008 14678 15156 37574 
9159 14772 16617 19126 20587 25369 30355 31113 31247 31248 36876 37546 37940 37951 38161 41105 
19 20 2518 11612 11798 
942 4483 6594 10564 10734 15416 19599 20223 21122 21429 21509 23871 27530 27947 28111 33000 34098 34902 35862 36509 36829 37132 37636 38721 39027 39161 40501 40871 
4712 8821 15089 35380 39892 
31496 32972 33776 34482 37394 
10220 11218 12845 15299 
8177 10726 25625 29889 32959 33856 37685 38632 39459 
101 1329 2827 12732 13651 29360 
1155 11753 12238 16386 17780 29662 34095 34695 34831 37857 37952 38440 
1220 1560 2137 4242 29500 36042 38868 
2949 3529 4907 7128 10019 14599 30438 
5071 15169 16471 25642 30616 33975 37834 37910 
429 1027 1062 1581 2325 6758 
114 5289 10823 15151 22706 27970 28821 33649 37968 39675 39724 40239 
77 1536 3584 5491 7777 17778 22540 28258 29240 31770 32422 33847 38818 39027 40851 
3522 9254 16212 26412 29883 33838 37834 
7450 9048 13522 16302 29523 30481 35226 39549 
596 3704 5315 6416 21231 37968 39724 
626 1590 5577 7148 31601 33350 
5582 9751 12101 15691 18655 37065 37983 
18905 24486 31600 32244 34381 
173 427 1404 1527 2022 2184 5135 12505 12540 35821 38117 
596 4396 8783 11031 15151 15515 16688 19167 19798 22700 22706 28647 33649 37964 37968 39724 40735 41126 
6567 6568 22552 29240 32104 37005 40851 
33 35 3749 5470 17537 
2315 2516 8433 8480 10888 11008 11374 21923 29550 37574 40168 
1788 2753 6040 6795 7212 11586 
718 1200 10447 11171 11494 11687 37895 39123 
232 233 695 4385 4527 5209 6649 7995 8327 9580 14346 19634 20865 23912 24024 25488 26504 30799 31347 32669 35118 38179 38672 39801 40195 40712 41661 
33367 33368 38286 41250 
333 572 5445 6169 6926 9178 18133 37551 
3549 4909 5443 6937 8365 8553 10669 11466 13402 14422 17778 18279 20313 21899 22417 22435 22499 22516 26736 27428 29488 32104 33587 34973 38340 38684 38849 39250 39872 40043 40056 40851 41503 
4758 22018 23599 32708 34285 36431 
2055 3990 12233 40011 40300 41018 
2715 2747 2882 4874 11634 38079 
2182 4989 5995 9171 12101 18655 20856 20897 37047 37983 38946 
3718 11468 15416 21429 22033 24988 30234 30646 32599 34032 34902 38591 39027 40871 41632 
1665 1666 5079 6897 37545 38007 
626 1662 2325 7484 33975 
2778 3003 14922 25488 36687 
1115 2253 2537 13392 13818 18328 35911 37390 
1421 9616 20701 21342 21622 33891 37999 
1991 8063 9026 11162 20288 22656 29963 35226 37100 37800 
682 7628 10238 11625 15561 16246 21629 22141 31345 32076 37613 37935 40850 40929 41323 
1791 1792 3239 3444 16452 
1814 2798 6661 13283 35665 38626 
3629 6049 10220 10983 11517 11984 16225 36950 37574 40168 
447 9343 9674 17124 28041 40212 41411 
14893 16204 16275 20838 36791 
3635 9765 10644 27039 35219 36687 38179 40712 
3766 8167 20829 22921 23152 23650 32660 33724 37065 37983 39332 39926 40726 
7049 7487 10463 11596 30217 40633 40722 
13895 13896 14630 14840 19162 25199 27801 34688 38029 38517 38957 40227 
13954 16867 16868 26714 31608 39647 40111 40249 40465 
6758 9178 14573 22886 36638 37689 
273 1354 4864 15588 16737 21349 25472 28562 36188 37838 39222 39480 39954 40626 
178 3388 8628 24748 39902 40939 
421 1445 1926 3026 3749 4133 4920 6528 8381 9728 10368 11008 12587 15299 36950 37574 40168 
42 5804 9133 10216 12170 18581 27426 28658 38249 39301 39392 
1915 5573 6853 9009 12644 39919 
3733 4133 4778 8433 9425 10220 11008 13014 15304 37574 40168 
345 1297 11458 17023 34705 
7358 9018 9106 9583 34383 35886 
471 15172 17236 19252 41042 
900 12316 12812 15367 33220 33994 
49 3899 4036 5134 7768 9134 11761 21011 28658 34821 38249 38348 39301 39652 
4247 9396 14599 16771 24813 
6567 7608 22540 23346 27251 29488 31131 33408 34910 38684 39250 40043 40851 41503 
1984 2260 27251 35430 38340 
1684 1685 2705 3472 5226 5309 26833 38083 
822 837 4477 7176 8763 
42 10359 11856 14314 15976 22561 23860 27862 36303 36335 37567 38052 39392 39850 
1 7428 12101 15895 37983 39926 40479 
1140 1274 2233 4031 13153 26173 
829 2311 3023 3980 8532 11193 32670 36504 39827 39928 
3160 4573 4935 6670 17105 17657 39406 41491 41494 
2297 5450 8934 31101 
425 669 1631 3153 3716 3773 4791 5537 7546 9490 19956 26250 34695 34831 35817 36104 37857 38440 38573 38742 
864 1872 2099 2187 2580 4434 
13806 14393 14905 29474 29648 37975 39436 
3886 11740 35698 38021 
1120 3198 4838 5436 6739 6945 11025 13078 
48 2912 19688 22669 26458 36303 
799 6935 9670 10660 17391 37748 
7685 26535 31418 36497 38027 38708 38901 
3597 7955 9429 10919 37815 
2138 3282 3380 4072 4696 6209 12168 12408 14046 34705 
10821 22735 27915 29796 41056 
7254 7440 7577 15753 27478 
317 496 3766 5153 5993 11321 22921 24056 25655 31675 37983 39332 40726 
138 139 968 2235 3218 3219 
97 2132 3305 6989 9228 
4175 5140 14307 24938 37385 37386 37967 38722 38723 38737 38947 39098 
3827 4270 16420 17393 36754 
25369 32619 36309 36746 
18718 21435 29472 32121 36303 39850 
446 1155 4322 4974 8971 9137 10604 29614 34695 34831 35597 39433 
972 3482 4225 10604 10719 19309 25955 26882 36044 38573 38742 
31573 37206 37207 38126 38289 
6145 18380 22028 32886 37666 38914 
422 663 2184 2536 3197 4590 31126 35647 38117 
149 5497 8632 9254 25881 33838 
3723 6022 7047 12524 13297 15396 31412 40311 
26071 28922 36188 37417 37838 40801 
200 4531 5162 35924 37970 
1144 14764 15561 37935 38133 
6269 16950 30057 34090 36048 36344 37273 38143 39133 39595 40084 40106 40887 40908 41024 41305 
6523 10745 39947 41056 
414 2203 10298 13384 15174 22975 34770 36416 40613 
7565 8341 13292 15688 29556 38805 
3405 3530 4545 5497 7577 15753 25881 28740 33324 35283 
6171 8155 10604 24736 36151 
309 451 4838 5146 10660 16658 
7361 22112 26983 27702 36017 38651 
1715 2075 4477 5371 10566 13853 16258 17561 18709 21917 40889 
25978 29584 34664 37808 38112 
7577 12049 12168 12408 13797 32511 39766 39937 
9297 14393 25268 38097 38160 38644 40634 
655 2122 4072 4102 4262 6103 6639 7258 18496 37947 38500 38776 41367 
3501 4762 9417 33210 
1013 4003 8356 11040 11862 15970 
2019 3535 11968 15587 21392 25472 26275 31112 37205 37838 38107 38251 39162 39180 39222 40801 40829 
2102 3343 3571 4993 12374 26883 
886 17496 26558 26750 29943 32911 34121 35639 38055 
1500 1636 2626 3846 8129 9026 13078 16673 31567 37466 
1926 2650 4306 10375 11008 11984 30918 37235 37574 40168 
12586 36258 36379 36479 
29049 33457 35004 38562 38810 41128 
201 2566 4572 20456 39215 41409 
3868 6079 13200 36508 37731 
7656 16679 17814 23507 29032 38011 38020 40478 
473 489 846 7804 8179 11457 12159 18348 
172 544 2022 4010 4441 9120 17854 32220 
20527 33556 34635 38057 38328 41497 
3341 28781 28826 33891 36774 
521 599 2129 3091 11345 
1180 1989 18365 21157 22856 23623 29482 38267 38355 
5877 10626 14880 17291 25039 
2309 3491 4536 7329 7346 9383 9878 10239 22656 39758 
5570 12216 14321 18904 22506 23300 23754 30570 33847 38204 
14999 23778 27280 36011 37448 38975 39057 40178 
888 8770 9497 17661 20213 32922 36166 39202 
467 468 5610 7900 
4477 7079 8813 24253 32408 38176 41118 
1091 4930 5445 8348 36638 37689 
1958 6482 9741 10070 28879 38459 
3272 9750 12470 15087 15976 23860 27188 29138 32748 36303 36817 39203 
1549 3065 9425 9906 27095 37574 
4044 11161 15238 25698 31298 41303 
7342 26996 30729 32604 38082 41226 
935 3554 9392 33524 38087 
385 3889 7637 9967 10080 
374 385 702 2110 3602 4598 
85 1425 2187 2320 3889 4289 5551 5715 6169 9490 11559 13078 17765 36638 39937 
1169 1170 2235 5622 23649 35764 
494 574 1226 2409 3384 9679 9880 
5997 16054 25364 26950 38491 
8218 11897 17877 38189 38242 
2138 3211 4072 5003 6209 11506 33809 
743 21148 21304 21997 40546 
7910 10472 21764 22025 37309 38488 38566 40492 
9297 9306 9685 25493 38156 
777 1033 1081 2478 9750 27255 28911 31650 32112 35795 38019 38419 39203 
264 265 3314 25281 35179 41056 
13674 29857 38273 40465 41251 
1513 1564 8206 10027 10304 37780 
6154 19972 22145 36552 37288 38210 
10834 15000 25013 36402 38097 
4683 12812 18360 41259 
3613 5119 10207 10208 
7131 20114 22070 28740 32760 38288 38643 38719 40609 41101 41414 
2890 4636 6744 8122 8473 14299 38487 40009 
2222 4643 5256 6891 11539 16658 25362 38530 
791 829 4368 9546 14563 30880 40489 
476 1122 7458 21947 38176 
943 1536 11466 16891 19219 19448 28258 30426 30955 32104 39107 40851 
8788 9750 14309 34496 35480 35600 39238 
1411 8058 29523 35518 40212 
4414 5504 14883 15477 22998 25980 27006 27523 28588 30098 30792 30840 31147 33172 35151 35252 35446 35757 35911 36086 36102 36884 36944 37150 37178 38179 38745 39179 
26071 27762 28104 36188 37838 
1068 1176 1671 23847 36641 
782 3865 7213 7263 8971 15684 20006 21184 35183 38290 39433 39766 
100 3701 6212 16658 22158 38913 
7252 8187 27884 37016 37151 
30537 32801 33713 34284 
903 17362 21754 32613 36117 37249 38904 
2618 4552 33494 37249 40342 
2999 6092 6093 10649 11879 13137 36504 38750 
1153 7254 10406 15753 25881 36301 
16626 35015 35016 38316 39016 
4109 5014 5243 7639 8079 
4447 4860 22648 22856 32611 33258 38267 
422 1404 2849 4433 38117 
1968 28858 28859 34776 38326 40871 41632 
941 6973 33834 38857 38975 
101 913 1522 7042 8129 10475 40186 
3578 4485 24649 32197 32422 39027 
4677 10355 14776 34183 37589 
871 27319 29237 38329 38684 40056 40851 
1663 11371 25930 29568 36029 39888 
1301 1651 13932 20648 36049 39203 39301 
20434 33604 34833 38330 
2523 7791 11189 35128 38123 38849 
5345 7705 10492 11769 12839 13819 14055 14582 15311 16235 18894 18987 19451 20160 23197 25338 26020 27389 27964 28251 28692 34886 36625 38295 38315 38491 38962 41082 41204 
1205 6838 7226 8071 21540 37436 
877 1509 4629 4630 10885 
285 2883 6710 22838 36603 39166 
23763 26924 27459 31496 35784 
14194 14195 30791 38348 
14090 24725 28773 36398 36845 
51 287 340 601 1677 4860 5864 6704 7135 11153 13429 17374 17381 18024 24258 29542 30750 32433 38267 38355 38690 39338 40415 40494 
969 2001 7804 7811 8431 11608 16147 19610 26310 40311 41389 
45 508 967 1138 14672 
3087 6273 22664 24737 38324 
569 7831 11056 12059 15337 29014 
6041 6042 18100 33247 38721 
7060 9668 9823 19104 26175 33387 35183 
2526 8008 8921 15151 17592 24736 28647 37968 39724 40239 
663 4611 6531 32220 40148 
1005 1027 1274 2325 
551 3581 6988 11264 15999 25264 25969 39142 
109 3082 3101 15216 18700 39152 
1011 1729 1809 6196 12814 26288 
5754 6041 9480 10959 14672 21341 27530 28245 30718 31652 32011 32197 32777 32970 35744 36509 37758 38721 39161 40501 
263 12700 17408 37677 38114 
2308 3110 4560 16022 31670 38573 40212 41143 
3718 28425 33414 37082 37758 37797 
2592 10409 22316 36845 37992 38336 39126 39672 
6820 11180 17206 21671 38393 
317 3766 5582 15830 28181 29364 37065 37983 
9192 9193 36368 36369 38396 
5101 16484 24895 26558 29361 32642 
7559 8290 9260 35339 35733 
560 574 1436 2480 4620 4643 25362 
394 2218 2279 3145 6064 36304 39477 
418 1729 2452 6488 
4059 8114 27918 37971 38541 41426 
37560 37561 38405 39052 39063 39083 
5497 10471 11677 27184 30447 32760 
574 668 1071 1351 2458 2480 3039 3384 3997 4021 6926 31471 38814 
631 6689 11259 12524 15400 15884 16955 18214 23604 27915 36917 39144 39992 
1137 4390 12126 38948 39925 
569 4044 4313 10660 15238 38459 
552 8464 11660 26513 27875 
2446 5006 11100 37026 
27835 32599 36203 40871 
707 5517 11535 35283 37100 38640 38774 
1614 9750 15087 15286 20269 37428 38149 
6251 9531 9629 15959 19041 37493 38411 39123 40718 
317 2104 6159 9864 11321 37589 
200 7252 8376 10084 24004 26558 35228 
2939 3253 3649 4775 12722 30338 31629 
2478 8226 9750 23860 30847 32753 35458 36817 37385 39850 
997 1210 4352 4432 5427 
82 2394 15017 33328 37309 
1091 1447 2320 3562 4342 8913 13207 22886 30463 
1042 5928 8071 10557 12861 
4838 6889 7089 14618 16658 38459 
983 7467 12306 26171 29138 37651 
979 3563 8204 12092 20964 21122 26454 27941 38326 40871 40964 41188 41632 
19514 23185 24167 25314 29316 37208 38351 
1476 7214 9218 9893 25395 39612 
441 7938 9295 12524 20273 24134 32243 
4663 4949 14478 25200 39152 40956 
31 783 1502 1560 3819 3846 12059 13064 38883 
146 1521 5548 7450 14972 15827 19475 
3189 7358 17277 17797 27281 34383 38476 
2862 24874 25246 32510 38374 
5455 9166 10345 30239 30298 
7790 9777 11200 22008 29436 
9628 9629 28704 29295 38427 
2357 2462 3997 5146 9597 
924 1048 9004 11408 15138 26558 26740 27826 29943 
1620 11835 13145 22888 
579 1807 6272 10854 40615 
4314 5582 8227 39280 39332 
3415 5906 5907 8804 13133 36681 36740 38497 39812 
60 13810 22656 29963 35953 39758 
3245 4280 4281 6058 7181 17823 18317 21803 
5420 6525 23308 38524 38525 38898 
9349 24072 31569 38522 
417 2288 6346 7184 14672 
949 1167 1168 1196 2343 2658 5980 
7274 17778 27251 27319 31131 35430 35624 36829 38684 40851 
3910 6243 9616 21342 31488 38527 39988 
10359 10924 11856 29267 29695 31296 35012 36303 36335 36817 36922 
16949 32892 33615 36048 37378 
11731 31024 34881 38542 
23549 30542 35935 37456 37845 38035 39860 
9912 10372 14639 20986 21002 24487 40494 
349 1024 1514 2408 14193 19389 
650 2000 32911 34825 38324 
5900 15024 20108 32615 
2145 3225 4453 4665 5175 7557 
15122 17443 18897 35569 38706 
3500 11735 18500 20273 36346 
11141 14324 37254 38312 38350 
529 2737 3040 6739 9026 9332 10239 13078 22619 24611 36149 36760 41515 
8388 9796 38273 41353 
251 22638 22916 22917 34296 40880 40939 
4628 5503 10585 21254 28233 
1535 17778 29240 35430 37005 41702 
1875 4738 10795 11008 12587 15299 15304 37235 37574 39119 
360 3710 4844 5665 7659 9912 11193 18597 36504 38690 
7159 7940 11984 12845 18607 37574 40168 
281 8836 11956 27975 29880 
14247 28677 33891 34176 35739 40674 
10585 12824 31334 40708 
560 647 3646 6794 10708 38440 38573 39433 
2122 2282 4043 8893 9770 24064 37538 
2147 2148 3740 8996 9479 
8675 23668 24494 28002 
1590 2294 2680 3378 4644 15520 19059 33350 34299 37812 
24 1705 4548 8682 11922 13426 14625 24310 28811 41131 
5694 11838 16627 21977 36303 36336 37428 38149 38766 39850 
713 2320 6926 8913 12118 36638 37551 37689 
1800 3982 32776 34978 
2292 2293 19680 23043 38608 40808 
7676 10912 13906 14764 15561 40880 
3055 9918 26744 36995 38411 39123 
15537 16204 24904 25687 38344 
716 6011 26281 30412 38114 
10071 12073 17737 36956 39210 
4217 38630 38631 40940 
299 2016 32009 38773 39255 
21738 32404 34621 36818 38163 38610 
12655 14393 20841 29559 33961 38644 39441 40947 
2622 4260 17124 17125 19570 20031 21759 22619 22847 26939 28740 30329 34596 36102 37802 38719 40609 41101 
391 3584 7608 17778 39250 
494 5982 9486 9732 13616 14686 22478 
432 2309 3167 9316 9346 19098 34255 
63 172 6032 25934 27346 37699 
6596 19942 23969 37551 
3023 3593 4369 5412 13057 22630 40348 
8799 9711 38323 40065 40080 
454 5986 6170 24611 31567 31984 32831 38640 
2057 3362 8061 22518 32200 36504 
13287 14650 21630 35047 37177 40929 41323 
2738 3707 6191 12547 12587 40168 
233 333 1669 7569 29368 31836 40565 
943 5248 23778 31217 32970 38721 40501 
4453 7393 11389 11625 14099 24642 
414 7774 27515 38202 38651 
1005 1173 7745 11301 
19835 25106 38683 39899 40915 41235 
1567 3244 5395 9728 9960 29920 33885 39107 
943 5754 27947 32970 36176 36509 
432 560 3963 5646 6308 7616 8312 9959 21184 26330 38903 39433 39937 
1385 2940 2941 6697 7914 
14772 31113 31247 32619 36309 38634 39026 
95 180 2660 16658 24636 26220 29943 33115 38055 
5990 10684 33723 39496 
2031 4175 24907 30691 38155 38834 38947 
2228 3641 6229 16701 33608 34028 35882 
4311 4317 6040 6112 12844 
3898 18905 20109 20398 33298 39132 
871 8235 13836 30955 33425 36956 38721 40501 
1995 2657 4197 6950 16756 20514 21955 40339 
3704 12528 17592 32470 38290 
12443 13079 19405 19646 36880 
418 1226 3928 3997 13907 16073 
16949 36048 38645 41305 
5407 7494 19145 23245 
3538 13418 17884 21254 26720 34538 36667 40714 
10286 16647 17212 32112 35115 36353 37773 38782 39457 41023 
2213 7087 22549 24050 24735 38626 
2309 7466 8129 8248 23821 40186 
117 2450 3986 5248 6041 22325 28380 39838 
1838 3047 5314 9152 14015 25362 28879 
10087 12945 15798 20200 33445 
15679 18086 23179 24136 30297 38759 39092 39322 
22119 22358 37988 38762 
3127 4200 20839 20985 38475 
9133 11714 34854 38766 
10124 13784 22500 36754 37175 39192 41041 41183 
2798 4928 7254 11023 13844 35665 38626 
2098 2966 4854 24636 27826 29943 
539 988 4655 4993 6546 7909 12042 39937 
9912 18145 19225 20986 38267 38355 38690 
439 502 6195 9332 14810 18227 27178 28337 29523 40212 
1884 4778 9425 9960 14678 16227 
1534 6108 18943 26901 33226 38711 
8226 20426 23434 28011 35012 36336 38766 
1991 4138 7418 18124 22619 35226 39255 40073 
247 2205 6083 12214 27310 34299 38791 
17100 18838 22003 22278 30713 33034 
5273 7651 19623 37390 
13245 14261 15133 18551 20094 38795 
5602 15762 24036 33805 37293 38323 39543 
566 1513 4916 5389 7767 33292 37600 39033 
2283 2610 5034 6048 6923 38457 
3744 8777 11309 29963 35665 36149 38773 39937 
5575 7076 7310 7495 38795 
349 1091 1124 1522 1581 2187 3522 6338 7341 9490 19519 41261 
1539 2061 2826 3980 8501 38751 
22711 36262 36378 37772 37773 
1829 9713 9714 13826 37165 
1093 1293 19695 35251 38807 
6432 9750 12470 21738 29138 29857 32112 37713 
3443 3616 11507 13486 21500 
1128 1816 1817 6215 15301 19355 
271 6555 9980 34770 39149 41447 
3460 9269 28745 37172 38608 
3685 12834 22057 27043 29614 32812 39433 40088 
8295 15853 28258 37721 38204 39161 
848 1445 1695 3147 4362 6441 14451 17822 18962 23573 38223 41383 
749 2610 4114 6274 33084 38858 
2500 6900 8983 12214 25009 38791 39670 
167 4231 7580 15980 38427 
574 741 782 2187 25362 39433 39937 
574 1479 2481 4619 5988 25362 
3756 4737 7577 8754 11283 18599 25620 39152 
399 427 799 1366 1765 2241 5071 6579 9162 37599 
28651 34379 34811 39471 
223 226 254 1747 4548 8851 33388 
8514 22921 39718 39727 
474 969 2001 7105 13675 38790 
4386 4387 9886 14915 33062 40406 
3231 36451 38744 38911 
23302 28296 30542 32505 32645 34231 36784 37028 
17686 31277 36890 38915 39163 40749 
4134 5775 7700 30064 37823 
27425 31397 31411 31827 34478 35202 37014 38872 
144 427 503 504 40148 
7141 11704 11828 11872 38609 38934 39450 
18665 22659 30238 32317 40405 
4111 4300 8971 13867 29614 38903 40088 
2442 3712 3713 15385 17703 23891 33796 38371 39574 40155 41513 
2345 3817 6280 19542 38958 
3403 3923 7164 18329 28590 30541 32896 38393 38682 38942 
177 614 814 3919 38856 
7428 12683 15959 37895 38946 38953 
196 1413 1648 1933 4044 15238 
5443 6084 8146 18161 30645 40661 
731 6989 12524 14545 20408 39189 
850 4392 4539 37339 39021 
18895 27217 30691 30968 31614 37385 38947 
2717 4797 10664 12337 30173 
38977 38978 40834 41044 
6839 29164 29684 37508 38042 
22685 32497 38975 38992 38993 
3566 4018 7013 9773 10496 13167 
6184 29544 31192 32112 33196 36682 39672 
3841 7451 15841 24293 
6540 27472 36784 38305 40552 
2784 10451 15340 28193 37534 
427 1188 1365 1944 6579 35821 
22664 29582 34956 38481 39001 40618 40912 41149 
1101 4956 6927 29443 33507 
6538 8503 11706 12938 17419 35202 36145 
16921 19095 39032 39303 39309 39604 
2603 5333 7840 9112 12224 37666 37812 
1710 5260 5313 8577 37633 
922 1995 2311 4618 5376 5437 6060 7976 15100 40339 
7022 29690 35282 37507 39036 39154 39219 
3055 11637 12249 13956 27106 39033 39918 
239 4757 14462 24615 31363 
11706 20949 33751 35798 37014 38872 
224 225 756 4290 
5784 6284 21342 39527 
850 1632 3335 4244 12005 39046 
5360 21148 33475 33619 36766 39177 
237 10402 12327 24167 38351 39062 39610 
3027 3331 11998 15450 18029 29003 38587 
11258 12187 22718 31889 
1444 2002 10366 10707 12408 37834 
32112 33136 38471 39442 40061 41023 
948 1336 1338 3176 3260 21420 33994 40889 
21360 23872 25695 31096 36616 39081 40265 
5070 21507 31968 39096 39815 
25364 25793 27645 38618 40119 
737 6342 7153 13907 21378 23789 
3322 3603 4034 12418 36431 38203 39106 
1895 1991 18368 21231 39037 
25502 28489 28587 34249 38395 40482 
575 3116 4044 15238 41303 
560 10620 29614 35849 39433 
16 4857 26582 30549 41631 
2179 4342 10304 16628 17225 31055 
2906 3999 5470 6455 17537 24061 38371 
1707 1931 6547 9492 33236 35596 
3869 11479 19295 27103 38265 
1363 1364 1799 1910 9929 39328 
245 962 4360 8824 9463 
1057 19054 24439 25357 25725 36416 37812 40613 
1357 10924 20962 36335 38906 40577 
406 4102 11811 14095 20826 33529 39149 40831 
4657 10299 21341 33318 33694 39027 39161 40871 
829 1995 2417 5347 5412 6950 7173 8501 10176 11967 12444 12805 15105 34395 39827 39928 40348 
7214 9218 35228 40296 
2074 3517 10268 22665 25012 39107 
9442 14645 18912 22484 38209 
1589 2102 3571 5459 8866 36612 
7189 7866 15558 25039 29328 30229 
3447 24367 39133 39209 39248 
870 14321 18774 25012 39027 39107 
5331 15552 16430 16596 18132 23206 39772 40170 
7952 7953 18165 30197 39093 40815 
622 1453 1919 7938 9176 12524 22986 
1567 4280 4394 5016 6058 8417 16862 17411 39107 41130 
4596 29227 29230 38332 40997 
22085 25460 32392 35839 37736 
580 875 5224 7910 10494 27454 
2016 2737 7087 9332 16162 27287 30931 39255 
1789 4456 5764 6725 9483 9728 
406 2077 3081 3082 13794 20499 20826 21088 27933 36416 39152 40613 
3582 4477 6583 7079 23593 33483 37711 41118 
15594 27690 29392 33708 33884 39236 
17 2647 4892 13327 25080 
8405 12449 12450 32542 
4224 5753 6463 12807 
966 5047 6582 7992 32294 39119 
12746 12747 39235 39268 
5042 7450 11535 20282 28041 28740 29523 31567 
23871 27530 32970 33414 
3675 9261 10397 21142 23890 
766 3684 12510 34695 35597 39281 
5587 19231 20395 23244 35702 39149 40831 
16674 19567 29245 30086 38263 
2463 3140 38848 38921 39290 
1635 1646 7939 10258 10804 12090 39772 
560 574 1479 2018 4642 30685 
29044 31784 39267 39299 
1174 2432 7242 12511 15648 28384 35597 35849 39433 
1063 2567 6061 9729 11160 16216 22639 22776 25156 27498 27957 30231 33052 36199 36884 39902 40256 40671 40880 40890 40939 41694 
31578 34256 34596 40609 
564 2749 6470 9173 40195 
4856 16520 22685 38975 39628 
18710 26171 30949 35210 39299 
11317 15537 38344 39298 39302 
1532 6710 7602 15015 25625 39166 
3222 16877 38660 39310 
3764 4922 7073 11040 32675 39224 
3286 25815 28897 37507 38581 39304 
4397 5341 9332 15827 39255 40609 41101 
5792 14307 24223 24921 38167 
305 306 8024 22915 40524 
9546 23082 37426 39039 
3991 19685 26306 35440 41216 
22489 32628 33631 39321 40868 
11589 16772 26686 35672 39335 
6567 17778 22123 27319 32104 32106 33587 35505 40851 
1217 6935 9724 36641 39251 
4548 11922 13426 13929 17306 20050 30600 39356 
1436 3046 13741 17295 26637 
5994 11919 29364 34599 37983 39332 39926 40726 
28456 33433 37160 37701 39177 
172 1252 2880 5496 5891 14023 20191 
27122 37236 37681 37864 39360 
849 1632 2922 14349 35330 39372 
8778 21101 28030 39273 39495 
5037 20981 22941 23311 23541 29526 38508 39095 39388 39667 39720 
925 2453 5017 14796 37416 39123 40707 
590 1119 1120 2725 17514 
122 494 856 1636 9880 25561 37600 
10291 15739 22665 34599 35391 
11377 12985 14878 36973 39323 
258 494 701 3463 5551 17454 
7868 23487 30085 39222 
2949 5646 9189 29598 32936 40968 
1303 7618 7765 20131 32613 
172 2022 2178 2346 3457 8650 14008 41208 
1507 1508 4555 10706 16079 
8431 9406 11005 14730 17584 
1275 3355 5627 5978 21540 
639 6917 8709 9948 14785 
2934 16382 21934 26276 34469 
2747 3749 4555 11008 17773 
2541 2542 5699 12547 12548 
520 1839 5695 12730 16111 
560 3773 5058 12238 16386 16895 34831 38742 39497 39732 
3076 9169 9580 16286 38467 
3185 7504 9908 12312 24862 38903 
4305 5842 7950 36557 39183 40554 
97 3507 13161 22193 32562 35490 40022 
4190 7412 25135 39433 39937 
7022 29243 37291 38153 39529 
4591 7245 17657 25080 28376 32478 41369 
4052 4623 5531 9463 11244 
1522 8129 9391 12678 21759 27563 40186 
12728 12857 23367 31963 
2878 10729 12248 14056 39166 
4404 10043 10056 29273 39286 39861 
2675 7715 12801 21218 21240 37352 37999 
3012 9176 11609 21197 21710 34684 38385 
311 4972 6709 22206 
2969 14538 25951 39600 
2280 2899 7673 12408 24395 35264 37341 
1097 3216 8119 13658 15371 16666 25931 
6122 8842 15683 33683 41042 
2235 4066 17584 22538 
849 2922 4097 5942 35753 
1409 2057 3859 5347 6093 6950 9912 10629 14958 18594 22630 38944 39827 41200 
59 157 735 1521 8129 10678 13078 21759 31567 35596 35668 40186 
16341 19099 19100 39257 39599 
6311 11286 18332 24177 38561 
478 2305 21078 39603 40046 
11257 20202 22792 31096 36714 
6956 10844 17475 37314 39593 
4391 11537 13418 15412 19958 29694 39866 40840 
2135 12818 38874 41245 
39694 39695 39696 40116 
21356 25352 39697 39972 40293 40298 
1421 7271 15509 21860 39638 40165 
7348 36398 38574 39126 39672 39952 
14426 15838 22493 34134 37545 
3612 6664 14817 31305 32595 
1459 1460 1651 3080 14345 39203 
3239 25720 26341 39607 39725 
8642 8643 16122 38019 38443 
3576 9128 18284 32809 39697 
5019 6176 8349 11726 13336 32776 
3395 7315 7908 22619 24317 31567 37466 39758 39937 
2180 4159 5028 8763 
19641 22659 32627 41479 
17453 27309 39478 39763 40048 40345 
4313 7329 7346 9332 24050 24611 39758 40212 
5643 8248 10740 16162 32760 
405 876 6736 11193 22891 39107 
3210 9377 35944 37328 41341 
3959 3960 16015 22974 
7627 10724 10912 11815 37588 37935 39323 39782 
1402 3955 7148 27942 28390 
4188 4189 9007 28470 
1871 3674 4429 4834 10159 
428 4064 8850 17936 23192 39477 
561 880 2478 2577 7790 29994 33794 
713 1091 1429 2187 4289 7229 8913 29653 
1208 6583 11575 13391 41074 
2570 15683 20232 30861 39850 
2897 20043 35131 35981 39606 
420 4858 5659 11685 22981 31101 
4916 8293 23629 37042 
424 4225 7261 9490 39732 
2613 14771 29294 35497 35939 
840 2062 4924 6950 15879 36176 
478 20015 27143 33226 39406 
1377 2884 3538 4391 5975 12475 39337 
5875 6098 9049 37200 39878 
2154 19225 28812 29901 30070 
2223 2249 23577 30154 37997 
339 7048 9128 35218 39697 
3538 26720 33479 38937 
30154 33415 33432 35294 37884 
2213 7450 11023 22000 24050 35647 
1357 1358 8524 8834 38675 
2115 24612 29106 38240 39507 
2455 7682 13593 16430 39557 
1290 8187 36364 39286 39750 39861 
2463 4906 5217 8451 38408 
1936 4342 5375 5551 10471 30047 
2352 3826 12629 21141 23992 
3160 5881 6551 7322 10270 41491 
1990 2149 9143 35596 40364 
1488 19913 39936 40112 40751 41214 
6726 17727 21128 38128 
11017 25288 38001 39132 41089 
1907 11141 14374 21307 32726 34121 
35693 37988 39982 40177 40215 40400 
2406 16147 28069 32859 40246 41584 
1804 1805 3671 15730 39393 
4181 12391 18974 20269 38668 39957 
6410 13674 33189 35269 36235 38273 
2474 5044 7736 19206 36161 38459 
17121 33091 39347 41523 
25538 26535 31418 39850 40690 41171 
1913 8711 12065 25555 33146 35131 
4942 14713 20531 38482 39787 
7911 8910 14020 17004 36677 41170 
20675 33926 36188 38165 41454 
33640 33641 33656 40035 
1677 13107 20826 23650 37935 
1304 1644 3089 3304 23757 39954 
3560 3929 6546 12674 33716 37600 
843 1568 2187 10831 13035 19469 39937 
7225 10304 11023 32289 38479 39937 
25680 31323 34008 36981 
96 3216 9228 13359 19351 
321 10360 16870 30960 39392 
3151 3586 5444 8105 15875 22033 
6739 9332 9941 22636 31567 39549 
539 1044 1199 4960 
402 1652 3442 4655 5054 13176 16022 
4164 4980 7954 8688 20830 
4694 6028 16921 26304 
2381 3779 10014 14003 15244 
8272 19535 37155 38165 39860 
26606 29267 33175 38167 40142 40143 
769 8167 27330 37462 39858 
11107 11848 14960 38970 38975 
1643 2484 6465 23207 25290 
2286 6373 9151 15461 22931 36130 39906 40153 
85 4688 5117 7441 9189 20839 
1321 4950 4951 6956 7549 11761 
1714 3449 34825 39183 39670 
9174 11210 14938 36831 37918 
10205 10533 18614 38116 40273 
7465 9051 11025 16131 18852 
6911 7042 8129 9941 13810 31165 36149 
1430 1431 2913 12957 18593 
10009 18881 29171 32413 39903 
246 3043 8492 10665 20734 23418 40095 
17192 19351 30068 33802 40232 
23886 30939 38594 40235 41159 
5431 17212 38540 40017 40117 
2187 4688 5646 9190 10960 37886 39903 
1792 7268 28844 33149 
17494 28791 39334 39647 
578 1367 8979 10584 16500 39937 
1367 4545 7217 17682 35993 
2503 3675 4211 16524 29536 
3220 13286 39983 40295 40950 41622 
5622 20197 20698 33449 40246 41584 
14085 15361 17909 21750 22214 39514 41434 
3292 34402 39313 39742 
18859 34177 39625 39830 
9134 9286 9456 24304 26558 27959 40296 
3526 40273 40343 41602 
2913 2919 16343 23161 40424 
1215 1216 4592 5178 5384 6356 9485 
10671 23984 25099 33791 37245 
2790 5901 22500 37828 41312 
12618 26772 39550 40374 
806 2901 3343 4993 5651 12674 
1 317 21891 37146 37983 40479 
28 3227 5693 7295 12590 13069 37748 40461 
9098 11533 33990 40397 
5249 11424 11771 12490 34255 
14244 23165 23184 39149 41113 
15732 21595 22378 29501 39436 40362 
5179 11807 19271 28398 40405 40771 41479 
5622 21766 27101 39853 40246 41346 41708 
16780 16781 22951 40426 40476 
5881 6551 7322 11136 41491 41494 
6826 13473 17769 21909 40362 
2430 16252 32444 37330 
5356 12929 29719 40438 
71 1336 10580 10971 32359 40345 
560 647 3064 3471 5630 6794 35597 
1259 1716 2738 2820 6522 8515 39782 
5694 36335 36340 36817 
1864 2572 3507 5731 8762 40583 
3899 9141 21840 25455 
4066 4399 6892 28344 40015 
216 574 1442 2463 6889 9486 
2387 6701 10114 40115 40373 
8643 10971 26772 30533 32996 36741 39860 
13406 13435 20625 37307 38682 39095 40469 
3248 11071 37894 39830 
855 1061 5542 7569 7753 12583 
578 3532 8979 28972 29653 39937 
8672 16398 18851 38351 39201 
7666 7804 28253 32859 38588 
11687 16470 23213 37417 40539 
1 952 7623 17183 27550 37300 40479 
346 2313 7373 26646 37812 40516 
4879 6276 15008 35771 
3478 3479 7161 8776 13498 19370 
16301 19159 40612 40948 
819 1297 2077 4964 8876 21317 36362 40613 
8949 11459 30127 38944 40076 
14318 27443 28476 28854 37845 
1110 3053 4059 5074 5980 30627 39299 
1216 4346 10201 13490 40615 
983 2898 4085 5642 7693 40613 
17016 23819 25249 40416 
2559 14998 20850 27593 41216 
10084 14613 33578 37332 40674 
7191 18538 23121 39992 41086 
59 578 5341 8979 22636 39937 
2058 4075 9960 12493 16771 25153 
5243 5244 8079 11109 12520 18422 
9901 36282 40486 41271 
175 7492 10799 36593 40554 
3769 6455 7753 11927 12839 18987 39117 
12 2929 15299 16425 18900 34673 
18092 20236 28878 32163 37187 40769 
851 10332 12242 12313 13320 
4972 12024 14585 15304 18688 
710 3244 21166 21801 36173 
7063 13147 13333 24992 
5190 6610 8260 8560 31485 
2427 4432 6315 14129 14400 
3054 4575 23757 31112 40625 40626 40905 
3635 8242 30779 35205 40405 
438 1407 2113 6747 40049 
21658 22152 25930 32186 40898 
1372 6117 8108 9996 39649 
31 32 399 1254 1975 6144 
1143 11160 14648 20810 40890 40942 
110 680 18471 30825 35890 
1849 1850 3775 7754 16694 40851 
966 6582 13146 20021 32379 39119 
2062 2714 3612 18597 19250 40934 40961 
9154 10108 12090 12658 33930 38114 
175 6217 20469 27239 40554 
34425 40594 40656 40996 
1434 6885 19767 19768 38374 40118 40869 
1660 3915 6980 12250 16087 
2703 3612 6093 6664 8738 
6050 7150 14709 18951 39585 
3804 11531 32595 41014 
3927 4961 6679 11685 33885 34599 39552 
8311 8691 26723 36623 38181 38810 
3354 3505 3924 28034 29610 
27122 35489 38481 39001 40205 41100 
4281 31956 39090 39725 40977 
1099 4555 4591 6004 40923 
6184 28306 39494 41041 
6884 8649 19533 24564 39860 40427 
364 365 11365 39550 
385 785 6292 12125 32542 
174 3297 6929 8866 10065 36612 
234 451 1024 1764 16658 21994 31434 
95 357 1881 5146 5651 6327 8320 11705 
3787 7643 10985 29373 
10511 31947 35649 35853 36577 41047 
1027 7569 13078 16979 19469 29368 
1098 3137 5195 5588 9977 38868 
15623 22136 24485 25232 
105 216 6853 12688 23445 31908 32955 39919 
10508 13837 28601 40546 
7035 30142 33914 38604 41082 
9134 28371 33718 38976 40572 
7683 27977 30445 41340 
4877 5414 18941 19563 20186 
448 7250 9546 29880 40746 
1694 14893 28613 32910 41441 41550 
3979 8750 26591 27407 
16626 25106 29857 40997 
23463 31591 36640 39903 40942 
1838 4619 9130 20007 24317 25362 
2497 22705 40606 40631 
17038 17189 21527 23851 35973 41340 
1621 1622 8013 13712 26118 30517 
451 2475 8675 11534 16658 24299 
2777 8080 11143 41083 41633 
4316 5353 5386 21836 
5622 8500 15500 24410 26204 
18313 23495 41466 41686 
4950 4951 11435 28898 29558 
16588 28724 40559 41015 
160 3742 4206 4710 25837 41506 
3176 3177 9697 10751 41506 
9986 35158 39724 41126 
733 8687 10425 17044 33932 
349 572 1274 2548 2630 
9430 11521 15004 40607 
8061 16966 25138 27633 
942 9480 16127 41516 
3259 14833 18827 39515 
183 10511 12367 12668 37717 
12 2288 2981 9438 15299 
62 5484 13146 40000 40657 
15742 23208 28577 41724 
4335 10576 10577 21510 
1285 2181 8270 38335 
11116 17003 25192 28812 
3156 3797 12181 30589 39812 
519 788 33181 38528 41303 
1146 2206 38227 
1616 9102 9486 
14712 20612 37633 
9318 11576 18763 
12948 21199 35943 
13363 19603 39576 
4291 5379 11936 
5940 5941 12052 
13896 23473 29055 
9 296 11422 
813 3714 12245 
1195 20911 30835 
742 22645 30086 
26127 27470 28733 
5492 7285 26245 
5073 5515 11932 
3349 18720 20160 
981 12989 13929 
6529 16368 29703 
11429 29130 39356 
1878 6066 29293 
14266 19566 41113 
283 7287 39166 
8653 9317 40415 
4979 29305 31046 
11055 12567 41170 
970 5904 16731 
113 324 1477 
14582 19751 37749 
7661 18681 36753 
20261 30670 40746 
32399 32400 37804 
719 8532 30228 
8017 12523 13712 
3191 5609 37810 
751 1576 38814 
23307 27886 36650 
2161 13561 39436 
23441 24602 37821 
36018 37822 39823 
230 6258 12181 
25527 34310 38008 
25344 29569 40961 
24895 30376 34950 
4940 25797 37836 
290 25175 37832 
576 1922 4771 
7045 23943 29856 
12017 32824 36841 
8094 10162 26936 
21492 33041 37884 
33484 37631 38450 
7174 11796 38910 
714 14093 21994 
11401 37843 40864 
6427 25213 32199 
12503 12576 36268 
6099 15675 36790 
7572 13505 15617 
10866 19970 39754 
1691 32796 36257 
12409 34497 39516 
37862 37863 40869 
4340 4962 41054 
672 5143 39263 
12635 16655 19048 
9213 30358 38970 
6029 11206 15298 
5453 5821 18312 
6698 8937 9873 
5551 7620 20155 
2363 20412 39839 
474 16105 37814 
5113 33061 36779 
3702 8537 39812 
24523 31755 35372 
24139 24622 39217 
28733 34432 37887 
13634 33972 41706 
15617 16662 23626 
17697 35186 37896 
1560 1603 8358 
16615 25457 31054 
4803 10079 37904 
10413 16162 33813 
877 12627 14514 
909 8634 14023 
6230 16391 36886 
10282 29579 37609 
6580 30435 35210 
5427 26928 29667 
5 6571 37898 
11797 14130 15962 
2325 4137 7665 
2705 32851 37276 
1468 16441 18527 
247 2025 2833 
9023 13798 27067 
2065 8057 19044 
23643 36900 37442 
4398 9952 32118 
2539 4929 16658 
3761 19992 38903 
969 20503 35394 
27260 28239 32472 
11087 21102 41250 
319 7616 28142 
4217 8797 18473 
31297 32707 38162 
6487 8461 27610 
6893 9509 10564 
31384 35934 41471 
673 11985 33726 
16087 17076 37787 
17179 27854 39543 
14912 15359 15561 
4591 14884 19989 
131 3197 20868 
7278 14188 29180 
28314 37984 38998 
35913 37946 40087 
5239 5240 8049 
492 957 33604 
16274 19833 37980 
10230 34617 37511 
1800 1937 37938 
23351 23355 37995 
4973 15211 20912 
7001 9223 24739 
24254 24913 40231 
10218 30772 32544 
10275 11181 17214 
23533 36053 36972 
3131 7320 15849 
28783 37731 38009 
2422 10005 23621 
13624 16112 38275 
21698 25234 38014 
9109 29714 33371 
3669 10601 37600 
20960 29730 39350 
4502 33296 38025 
29942 38030 38214 
21665 27122 31459 
10021 23123 39462 
14301 37373 38760 
9055 11516 35665 
8249 38059 39175 
8742 16403 39248 
5303 5998 5999 
4514 8065 19049 
8512 16101 37918 
510 1910 9364 
6280 7574 38012 
991 992 4152 
280 7212 8437 
29061 32303 34586 
1053 19199 36129 
33294 34604 38092 
18543 33393 39226 
9997 23249 38095 
22440 36447 39328 
221 31943 38065 
3896 29002 30956 
36912 37457 38096 
3788 6659 18748 
162 16842 28707 
12003 19026 25039 
3399 7741 38113 
3216 7233 29409 
2463 34468 37262 
34022 35477 37529 
4378 13982 37538 
3391 5453 11261 
3803 5944 9422 
6376 35073 38381 
38121 38122 38614 
16977 22249 38704 
1617 4969 8739 
32342 34920 36325 
15277 30327 37600 
3971 10488 21846 
1889 9667 10984 
1247 7703 38142 
237 238 3078 
53 9950 20168 
5322 8697 20994 
17851 22131 22298 
3049 3050 11903 
3737 9330 16636 
1443 24472 39152 
873 18155 30899 
4653 13763 17504 
32746 33536 35280 
7004 19799 41515 
6942 30698 37719 
10666 33875 34416 
19537 19827 40978 
29363 33704 41251 
4713 33098 36416 
14 3690 33933 
860 34575 38511 
1733 14758 37339 
9326 18045 37828 
15213 31245 32348 
1242 2353 5674 
5718 18249 36867 
12578 34199 36808 
19006 32780 36455 
22403 37279 38323 
302 17402 39782 
717 934 19604 
1356 32091 38342 
2163 16012 38312 
2927 37161 37268 
4198 5664 8456 
28271 37082 37961 
4475 4476 37917 
4064 14302 14701 
12392 14626 31433 
1962 17272 18666 
14976 38250 39279 
8855 16171 32111 
24145 37261 38343 
3381 9794 23120 
3356 11653 17576 
24236 33386 40033 
34380 38285 41684 
7765 16354 31991 
13955 14800 36029 
20254 23433 33059 
34331 34465 40375 
4954 6175 24160 
2442 6449 7641 
6495 36153 38004 
28796 37290 38876 
10253 28522 37888 
4783 18436 38263 
5924 14778 16153 
37 8188 14389 
14471 18997 38313 
38317 38318 38531 
2982 9053 36201 
16264 21783 22850 
1176 9853 24479 
5868 27479 37385 
2152 2153 7562 
15621 30030 34896 
27268 28606 30808 
15495 19494 38341 
893 5007 38228 
4768 11633 35382 
3709 8964 23844 
7625 15012 37748 
2197 6045 32381 
24616 36071 38356 
15092 29138 38196 
9546 9744 37454 
2770 7734 25954 
19686 22298 28018 
7843 9363 41200 
12597 12598 32894 
166 13790 28392 
7898 10868 39328 
34527 34905 40437 
14590 20661 26015 
8326 22880 40712 
3899 33660 37705 
1075 17229 23978 
435 1029 20376 
334 7363 9244 
13283 15315 20387 
54 2278 6193 
5496 16846 35078 
1694 8954 38345 
2763 12996 41188 
8747 19331 38182 
3498 26846 38409 
1604 5666 6152 
19253 20492 39789 
2170 10416 28028 
5807 7114 8572 
23240 33420 38142 
26295 37686 38472 
27401 27575 38394 
23951 34178 34544 
6681 16146 38275 
3084 18384 19164 
14476 19569 19815 
10216 10225 38183 
19840 19876 33802 
1584 4569 14824 
17758 38322 38909 
427 1661 7140 
186 187 38495 
15257 15677 24799 
3694 20299 40583 
6484 9245 38501 
7048 27147 32839 
4039 12028 23277 
2028 7030 7976 
797 27064 32552 
5515 8162 8163 
5934 7986 36554 
35232 36267 37751 
2964 8129 13756 
9662 12859 16484 
2388 38547 39697 
1211 1458 5478 
20136 20137 27347 
2188 9399 21089 
28162 37617 37631 
6553 8353 27711 
5712 14873 16286 
6361 19896 37817 
6029 14401 19064 
16734 16905 35239 
3499 5835 12600 
3975 11858 35733 
16154 27885 31414 
6129 35243 38260 
6590 15906 21456 
17509 33055 39812 
5183 35208 39332 
2980 35424 38578 
247 15586 35865 
932 8545 39988 
2395 16988 20065 
9722 35212 38263 
327 789 25362 
1911 3205 16668 
4389 7078 37475 
18398 38624 39616 
11970 37210 38247 
4909 7854 28295 
6757 29447 37671 
4403 18184 35337 
4258 4259 38659 
734 25168 40128 
11421 12296 37942 
4982 7839 41156 
32304 32743 37896 
6877 8255 8608 
10480 21578 23971 
1149 23767 38921 
21162 22588 38167 
3053 4509 5219 
1108 13178 28579 
19346 32967 34028 
38685 38686 40070 
15511 35548 41070 
30860 33950 34060 
10286 10627 19682 
5562 6395 35596 
4269 24601 35306 
4977 5463 40516 
17904 23531 37535 
19305 33742 38791 
19295 26770 32686 
1418 5821 24632 
22448 27492 39765 
7474 9944 35720 
9225 13358 36672 
3821 20062 25946 
2945 6315 35996 
3123 10407 26067 
25976 30898 38583 
9544 15880 37897 
7086 7708 13533 
2275 2983 7534 
17331 35535 39337 
3336 8061 10735 
15257 15820 17197 
32555 35074 38167 
5344 10729 13688 
3522 10378 35710 
7792 27576 40956 
17296 32652 37589 
1685 14169 38764 
18052 38777 38798 
4161 12940 24184 
3144 3396 41763 
9750 13504 28349 
767 38191 39768 
10909 14492 17180 
14941 36154 39760 
27052 37891 40962 
2580 7122 10137 
1127 2112 4763 
36100 38850 40233 
1942 28819 32500 
3138 20734 31570 
7913 21610 40971 
35104 38859 39084 
689 1353 5828 
36456 38900 38928 
28373 35945 40633 
8552 21667 35465 
8036 36744 38892 
2721 7386 37047 
5662 6529 22140 
4970 13374 31363 
14760 26621 37397 
13553 36241 38927 
16148 21703 37846 
4298 14170 28077 
6161 6162 12530 
3285 28909 39304 
13688 22383 22391 
3620 23587 38951 
11154 22941 38755 
7451 22453 36244 
25680 29934 35420 
30271 30830 41224 
13269 16629 41408 
2230 4681 5278 
5237 17152 39258 
171 6206 7013 
14308 28562 35719 
8674 30938 39315 
2426 3748 8370 
1202 29873 34193 
11432 13299 17044 
1415 7971 10340 
21081 22411 38984 
5024 12363 39869 
34632 35638 35739 
5713 5714 12718 
12302 34145 40950 
1441 20457 38969 
31503 37023 40280 
12205 33473 39018 
20734 31091 31512 
2655 2656 11497 
32317 34532 38935 
15805 16159 35733 
69 1990 19650 
27813 37434 39250 
6855 25731 39101 
11655 21737 38747 
1100 9018 26545 
19136 38226 40318 
30026 34969 39058 
6589 16123 38640 
4718 13733 37246 
2391 28273 29943 
20509 24479 39000 
7037 8382 39328 
30236 39085 39619 
5909 21163 30456 
430 431 1105 
6983 8371 23805 
5787 9180 36186 
4499 17743 40663 
4073 14336 38626 
11229 36481 40572 
4571 18922 39728 
11788 15306 38989 
30323 36937 40500 
19807 39103 39135 
15076 37546 39014 
4659 4660 39893 
2942 2943 24296 
1786 2491 23635 
7171 21141 25719 
19147 33736 39169 
27174 38471 39172 
869 7513 32889 
218 5597 7617 
1116 7859 33388 
2819 9766 21427 
12067 19153 22697 
13604 14417 38572 
5607 17800 31670 
8537 24628 28748 
9301 13319 28299 
1599 3293 37600 
4336 14603 38781 
32129 32619 38523 
19033 19762 36151 
8953 17734 37897 
20944 39188 39954 
12704 13143 39244 
2069 4554 20403 
5660 31446 40465 
3504 24718 29021 
24349 38366 39277 
30165 33164 38970 
9083 9435 27964 
17110 39285 39850 
3338 15683 25810 
16971 33569 40109 
1226 8644 9624 
9896 39276 39444 
3828 4077 8990 
2506 6040 6713 
10900 13644 32111 
38276 39022 39123 
4022 6053 21067 
4063 7098 30328 
4993 6920 7354 
14316 26178 39329 
20866 26448 39325 
5426 21787 25931 
322 5593 30908 
826 12906 25335 
530 38583 38926 
24198 37931 39361 
1369 27514 39183 
1836 33234 33932 
19890 24622 39398 
147 10791 41054 
5030 5281 13499 
2877 25070 38079 
4950 7308 9651 
24268 29049 39348 
4408 16096 38878 
627 1706 39149 
33546 34229 40263 
7678 9721 15520 
11114 13403 39152 
4889 39482 40769 
1012 3413 38773 
7658 9027 11013 
1485 16201 18262 
1898 11914 39107 
10954 10990 30918 
16068 39502 39941 
5671 23830 40946 
2088 10332 11316 
18102 32655 32656 
229 16439 39506 
1190 1276 39119 
37742 37884 39538 
17408 36308 39569 
29265 32387 41120 
6806 14494 33958 
30519 38731 40861 
22664 35370 39582 
173 5023 32658 
1332 3398 12644 
449 10396 30970 
3264 15471 37436 
29114 36851 37731 
18972 19972 21986 
17190 32111 37744 
23355 26002 28434 
10526 16845 31826 
3507 5418 20855 
2242 8099 27579 
5843 6334 7535 
6837 39637 39783 
8614 22045 32104 
6079 12256 39623 
4950 14235 37333 
4875 29130 39531 
1732 3966 40607 
4492 19287 37051 
6407 39668 39669 
1832 15491 37538 
6552 11297 40387 
884 8113 23006 
8275 19610 27669 
35250 37631 39047 
15936 18960 30650 
13251 13417 15241 
16164 28422 30328 
3968 12013 39699 
2601 16184 35014 
14159 18911 30698 
6830 7053 15982 
2609 16996 40033 
883 5056 18414 
1162 28120 39258 
4723 35893 38408 
21959 31174 39321 
21327 32878 39823 
11651 14484 18780 
5724 15623 26626 
12682 23248 30229 
11504 37003 38156 
14856 37699 38869 
2323 5552 6768 
1210 25995 27465 
5307 14942 40296 
482 2998 41717 
10520 33805 37342 
2732 4154 7507 
14859 19591 38176 
1031 17158 21166 
10448 29400 38167 
3816 3817 4107 
1161 4251 17667 
18408 31636 39144 
21668 28530 33172 
438 4009 13920 
3800 20126 29610 
1061 4093 4110 
19782 38680 40817 
658 5056 20913 
12258 24002 39787 
2717 18338 29588 
37 18627 26589 
333 2191 14337 
9408 39764 39931 
20504 29226 40419 
802 7622 28695 
31574 39929 40349 
3427 3679 4147 
1513 3512 27034 
37007 39733 40736 
8083 17997 40923 
5872 16339 25668 
15439 40014 40859 
17480 17769 22743 
25879 39434 40069 
4325 30141 37812 
15017 22475 38559 
4829 15223 20020 
39986 40055 41296 
5304 8639 12644 
1914 2907 39919 
8468 14136 40085 
1575 18209 28193 
15363 15962 40104 
33926 35353 35523 
15572 27697 39815 
13670 35846 39277 
16284 29267 40094 
17287 36915 37935 
20593 37126 41496 
3523 25618 31876 
4944 24308 33729 
4220 21937 40152 
35339 38139 38173 
24745 31385 40095 
10915 15508 34131 
22735 24420 32630 
25317 27123 40869 
623 624 27526 
596 3545 16742 
6210 35141 38052 
2046 8121 39081 
16865 19972 32717 
8485 10557 11067 
8065 10850 17389 
13338 33854 41337 
9807 24957 36880 
27721 28448 38810 
1320 32561 35672 
14680 16171 23068 
1197 30830 39711 
4840 19686 36082 
7161 9569 9570 
24138 37137 37998 
2287 18350 37895 
1837 21763 37773 
221 9972 39708 
31707 40297 41026 
16648 18070 39266 
31326 40324 40337 
1868 4305 11356 
773 31172 41037 
38648 39542 40257 
22783 37239 39749 
6357 14956 36052 
38058 40377 40378 
22240 32405 35269 
7983 40398 41264 
5130 12518 36831 
10132 36200 39123 
8191 10805 13688 
13443 23367 25662 
2652 6058 17078 
13362 38951 40327 
494 4302 5026 
6212 14000 26292 
11551 17173 19476 
1147 13102 33932 
8414 8785 40956 
6139 9004 32495 
21884 40033 40480 
5694 12358 22496 
4515 6547 11630 
5923 7368 37943 
7353 12794 34943 
17430 18571 40615 
25037 39772 40442 
10290 14446 40115 
9427 31582 32642 
10910 14582 30008 
39724 40124 40534 
2938 15832 20563 
33227 33900 37845 
10692 20194 38573 
1465 15642 38747 
8594 36885 40373 
8989 29946 41210 
8129 17357 32608 
14724 15000 20851 
15765 15767 25605 
20998 40088 40162 
8623 40314 40375 
20250 24983 26747 
24105 28986 37656 
2831 15774 40617 
40358 40635 40698 
20708 37055 38843 
33490 40639 40703 
16682 23364 29138 
6194 38796 40644 
16905 39792 40605 
23891 25060 31278 
20216 40677 40952 
2228 20344 22852 
37830 40177 40723 
25186 33926 40279 
4218 6118 36880 
3466 6235 16922 
5385 14336 39802 
12822 23895 38263 
946 3889 12335 
795 2545 41208 
2373 28189 29822 
17414 34183 40649 
608 2930 3788 
3957 4301 13538 
1389 15983 38790 
40791 40792 40888 
1369 40588 40620 
5189 16946 28538 
2303 4066 10883 
15161 31623 38179 
6965 33226 39828 
153 6266 40770 
39478 39487 40643 
11999 21643 40358 
4849 16160 18565 
3792 12473 20612 
4665 12436 23905 
25675 28946 36977 
26508 40937 40938 
10052 16120 16775 
8873 15672 20202 
27305 36085 38162 
632 1243 21286 
6892 9237 18129 
27704 40539 40932 
12353 29139 39815 
14856 15890 40993 
7295 8184 32728 
4229 8650 13549 
10433 28867 35380 
22316 38091 40776 
26131 32190 40633 
30821 40484 41029 
40788 40789 41046 
32230 32263 41258 
29787 41050 41502 
491 9647 20213 
5440 15958 41005 
12524 17228 23061 
23676 24029 41447 
33151 39081 39173 
37456 37522 41084 
14502 18544 38910 
27722 27792 38810 
4140 13325 39952 
7940 9727 28868 
3757 12899 20094 
4894 17127 39919 
18302 20510 38267 
3154 10295 16022 
4359 12349 41119 
6091 22489 39706 
8773 34231 37783 
1421 29473 41087 
2920 11374 19393 
2510 32672 41047 
12604 19721 40109 
6976 31723 38443 
2099 6111 8304 
1510 11054 38012 
15412 23345 36114 
2890 4278 37182 
8709 12023 41201 
32995 38898 40709 
13467 39119 41187 
28933 36153 36478 
3981 27955 40961 
307 9557 36241 
545 11591 40079 
12360 13126 16401 
7017 22150 35597 
4879 9368 10859 
12238 24054 41246 
1107 2086 15963 
567 10880 39119 
1106 4164 7007 
12955 18511 30956 
3457 7742 8546 
41274 41275 41347 
11648 25585 35064 
116 8565 38007 
28715 40769 41299 
11380 25230 32404 
3852 11239 13558 
5578 6538 34930 
3083 7267 41180 
359 606 28233 
1380 4245 8776 
7482 12394 38116 
18468 33784 41377 
28349 33695 41382 
28326 41386 41388 
7109 8934 13743 
9801 10599 10863 
6669 26681 30600 
781 7172 40613 
8265 24452 33902 
2918 8688 10689 
8913 9097 41433 
13455 15763 40756 
2116 7111 38721 
2144 4665 20237 
8406 25196 36859 
4658 15685 39937 
2692 4275 40311 
1201 10587 30698 
13360 32347 38411 
36992 41492 41542 
34352 38561 41456 
6992 31433 33334 
7185 34406 40939 
6452 6775 9038 
1418 1820 2368 
40839 41557 41559 
11006 12524 18596 
3407 17939 26510 
39607 39843 41571 
31401 37662 41606 
2800 10263 10392 
29389 38892 41591 
27271 35246 40869 
38153 38154 41360 
12879 41614 41615 
1492 5399 36977 
6660 18415 38393 
32 4040 4099 
3075 4241 6308 
1889 6078 32973 
41654 41655 41716 
4006 17664 39758 
23223 30231 33754 
27196 39954 41558 
30645 35618 41673 
18210 22653 27928 
1219 36777 39758 
26278 35067 37863 
11315 20398 41612 
26960 30698 38292 
4392 5483 5951 
12522 13170 16156 
6037 38901 41610 
7782 27641 40554 
955 17144 39477 
14484 19861 27830 
7396 14295 34383 
29568 40903 41649 
2463 38558 40876 
