1309 2802 4861 4905 6489 8804 9023 10496 11203 12062 12743 13166 14035 21391 21745 21816 22679 24804 24975 29703 29780 31121 31190 32680 32709 
1628 3146 3740 6948 19998 30837 31101 
17192 19876 30871 32187 33802 
854 3413 6988 15999 30891 
5439 7975 23147 23932 28651 33165 
4066 9885 12509 29996 31868 33062 
15978 16010 24072 25503 30515 30830 30977 33135 
4301 6902 9040 16982 17950 32236 
847 3753 5443 8438 14951 19220 
16 2920 3788 4206 6215 6659 14350 19393 20328 20756 30098 30918 33163 
5718 9404 19106 23158 26758 30435 
873 7639 11440 22512 30899 
1870 2920 5786 9366 12227 18607 30918 33769 
349 1429 1522 6902 7341 9942 16471 20918 22311 29368 29653 29671 30233 30438 
1111 1237 1926 2100 2650 3026 4133 4306 6659 10211 10888 12587 20328 21923 30918 33769 
294 4195 17076 20759 30715 
138 968 969 2235 3218 3757 6022 6689 7297 7334 7804 8406 16147 20503 24923 31412 32243 
4226 7686 8567 11527 
3529 5577 8831 29592 30438 30493 
4778 6049 10375 10575 11984 13118 20328 21923 30918 
24378 25503 31288 31663 31664 31808 33107 
42 2590 6304 16461 30919 30947 32420 
333 572 2232 7341 7418 9396 10353 10879 16471 16732 22966 30616 30731 33020 33975 
33 35 1185 1884 3749 3750 9366 9425 10628 13118 30918 
3427 3490 4904 5561 6810 27187 31190 
4112 12475 13895 13896 14840 19163 25199 27801 
3816 3817 25824 27726 
211 479 842 4005 7910 10555 
232 233 564 771 1501 2233 2538 2749 2778 3076 3635 4040 4385 4527 4811 5209 5526 5538 5712 5832 6146 6470 6649 7802 7995 8327 9173 9626 10138 10643 10644 10713 11807 11920 18068 19571 19634 20865 22409 22880 23881 25488 25529 28176 29238 30799 30819 31347 31499 32062 32669 33791 
75 90 544 561 2184 2952 5340 5455 15717 
528 551 4414 11264 12811 21118 25875 25969 26792 30891 32954 
3731 4571 16030 19276 29842 
918 1091 1429 1568 7131 10475 12678 13072 13078 13711 20352 27563 29671 30438 30493 30980 31404 
58 105 157 547 865 1061 1239 1240 1581 2309 2339 2626 3733 3938 4155 4545 5054 5318 5340 5986 6692 6739 7616 8777 11535 13556 24611 28035 28208 29549 30149 30447 31165 31984 32014 
8226 8962 10359 11270 11856 16987 20269 22669 25844 27807 29481 29494 30847 30960 31366 32121 32532 32826 
333 2187 2255 4062 9858 14092 
420 1874 1926 3750 13118 30918 33769 
293 592 5054 5394 5996 10984 28107 30520 
3961 4828 7910 14420 20030 20158 
919 1024 2528 3148 3205 3529 14681 27585 30524 32578 33307 
333 811 2232 3205 3522 3528 3530 5986 7042 8884 14681 27585 30438 32578 33838 33975 
213 7225 14599 14635 27478 27663 
224 225 756 4290 
212 213 19908 23192 30898 
1581 14283 17765 22257 30959 
296 297 3949 14439 20560 
1078 2101 2503 4280 7181 15906 20328 28868 30918 
1384 6170 13556 22153 31466 
7190 8852 9816 31959 32339 
247 248 417 2244 2250 2305 4591 4849 5153 7910 9364 10270 10586 13328 15586 17657 19578 26483 29610 30098 32478 
367 1806 1823 5207 8093 30050 
2194 6698 8937 9873 
3563 10292 20964 28859 31009 32994 
1220 1560 1603 2312 16614 
706 2126 2526 5467 6649 7525 19122 27021 27970 31404 31476 32515 
1849 1850 3775 10786 
5975 6016 13667 14840 24484 26720 27801 27943 
439 3647 5492 6945 9332 13078 
427 1440 1952 2136 4415 23192 31601 
349 913 1024 5497 6338 11559 
1078 4394 7181 8829 11945 16862 29920 33885 
2634 5047 15930 20838 24002 30933 32910 
9912 14817 19225 30750 32595 
2605 5546 7592 10836 32763 
1019 10425 12924 23682 29682 33234 
2432 5658 7221 11713 24050 29963 
8365 11050 16890 16891 23978 28295 30174 30955 31982 
740 741 1024 2900 4062 9689 29592 32578 
554 2991 12008 30963 
1329 2905 5256 9941 14233 
401 782 2623 3864 6865 7871 11309 
4587 11122 13469 23760 30991 
2476 3343 4838 5146 5459 10065 
34 1550 12845 15304 23648 30918 
59 919 1411 3154 30999 
791 2927 26169 28391 30797 32366 
4536 5318 5341 6170 11046 11331 17987 26188 28208 29963 
876 1672 3517 6736 9382 10224 12493 15839 21331 29920 
1513 10218 10359 13504 21435 27862 31073 32532 32826 33388 
1153 1932 2213 2798 4928 7217 9194 10471 11023 32236 
3154 6403 9040 10158 14810 22618 24050 30999 
649 6290 7389 12696 14117 
58 1911 1941 2626 3938 4823 4887 5517 6692 8777 20288 21398 22619 24611 28337 30371 30679 31984 32831 33589 
3050 4460 11797 14130 15962 
847 6445 6449 9277 31245 
529 707 865 3615 5517 5986 6422 6692 9026 11535 16129 20750 22222 22619 24050 24611 30679 30980 31165 31984 32831 33589 
1914 2814 6638 17127 30473 32955 
939 940 9398 16798 21952 27942 30008 30098 
813 1104 1128 2966 3202 3714 4147 12245 12250 28034 
266 622 1453 2235 9176 29138 
7341 16982 22158 29653 32236 
4013 5837 6648 6780 7008 14881 15042 17347 17519 17667 23593 24253 30270 31025 32012 32408 
18573 21484 24424 26920 31109 32032 33329 
1033 9114 11872 16595 30698 
426 2994 8738 13451 13998 14343 32156 32768 
6410 10623 12087 14771 23276 
5307 16909 25257 29946 31819 32830 
428 2232 5071 7987 30493 31601 
566 1238 1271 1491 1497 1831 2917 3031 3422 3653 5746 6178 6356 8304 18384 30585 30837 31101 
927 1778 1779 3616 6455 25719 
6567 11466 20349 27251 29240 29778 29958 30955 31886 32104 32422 33587 
668 1102 2890 5651 6823 12674 
138 139 3723 6689 8179 13297 15396 32243 
38 39 2722 2723 30830 
843 1661 5340 5464 5585 9808 
3962 4685 4897 7910 14419 15365 31637 
58 2309 2796 5062 5658 6170 19799 22618 31165 31984 
3568 10896 13099 17260 22399 31007 
16 11547 14752 17924 26582 30549 
1684 1685 2316 2705 5349 5458 9905 31530 31564 32734 33389 
132 850 1116 2785 3335 5947 7623 8517 13269 19460 25099 
2798 4297 7217 16628 31055 
3026 3065 8433 10368 10954 12587 13118 14451 17410 21923 30918 
1814 9097 9194 27626 32650 
288 773 11328 17089 30402 31057 31172 32628 
11371 21327 25930 28719 29568 30830 30977 32878 
1963 1997 2092 30014 
448 8132 8836 9546 9874 11956 17766 17939 23082 26799 29880 30670 30671 31849 32057 
11315 14962 15179 31062 33200 
6832 12594 13939 14290 27509 
14261 15133 18551 20094 
24094 30494 30508 31185 
264 2693 10745 22986 29420 30790 
1717 2918 3653 7984 8688 9954 14331 
59 2737 7087 29963 
7886 11452 14625 23106 23306 29130 31070 
566 1628 3330 6134 18384 26843 
1829 4657 9713 20964 25064 27835 32994 
692 2267 2810 6204 
13525 16666 21180 32534 
195 782 1176 7046 17084 31434 
560 1155 3064 5537 16895 26882 29788 30749 31326 31873 32973 
10230 14869 15355 27369 28977 31749 31967 
1662 2952 4700 5459 29999 31404 31476 32511 32958 
1379 2571 8070 9524 31225 
8295 18904 19219 21341 28258 28315 30174 31982 32768 
2673 3355 3566 9773 10095 
3839 3840 3850 13629 27435 29716 
7285 10148 13283 13284 19475 31482 
196 4342 5613 18166 20348 30809 31069 
1528 2176 25503 30830 
100 562 4278 7001 18733 19652 30529 
117 942 943 1101 2201 2331 3021 4483 4847 5248 5754 6041 6042 6594 7036 8235 9480 9503 10564 10959 11441 11839 12217 12882 13836 16127 17502 17737 19599 20964 21067 21341 21429 21509 22919 23778 24649 24791 26512 27530 27947 28111 28245 28271 28318 28425 28451 29738 30162 31217 31307 31652 31785 32011 32197 32382 32584 32777 32970 33000 33247 33318 33344 33414 33507 33565 33894 34032 
22754 22939 31350 33813 
322 4847 5593 15350 26017 31429 32946 
1911 2798 3205 4536 6546 7083 7098 30626 
2358 3400 15805 30061 32424 32522 
151 152 3084 5438 
735 1767 1975 2141 5289 16813 32511 32958 
1107 1807 3742 3954 11431 31101 
1354 9221 9564 9901 10801 21729 26911 27780 30323 31435 
229 230 4419 4999 6258 12181 
782 919 1876 6865 17682 19389 
4065 9886 12509 14915 21966 33062 
337 2136 4374 4957 6720 7091 31601 31673 32520 
2195 9700 11383 15476 32985 
2311 3336 3539 6093 10649 12297 14958 28233 32156 32768 
1944 2297 2990 4274 5449 5542 6651 15846 
3066 3471 4791 6944 12238 16889 19309 26250 27376 30749 31873 
2188 10475 13851 16022 20093 26245 
438 5280 5281 13363 30473 
551 552 626 734 1368 1439 1500 1707 1975 2525 2527 5467 5577 5996 7525 10984 11264 13072 13153 16148 16943 17128 20579 21514 22962 25204 27586 27692 28334 29999 31404 31476 32515 
468 978 5166 21776 32862 
1211 1212 1317 1458 3723 3779 3932 13329 13427 32047 32243 
293 821 5289 5780 10175 11630 12374 20655 31527 33234 
4198 5664 8456 10201 22352 31046 33123 
987 4251 4717 5825 5965 25952 32920 33487 33729 
3898 19972 20109 23002 24222 30227 32879 33298 
436 1914 3448 29108 31617 32297 
4909 10669 21899 22516 27428 29488 29778 32104 
987 1172 1173 3325 10985 11053 11761 32920 33729 
494 544 575 597 619 799 1616 2741 2952 3384 3571 5340 7637 15970 
172 3457 6322 8157 
150 359 2926 3612 5293 6093 8061 10162 10349 10629 12297 14343 14747 14958 15409 31305 32768 
3528 3529 14111 14599 27586 32578 
291 1367 5249 9216 16500 29671 30703 
5340 5658 9491 9674 22618 30999 
261 1590 2294 2313 2680 5890 8435 19059 19389 29305 29958 31046 32289 
1061 1240 2125 5954 6338 7131 11559 15633 21759 23035 27184 28035 29549 30447 31165 32014 32289 33580 
1746 13429 17787 29542 30750 33258 
27190 28221 31178 31179 33761 33804 
1210 4432 5427 14793 23896 26928 32049 32074 
2721 7428 8228 15265 15830 18655 23151 23554 24602 29364 31675 31929 32660 
1291 1589 1990 6929 10065 13331 
99 475 2652 6015 15187 29754 31101 
2069 4098 6153 9087 
1309 1776 2132 3839 4018 7013 8537 8660 10721 11084 14035 20551 22223 23100 31190 31913 32709 32886 
2737 5126 7004 7087 18588 33144 
537 1247 5153 6159 15830 32652 
1366 1727 23192 32569 
580 939 3377 7268 16798 23333 31072 
946 1066 3889 5375 7928 12426 13068 20155 30964 31987 
8012 8199 19448 21341 29738 
1079 2503 10274 21331 21332 30385 
394 395 2279 4433 7602 8036 26135 32569 
1102 2641 2847 3938 18544 27654 31374 31466 
4320 23544 30622 32692 
15413 22813 28517 30836 33764 
1765 2241 7987 15015 31601 
2126 9492 10896 25944 27692 32958 
23891 25060 31278 33201 
318 9858 10366 14652 20565 27388 30493 
333 3414 3957 5715 10584 13072 17128 29671 
4713 4949 5728 10954 30331 32511 33098 
2685 6829 12476 29703 30098 31190 31913 
399 400 799 1351 6926 20155 22142 30964 
1369 10124 11060 27514 
1842 5378 6189 6190 6406 
1099 2747 3301 6501 9398 31072 31190 
346 2324 2502 29671 32511 
1131 1840 10014 12632 12730 12746 
4637 20997 30356 31227 31410 
1018 1027 10366 30438 30493 32470 33975 
1465 2204 2205 3998 9380 12214 25615 32630 33131 33742 
1239 1911 6170 7346 8248 10475 22618 31740 
2244 24975 27552 31190 
1017 1018 1480 1803 1872 5597 12240 27970 32511 32958 
1052 1316 11939 15684 30823 31828 32511 33387 
20775 28606 30808 31251 31532 31627 
3617 11114 24166 25200 29922 
6098 7178 7952 13396 14076 31222 33367 
3536 7038 8822 26689 31232 
8365 27428 29488 30955 
880 9993 22110 28519 28968 31466 33716 
3619 14422 22499 24662 30810 31131 31763 
9218 10084 18175 23549 28525 31410 33219 
2245 5577 6169 6248 9178 9490 12067 31916 
615 3154 3413 7284 7679 
2703 3539 6093 10649 11879 12489 14747 31305 32768 
2697 5358 6440 9326 17570 23443 23678 24007 27515 27772 30535 
3177 3239 5907 14117 31072 33998 
4536 5314 10035 11883 13891 14375 17798 21311 30149 31466 
9190 30774 31282 31335 
2474 5138 6720 6734 14600 
4909 13402 27428 30955 33587 
518 5613 9501 28936 33181 
5021 5022 6490 8804 12476 13167 20551 21745 24804 29232 29716 30108 31190 32709 
1923 7042 10324 20031 21759 25321 30481 31567 
913 1027 1581 2191 3198 29549 30493 32014 
3106 4058 6399 15362 17380 
2279 4936 6710 10662 32920 
6033 21027 21470 26325 27509 
653 2223 2249 2381 8961 15244 30154 
1300 4828 17496 31075 31304 33811 33893 
1989 3162 7893 19048 20585 30750 
3789 4715 13998 14432 15742 20072 23208 28577 31553 
3582 3671 4013 5334 6207 21948 32012 
3768 4628 6455 8463 9293 30918 31779 
552 3083 4887 6692 9048 9332 10646 21398 22847 27287 29963 30371 30481 30491 31567 
1816 1817 2966 4146 15301 
521 545 599 2129 2407 3090 3091 7935 
2391 4736 4897 7910 10339 14420 14628 24687 26750 33388 
3116 8927 9877 10080 11278 13207 15618 17912 31298 31618 33181 
3869 7500 12186 32631 
2332 4681 9283 31125 
201 2760 3436 6710 16100 21070 27313 27719 29467 29772 30472 30703 31601 31612 
1814 1911 2474 2797 2798 4035 6546 16477 21398 29963 
941 11848 12900 28578 31323 33834 
1695 3750 6775 11826 15069 31824 
3218 3219 5687 7047 9952 
17474 26310 30264 30537 31699 
1137 2829 2830 3276 7207 7616 31221 33453 
2777 3003 6008 6146 10288 10831 31347 31499 
7175 9781 10744 28817 
2038 9537 20679 22830 29870 31350 
149 333 526 741 4994 7128 8464 
1465 3729 5054 6903 15418 17637 17830 
44 6973 7357 14588 21334 29452 29672 30237 30978 31323 33164 
2433 2434 5400 9993 30149 
15526 30994 31180 31196 
1870 4306 9425 10575 11374 30918 33769 
571 7660 10074 21948 24253 25158 31909 32408 
19 20 2999 6550 32230 
10238 15561 31345 32872 33250 33406 
3756 4949 32610 33592 
2253 5484 7623 7992 13392 25099 29368 31915 
452 1084 3856 20826 25620 33529 
743 20715 21148 21997 
17081 25766 28854 31227 31398 
615 734 1055 3198 6739 16162 22416 32014 
741 4994 8884 9254 14599 
9764 10203 10941 15170 
2455 2855 3182 3956 8992 12240 17298 22301 25560 29889 32959 33324 
171 6206 7013 7024 18900 27067 30098 31190 
2912 5760 5921 9581 10481 11706 14642 16276 27425 28145 28751 31397 31411 31827 32029 33412 
1301 1309 3101 5022 7536 
5504 8319 12968 22962 27021 31404 31476 
438 2113 4079 7970 20073 
246 701 1176 2535 3043 4382 31385 
4445 30222 31929 32448 32497 
1219 2796 3491 4538 
136 1460 4707 7366 27826 
4314 11490 12864 16934 26023 29364 31675 32660 
3453 14941 17082 25347 30148 31410 31417 31503 
346 1443 7577 9391 11163 32511 33529 
670 955 1188 1532 1727 4374 6710 16870 31601 32920 
9049 12302 18439 23283 29395 
4275 7666 10666 13170 13245 31412 32243 
6917 9843 10260 20733 31427 
2250 2929 10458 18565 28376 29610 30438 
1256 1463 6026 7579 
34 429 1550 3280 11814 17763 17764 30918 
1436 4620 15644 31461 31550 
6684 12622 17161 17701 33054 
8683 10723 10859 30854 33092 
2063 15503 21980 25804 32485 
195 782 1367 16162 18627 31385 
42 260 393 9301 28299 32420 
139 4398 6022 7076 22970 
7325 9512 11630 31485 32017 
842 1622 1808 9395 11989 14341 
913 1367 7217 25179 29549 30447 32637 33226 
161 8765 10270 11218 13118 14434 20756 30438 
2823 4164 4710 4980 8456 16798 33123 
1259 1641 5926 7091 7836 30217 
1497 3097 4980 6639 7954 8456 9900 24370 33123 
6276 11181 17214 17415 
8560 8783 14389 15882 20228 
756 2184 3197 5135 11518 
3620 10874 13362 16001 24128 
108 109 2138 4072 17590 
2370 5890 12622 15348 21412 29958 
7274 22540 22552 27251 32422 
9646 16604 18340 26303 
2519 5819 14314 14842 20871 31283 31296 
327 1351 4515 5045 11029 12374 15081 16293 16462 17128 28040 29814 29995 31527 
6284 14247 17081 18175 21104 
1090 4050 4367 16798 27023 31544 
4336 10131 14932 20821 31526 
774 1068 3205 4227 7292 10471 29870 
821 1489 1931 3929 4984 6547 11029 27692 31527 31682 32511 32958 
15598 19504 21153 28890 31306 31586 
12801 14318 20997 26464 31181 31227 31410 
2750 3083 8058 23835 27742 31567 
632 1235 4432 8656 9492 10474 32234 32804 
4647 7715 9616 21104 31181 
1991 5880 27742 29523 
731 1684 1685 1934 5143 7473 8189 8805 9944 10521 11124 29420 31564 32664 32851 33389 
5221 16114 21027 26852 31426 31505 
5946 7623 16161 16471 16798 18997 29368 31915 33636 
1115 2214 4389 5947 8035 13392 25099 31915 33636 
4313 6592 9921 11964 31466 33716 
1351 2222 5314 10035 12578 25362 
1429 8831 20165 27994 
14672 15829 17405 18100 31217 31785 
538 539 3928 7909 31298 
5985 14590 18881 29171 31591 
206 5634 7767 11147 14224 28542 
2705 2706 6131 6700 15904 31564 32664 
1339 1340 1421 7271 
871 943 1535 11466 16878 27251 30426 30955 32422 32429 
282 1944 2279 5542 26135 31601 
4909 10669 14422 26736 27251 30955 32106 
15845 16235 18602 19122 29754 30008 31190 31621 
417 1208 2199 4054 7287 15999 32852 
539 1199 3928 5780 
6392 26912 30693 31607 32778 
989 1325 1384 8213 9924 31466 
577 5717 6642 21412 22198 
2181 4159 4456 5028 8763 10142 17496 31533 
2383 3110 6740 9674 12246 27178 31567 
19898 23604 31636 31850 
291 10831 16212 21699 29592 29671 
844 987 2139 4773 14052 30463 
5455 9166 10345 30239 
82 13529 15452 26511 28627 32638 
3524 8871 11141 22669 31225 
425 972 3471 3716 3834 4791 5537 6409 12238 17779 23760 30749 31326 32973 
7089 11958 11964 14015 24317 31466 33716 
475 703 2769 2895 3588 31101 
529 2737 5658 8063 11162 29963 31984 32909 
20662 31677 31693 31697 
2414 6808 8167 21891 23153 23650 31675 
1000 1749 2339 6355 13216 14107 26827 29889 31676 32958 32959 33324 
4023 12696 16001 17496 24299 24687 26220 33388 
4901 5552 6045 8414 32381 
572 1429 3529 10972 25881 27563 30493 32578 33312 33838 
3578 7037 12092 19653 20964 21341 22033 28111 29738 32994 33000 33694 
6311 7986 10314 14071 15061 31670 
317 1200 5153 5994 9864 29711 31675 
2983 14055 23656 26912 
126 1572 7063 7064 
1185 1875 4306 15971 25477 30918 
1010 3144 3396 6111 8304 30837 
1911 3529 14681 21699 25881 26412 27586 29883 
2147 2785 10974 11317 16798 32294 
279 872 1824 11713 14134 20788 22416 
2830 8148 10076 33453 
511 2426 3209 3817 4106 25683 
4526 5842 12245 14713 31833 
1482 1978 4293 6993 27943 28239 31553 
8365 8553 10669 13764 22516 30955 32055 
10511 17749 31599 31623 31947 33380 
1367 1923 10665 20114 31612 
1910 3447 8278 8913 16403 20362 31853 32091 
11444 11549 17402 17775 31749 
218 2508 10739 12981 31758 
1714 2822 4915 10609 11482 14564 15617 24299 
349 2622 3198 4397 9285 29963 31567 
3859 6619 10330 23942 
5400 9921 10160 14536 21311 
2977 3105 16575 19444 30529 
892 936 1928 23489 
928 1185 5438 19409 31125 
2998 5236 20252 29595 31748 
2338 4787 7206 10881 31779 
949 1109 5980 12866 24909 
387 1259 5965 17395 19235 
3885 5016 8353 11914 19562 30385 33885 
3529 4907 8632 16873 20918 28972 30493 32578 
6369 8990 26852 28108 30526 30806 
1799 1800 1937 6464 12549 24299 
835 11421 12296 28780 30064 31585 
3563 6535 7037 21122 31652 31804 32994 
101 2952 5044 5340 7450 13078 16658 20912 22618 24473 
388 731 7588 14520 18059 31530 31564 
432 1174 4300 4974 21184 
1672 4913 9887 10268 13817 29920 30385 
1995 3980 4369 4836 5437 5915 7976 11967 12444 32670 
7091 9793 16909 23716 25256 25764 31819 32830 
866 867 5864 8600 31496 32972 33349 
952 2250 4206 13328 14182 20595 
2311 3980 6060 6093 7173 13137 
1102 3395 4793 7001 21311 
2941 6697 7320 15849 
3816 4106 4107 32874 
23 2928 3804 8375 14747 31305 
2889 4536 10596 29149 31740 31984 
25 1714 2075 6640 31277 
1365 2536 3180 6579 6724 7602 27112 32569 
3762 5350 8231 15684 19352 24862 28059 28538 33133 
2250 4892 4945 6551 7600 30438 
2607 9832 13053 32036 32744 
736 1560 2642 2649 3137 9264 31740 31916 
1154 3135 4573 23760 24210 30421 31891 32373 
266 361 1520 23851 29138 31558 
75 23270 30481 31578 
526 988 1500 2188 19908 22426 31527 31916 
266 2239 16031 19072 20906 29138 31546 
439 666 3412 5592 6650 6697 31916 
871 1535 3915 6429 14916 22037 30955 31009 31770 33587 
138 2303 5783 10145 22970 
8357 8473 11155 13416 19425 31565 
2205 3585 5484 7992 10837 21879 27550 31915 31929 33636 
200 4531 5162 23049 28221 32689 32718 
334 4091 5980 11987 23120 28249 
1913 3403 3923 16252 18767 
1530 3302 10216 11761 31060 
346 2294 2408 29958 31970 33350 
1024 4190 5597 29671 30141 31404 32511 
16950 22981 23341 33615 
1390 5999 6130 6813 31623 
51 2044 11393 11886 14640 19225 32433 32611 
275 8473 20591 24365 31565 
1848 2940 4228 4962 5075 6595 6596 33226 
2016 3110 3167 6740 28337 31567 
3397 4745 9102 28417 31918 32995 
3261 16688 22313 31943 32004 
2442 7018 7641 23891 31968 32520 33739 
3712 5727 15385 18957 31968 33739 
4026 5727 11591 15989 31968 33739 
13255 17217 17529 31681 32546 32872 
999 3442 4560 14233 15061 24050 
829 1995 3023 6445 7976 8501 11967 28233 
5453 5821 5873 16183 30349 
3780 4703 12034 12746 14480 16457 
17173 17174 17231 17810 19476 
9394 13764 20313 21899 28451 30955 
100 454 2777 10163 19528 
566 819 1495 1629 2077 4916 16169 
266 361 5804 10463 20648 29138 31060 
7764 7765 29319 31364 31991 
3858 4329 4405 4406 8323 
700 1654 2346 6455 12237 23021 
11617 23549 31398 32544 33401 
3095 18648 20313 32055 33322 
147 1384 4838 5232 9679 15970 31466 
788 1936 22677 26134 29549 30047 
6853 7790 11040 19603 20591 20831 29436 
3705 16166 24268 31552 33457 
8385 13470 28139 32080 
1169 1705 2304 4014 12294 32024 
10463 11257 14771 15617 17480 32091 32613 32796 
1628 2821 4905 5154 6810 
476 6730 6810 10903 16798 27187 33163 
1305 6304 13302 15862 31181 
4014 4548 11452 13929 31070 
3961 3962 6177 28822 31400 
3199 6692 19733 26573 30491 30679 31984 
401 1991 8215 11309 11713 32014 
816 7505 8381 16656 30585 
605 1337 8566 8584 25364 32887 
210 1389 2595 2906 5890 9747 
811 5847 10831 13711 31750 
6203 6265 11468 13715 20964 30646 
4631 15940 16432 16851 16881 18074 32108 33793 
3898 14962 15179 18905 
274 9017 16282 17546 30470 
3938 5954 8248 11771 21154 24050 31984 
8141 8758 9004 14564 17496 24521 24687 32420 
1438 1999 2512 5884 30526 30806 
263 2083 4213 4282 7790 
842 1098 1439 1603 2188 19805 
280 2101 10270 14883 30098 32680 
8295 16891 19219 22506 28295 33847 
3491 6012 7908 9921 22549 
566 1445 8381 14678 
812 816 3084 3330 25998 30585 
3563 11839 21122 32197 
6261 20255 24549 32207 32270 
3472 5458 15904 31564 32664 
1312 14383 14623 16101 31757 31965 
211 479 1043 4870 7910 8212 
1629 2776 3355 7615 33351 
191 3532 5497 7466 16471 21154 27478 27563 28035 30438 33975 
27734 31776 32217 32227 
1529 3787 7643 10662 29373 32920 33487 33729 
3709 15268 16030 16292 29667 
2018 2254 4642 10151 30685 
4905 10496 27187 27795 
2081 2899 19610 27669 30634 33309 
427 1440 2040 2536 3145 3871 5340 32569 
2266 2921 6204 16217 23217 
11924 12475 17884 32145 
84 1981 16658 21541 29862 
1715 10566 18563 31150 
952 2250 19578 21024 23968 30438 
4051 4675 4799 5237 22735 22993 
4409 4803 4804 12534 33351 
2812 12465 12841 14544 29542 
526 1345 5577 6069 13358 28191 
18925 19006 20107 32184 32780 
4282 8241 8357 20591 24451 32324 33153 
7628 11389 15602 31345 32284 32872 
3181 4162 5780 17260 22548 
97 3507 6154 12162 13163 24867 32329 32562 
941 2268 10103 12489 31323 31804 
2149 5417 6929 8122 9330 20073 
482 1846 2922 18893 32993 
2294 4949 8404 9165 25167 25168 31101 
202 526 616 8496 16100 26578 
10448 21404 32142 32364 32385 
5577 10756 14111 25642 30493 33020 33975 
808 2999 10629 13418 32156 
3312 3544 27856 32347 
2431 3876 9181 12736 16127 
230 12492 27069 32354 32426 32590 32714 
813 1099 2882 15619 18366 
5975 6297 12555 30797 31094 
682 3792 22141 31345 32076 
68 785 792 5799 22092 32542 
11459 18555 19048 21157 29542 32433 
1569 3511 3522 13078 16982 32236 
2205 3262 7247 32482 32483 
903 5763 9893 13733 20631 
9586 16159 26182 27762 32424 
4754 6054 22512 23572 27554 27917 33007 33404 33561 34022 
2076 7150 14129 32234 32311 
1648 3116 4296 5615 29549 31055 
1493 5223 9141 13721 
441 8571 10324 13274 
3465 5331 20679 26281 28589 
328 11760 16441 17128 30520 31682 32958 
14373 21738 25276 27862 31595 
3812 5642 7673 9840 25298 
2874 8446 13710 26740 32234 32804 
28349 32334 32335 33647 
31 2940 3600 6697 7304 7914 
948 2910 3251 5219 5482 9573 31783 
7071 18192 23834 27429 29470 
994 2222 2318 6292 9972 10319 32542 
4427 13186 30679 32551 
8973 10009 14170 14590 32546 
22941 23590 23782 24351 29142 29526 32888 
806 2965 4337 4894 5573 12644 17511 
2807 3876 6212 9136 22158 
13053 23268 26030 32563 
4098 4921 6153 12644 
4929 9723 11337 18020 29238 33791 
3650 20640 21650 31754 33738 
7499 19366 25682 30508 32589 
922 1994 1995 4329 7857 
18755 19344 21775 27101 29966 31754 
4251 5965 6069 13640 21088 26010 
1808 4063 12887 27274 29593 
8036 17480 29915 32613 
3162 7893 13861 32064 33258 
51 829 5278 6093 7111 
2235 5622 8500 24410 26204 
305 4043 9305 10095 24525 
424 1547 6344 9137 10123 28538 
1098 5063 18368 21231 32014 32637 
21740 22938 28744 33386 
864 913 4411 5613 10471 13808 27692 30447 
3115 4567 5480 6642 6724 27112 
25369 31113 31247 31248 32328 33202 33790 
2260 2261 3619 7509 10385 
238 3078 4941 10828 26677 
4409 5237 6623 8566 10079 29456 32525 33351 
2552 2913 3077 6294 12835 32875 
2203 19054 21831 29348 30320 30331 
3053 28683 30627 30949 
2993 4844 11886 14958 
1481 5492 19806 21248 31482 
966 1897 2955 3038 11072 13624 18997 31623 
6516 10097 12751 12752 
12324 18190 23486 29293 
4922 9430 10716 23718 32600 32937 
100 3737 4282 7621 13892 31951 
12790 19109 20679 26281 32365 
713 7296 14370 29653 33800 
1878 5224 7655 10903 18046 
2516 8325 15387 24472 
646 3306 4305 8472 12186 26758 
708 709 3559 18198 19005 
941 9213 16163 29447 30352 31323 33164 
606 3612 11603 22518 25138 32768 
111 1911 4035 4073 14336 16782 25881 33324 
31 2760 6144 9470 
434 1638 5724 6514 17496 27087 
1709 2110 2177 9446 11285 
185 974 975 1503 3125 
2242 2243 3393 7054 25363 
3231 17935 25235 28783 32829 
3108 7543 11177 15361 
11205 11261 14717 14804 22487 31913 32261 
1563 7708 20232 20528 23860 32826 
1055 1056 1124 2760 26578 31601 31759 
1511 6124 14622 28150 32297 
26 723 11018 32404 
743 978 2690 2935 32862 
17081 25766 28854 30356 32544 33219 
7804 12159 13329 18536 32859 
3319 3833 12538 13402 
3134 18245 29741 33152 
2694 11769 18105 28609 32887 
10332 12313 13320 13321 13491 
5995 7419 9171 20829 24581 32660 
2373 3403 7164 10907 16252 18687 
1563 1782 2708 5023 7767 32826 
806 1013 2452 2795 5573 8639 12688 31617 32297 
7394 11591 18092 28878 32163 
1459 1460 1563 4671 24299 32826 
843 5340 5464 7284 8741 30703 
1593 3828 10755 10766 30517 
3959 3960 16015 16036 
3162 9913 15412 19609 32611 
1169 1705 3325 8093 29845 
1409 2928 6105 13057 14747 
4602 8970 10047 16603 32218 32420 32775 
5146 7298 15030 31638 32631 
14977 15413 25491 28194 31360 32097 
1561 4874 5813 8765 25308 31101 
114 10817 13803 27970 28821 
3329 8673 13273 33307 
2605 3212 3213 18774 32763 
24167 29316 29469 33230 
494 1218 6889 6959 7645 
4972 15304 18688 31655 
3922 7303 7644 12013 21423 
561 1809 4921 13735 32937 33028 
1780 9367 9368 13690 32826 
2450 3986 17405 22325 32762 
2562 8015 21772 23084 
248 1402 5553 7068 31980 
95 1563 7708 27703 30109 32826 
42 931 5391 13573 20631 32420 
1337 2288 9293 33148 33149 
1109 1612 1613 7770 31783 
490 5894 16973 26888 33131 
1326 2805 10566 16258 28687 33066 
4137 21179 25782 29773 33098 
120 1624 1625 3649 32420 
1938 2555 14756 26843 33123 
15160 19904 19984 33113 
2657 5412 7173 32670 
586 2200 3161 26148 29296 31068 32640 32946 
119 217 1959 7620 33214 
14239 33001 33026 33215 
217 2681 6891 7253 7620 
5865 7854 27737 29482 32433 
979 1829 3564 9713 21122 
33223 33224 33294 33792 
436 7706 15038 28150 31617 
865 2299 3491 16049 23109 
7519 16714 17997 27452 33226 
2870 7184 7338 22098 31060 
8873 11069 20110 23511 
5360 21148 33475 33619 
13762 14401 29595 29761 33333 
5414 7806 9096 15280 19563 32865 
5670 9109 27482 32028 
5226 5309 9126 32664 33389 
1656 7777 8450 10246 32507 
12854 14539 20557 27553 32064 
1482 3193 4391 11576 11661 31553 
9785 16260 29584 31442 33413 
3319 5443 7173 13137 
4807 17771 29529 33390 
1163 6544 15977 24235 
573 1635 3395 10239 13852 
21214 23829 31536 33303 
5504 9318 14432 18169 31334 
28178 28232 31707 33478 
1332 1513 4854 23591 31863 
528 741 4994 7917 27585 
4258 4259 10320 29777 31603 
71 6467 19199 32359 33490 
11040 11521 19433 32600 32937 
2618 4552 32357 32613 33494 
3629 9277 11603 31245 33472 
3261 6154 22365 31942 31943 
3390 5827 8968 12825 17908 
5521 6831 25278 27214 
1708 3657 11099 16165 33181 
25 1607 10463 30217 32165 32839 
13423 14426 15385 20439 33419 
5304 27184 33580 33584 
2597 5926 9199 30217 33539 
6079 12256 25804 26660 30563 33562 
2015 6838 8754 27933 33529 
5041 12744 14859 28697 32834 
621 9023 9054 22735 27915 29595 
116 17185 19856 30877 33625 
749 2963 4173 4828 5207 25210 33475 
760 1809 13355 21999 30463 
2831 27509 32601 33676 33677 33687 
542 1563 11838 14926 32826 33659 
2023 2208 16838 21807 29889 
1983 3797 12982 30589 33131 
2179 10290 11905 26637 33709 
4723 12699 30537 32801 33713 
22138 22862 33071 33597 
886 5901 24941 26558 27271 33516 
570 4043 5762 9520 24253 
2884 18169 26720 27928 
11143 24473 27044 31842 32317 
11680 29149 30484 30491 31984 32831 
237 3078 4941 6115 
163 1054 3954 20798 28034 
3614 4313 7087 9332 29149 31984 
1575 8662 18088 18155 18715 
3453 6665 12158 14879 33891 
4446 31386 32773 33115 
3501 4762 9417 33210 
829 847 2994 3980 7111 
292 1614 6547 6649 7602 16148 
3309 3920 4140 24725 31838 
149 1513 7466 20918 22751 25881 
34 1550 2513 3245 6068 10224 30918 33885 
841 4899 8517 21948 31748 31913 
201 4901 7330 10987 12663 
5883 8699 11978 33055 
7386 7569 9938 20440 33885 
168 4964 7057 7693 13630 21831 
1201 2625 3815 9280 33567 
1096 4889 17668 27738 30669 
3486 4655 31973 
12826 30869 32604 
13716 15024 31400 
24935 27207 28125 
8107 23901 30376 
4682 25223 33578 
3969 7897 32024 
445 25687 31650 
800 18070 30238 
2298 2302 18956 
7037 10007 10016 
9910 13316 24328 
7087 21060 30931 
5890 7840 9112 
4109 9344 31427 
1609 9385 19340 
1754 13541 29138 
1937 13382 29123 
23886 30939 31545 
1470 5219 13583 
25284 29443 30647 
9804 9805 31250 
11013 16541 29861 
7414 8784 28304 
6347 10189 20160 
9557 14163 30461 
3305 7425 22970 
10696 18985 27641 
18724 22974 29570 
10269 18151 27980 
1589 3642 4654 
20131 20202 30934 
2609 21769 30633 
1274 2325 4883 
12734 14148 14893 
4946 5741 24091 
3585 7738 30926 
1629 2086 19591 
5646 24302 29125 
11650 14005 18823 
4039 6274 21280 
7458 21947 30653 
1072 13015 25363 
1136 3545 22338 
28853 29981 30932 
742 16066 30086 
5519 6909 29187 
8628 8815 30676 
2792 12896 30588 
1095 10569 29330 
1763 7140 8727 
1075 15241 30118 
3591 21914 33093 
1353 5570 27530 
11872 12812 18360 
16029 16708 32060 
4 1280 1989 
7279 9436 31023 
6458 11921 13383 
2506 2655 2656 
574 3560 27759 
6445 8047 8984 
14708 14709 32234 
2857 6434 6954 
24145 29859 30262 
876 11207 19593 
7011 26075 28068 
5184 5185 30945 
13050 15153 22139 
16505 18966 31053 
11325 29746 30698 
1698 7346 23418 
8690 30812 32906 
13843 18936 30885 
2895 30900 31063 
13243 18170 29775 
2592 6230 7348 
2081 15322 30321 
6598 6599 8718 
5501 18136 26972 
4970 13026 18587 
23612 30639 31216 
2643 20596 30828 
8503 27255 30109 
10306 13736 30828 
14176 14968 31091 
1242 5396 26662 
10943 25061 28083 
5426 8855 21575 
846 20790 24438 
7953 20991 31222 
11922 27592 31070 
4212 4626 11683 
3769 15690 16235 
3678 4504 29003 
4513 24292 28034 
9692 15648 30289 
3609 3610 33833 
7950 11785 11976 
1756 2105 3300 
9281 15998 32309 
887 7670 10419 
10172 21162 29474 
3380 5025 33748 
1417 1418 24957 
12328 14742 31159 
6453 19952 29714 
2942 2943 23026 
2152 15069 23482 
19515 20535 29078 
7966 19153 30825 
28123 28124 31531 
2609 30665 31174 
18138 31132 33819 
7310 10403 20516 
2031 12675 27035 
2138 19075 29942 
2409 8974 26433 
2368 4127 4533 
9476 14947 15200 
5784 13570 20723 
1604 16916 22596 
3763 23930 31058 
578 4901 28966 
523 1077 2172 
779 1555 11913 
17101 25279 32822 
1147 17602 31527 
6653 21687 31123 
440 1157 31030 
17561 27854 32276 
509 6158 25923 
10734 12996 29897 
14430 14431 32143 
1349 9791 19152 
3937 17596 18058 
14547 14828 32955 
5179 24769 30902 
14436 14437 31060 
7947 18036 32324 
12326 17163 19644 
2202 2871 4842 
16757 26419 32024 
533 1020 9729 
153 154 8823 
18892 19992 33519 
1552 9308 29461 
1962 30983 31252 
1363 1364 14789 
10087 13926 33445 
8720 15571 31262 
20999 24030 28754 
19013 24988 31009 
25408 31280 33443 
828 2501 24375 
24250 26549 31284 
12314 13207 15238 
1222 14658 31350 
28562 31112 32375 
7959 9733 31292 
2533 8983 32630 
5430 17389 31604 
1523 7716 21166 
15798 31277 31291 
7609 21188 31708 
2244 19422 26125 
3081 4679 26161 
4786 7717 25402 
9540 9747 12439 
13565 23578 29724 
1047 4284 16393 
9488 11830 31916 
21330 22260 32878 
585 29191 29625 
4029 7050 10433 
36 37 31265 
6950 8901 27915 
25451 26442 29026 
2156 16494 17061 
5855 5856 29825 
23382 27853 29191 
4750 5119 10207 
582 13634 33711 
2718 3292 9545 
345 782 1297 
2573 31150 31390 
3619 6937 23598 
11504 24929 31407 
1758 19994 31231 
13648 22783 25713 
20848 28939 32710 
194 11765 23687 
1133 5251 5779 
9050 10663 16451 
11979 20813 32511 
19980 20584 32796 
20866 21671 29074 
6 3986 31405 
3364 6739 30993 
11495 18697 31385 
3934 5882 14859 
14603 22649 31409 
2803 19985 32848 
5822 17571 31650 
15559 15560 22270 
5940 5941 8260 
14590 23821 25861 
22430 28157 31712 
2511 8242 19961 
6006 26207 31467 
2395 3346 10740 
4425 12484 27925 
991 992 4189 
576 3004 4771 
31431 31478 31479 
7223 11451 21333 
72 566 8418 
7925 22998 32419 
1891 5251 16642 
986 3521 7141 
4976 5954 27073 
6162 18740 23247 
6923 8968 29836 
7605 8822 21978 
215 2785 6088 
2913 10951 19731 
9909 13097 24525 
1488 10553 31494 
1549 10638 30918 
8096 12053 21021 
173 2545 14495 
2154 5278 28812 
970 5904 16731 
29004 31539 31726 
1992 2817 25640 
3243 7336 10723 
1998 16462 25548 
17197 19278 31537 
888 1910 21232 
3670 9711 10234 
11342 31555 31624 
165 1005 1006 
3318 3319 3513 
166 1830 13790 
1191 15475 30934 
2109 15835 31886 
655 27974 31070 
1766 14476 30871 
4319 6171 12366 
1425 2082 33307 
21941 28867 31838 
4603 10179 11588 
32 2137 3148 
752 9972 12959 
9950 11565 16180 
10185 17625 20905 
25001 29799 33070 
5686 6263 22970 
1479 10151 31424 
7437 17405 28354 
3610 18524 26405 
5542 6120 16144 
7041 9276 22209 
1279 16678 31290 
3289 6065 16178 
6201 7449 10088 
8778 15520 22981 
11234 12674 14235 
4394 7905 15713 
2389 29206 31625 
10619 16429 31542 
4908 15895 24056 
11685 30187 31176 
8084 11528 16756 
2177 2286 31202 
1906 15996 23061 
286 15223 31644 
9717 13708 30469 
21249 23381 31652 
2606 3304 31846 
6520 21948 26502 
20867 26063 26159 
9035 13651 31903 
3466 8360 8361 
6327 10178 29492 
5139 8102 15516 
11378 12091 29044 
6476 30097 31704 
7661 10128 21955 
2953 30236 31733 
2019 2034 2979 
20940 24464 31736 
923 11664 30506 
10605 19145 23245 
13575 21508 30517 
284 2804 31745 
90 91 1681 
1666 2699 12208 
1144 29617 33406 
12718 16948 19340 
1536 29237 29778 
9090 31107 31771 
4224 5752 12585 
7415 12434 19168 
5489 5490 30593 
1889 2188 5579 
244 6435 7763 
2800 14506 21200 
3841 31793 31794 
11502 23121 31798 
15469 21016 33098 
5340 13522 18227 
258 261 26646 
31800 31802 31803 
4488 23406 27975 
2764 10110 31745 
650 10887 26758 
5515 8162 8163 
733 2404 33234 
12205 12369 30486 
8097 15872 30918 
172 1516 17152 
7719 16022 18383 
13038 17496 27340 
19485 21010 29964 
14499 31841 31874 
7340 9027 11661 
10801 14453 25043 
14081 30185 30671 
435 1029 31851 
8594 22845 29656 
6680 25352 26857 
5058 31326 31622 
20337 31209 32868 
1831 3935 16903 
1021 2451 31617 
18967 23144 31894 
241 8492 10414 
24703 31844 33043 
19717 28219 31958 
1398 10358 29427 
1514 11128 31046 
6481 18149 21601 
1378 31783 31784 
1891 4148 31907 
109 3082 13403 
777 10570 31650 
7148 14029 20641 
4663 13049 31950 
4304 7457 13851 
2155 12800 33298 
1580 7565 20525 
2878 15407 31966 
23471 26774 31961 
24990 31197 33319 
7101 13436 30784 
1454 7854 31869 
5707 24065 28507 
10114 14757 32144 
13694 29138 29852 
741 13254 29453 
8832 16978 19469 
24805 29457 31760 
3355 14460 15358 
10749 23068 32099 
1997 5007 31156 
19933 25142 33226 
3241 21172 31951 
1101 28231 30920 
11661 27886 28033 
20998 30618 33577 
1025 1026 12489 
8238 14641 30493 
1195 20911 30835 
12587 16227 25153 
237 5599 26211 
14079 19253 29396 
8650 11154 12607 
3746 12408 13430 
8232 12838 24038 
856 4281 9313 
19596 32071 32158 
26983 28489 29363 
2546 24293 32050 
7286 8566 22162 
2707 2708 11714 
3680 9344 15302 
1039 1240 4586 
4766 18399 21984 
2224 12203 32309 
6549 15203 29568 
1824 7267 30476 
5872 15067 32389 
16647 32112 33193 
821 3088 7192 
2599 3051 19998 
385 1467 3602 
6043 6969 28854 
3074 3077 4321 
7879 10071 12073 
11809 32141 32910 
4066 4386 4387 
8918 10372 10735 
3827 14282 16420 
2059 26024 31610 
1460 18167 32161 
3446 4195 19552 
4477 16338 27700 
13187 30542 32505 
877 8767 12627 
2816 3263 26758 
10588 24145 32191 
11044 22490 32628 
17498 18167 29230 
5745 8963 32199 
4500 8568 16635 
2840 25908 26044 
2163 32212 33059 
10795 10888 29550 
18279 27319 32106 
23006 28780 32107 
7876 28617 31896 
16308 18242 31527 
11844 13207 28956 
1468 12311 31916 
748 19348 31172 
11063 31650 31666 
3464 6249 14336 
2792 3456 32206 
1193 1264 9338 
9003 31948 32280 
1508 10532 20406 
26469 32227 32268 
2521 3304 17131 
4758 7817 17507 
17690 28827 32998 
1794 8666 29613 
2755 8098 12023 
1835 2404 8687 
24813 31318 32313 
2620 6060 14056 
597 25611 32258 
2665 32295 32512 
438 3092 12123 
3486 5006 9030 
1969 6234 31007 
9016 18680 30470 
15315 18288 32457 
5019 8104 8349 
9118 9968 30616 
5054 12125 13756 
3767 21297 31675 
1707 32369 32370 
1975 4508 32380 
6208 21005 33196 
1234 2651 3385 
16654 24531 32396 
2506 6713 6770 
32399 32400 32407 
14461 15104 22618 
7241 25166 32690 
530 26113 32439 
29926 31020 33151 
17400 25094 25095 
1042 7798 11267 
11537 17751 31553 
1600 3328 31283 
6053 8067 32640 
4084 12030 27884 
2446 5006 11100 
2370 20175 23854 
6119 8889 32488 
3372 8009 29293 
1226 16073 17191 
3627 4993 31527 
1236 6460 11071 
17734 19095 32826 
4277 22886 27438 
642 7611 32734 
2552 2576 8388 
4181 4606 30349 
1975 5914 12603 
11390 19775 31601 
499 6568 30347 
5350 24858 27043 
5573 26225 28550 
16003 32309 32550 
1259 2738 27829 
447 12861 25853 
10823 16688 28207 
5887 10884 32234 
6523 6784 22735 
7282 11039 28142 
3028 8561 30465 
23819 25249 28300 
11194 20676 24347 
5990 8146 14640 
7045 14718 32895 
12341 17209 20647 
14940 18867 29403 
2602 20964 32599 
7827 9151 12693 
3830 4912 9407 
13527 14374 31595 
23149 30951 32668 
366 18833 28499 
6029 10911 31913 
3914 22045 32923 
13334 15412 32579 
18313 20666 32518 
1242 1243 21286 
5319 5628 7702 
4298 8662 32666 
2368 4660 12552 
6264 11725 31427 
27082 30637 32988 
19329 32573 32989 
2046 20280 33543 
9756 22491 30435 
1695 11024 19403 
3254 7563 13956 
5695 9600 29332 
3468 21104 32708 
3826 4356 13349 
3518 10409 14090 
929 2738 6236 
1447 2319 6212 
6083 11186 33131 
6552 13467 27550 
60 1012 31984 
4417 17260 32608 
29730 29739 32890 
7546 8155 10072 
4466 5265 32776 
1764 30238 32760 
11995 19103 31323 
440 4522 11248 
12823 21048 31053 
16017 29085 32730 
6771 20258 20259 
1650 4205 6045 
16643 31371 33116 
1839 12730 16111 
2808 4269 33071 
18614 27738 29683 
4329 4330 4514 
3918 4505 4631 
20107 21564 31746 
19815 30068 30871 
3509 16988 20065 
27402 29074 30221 
700 3009 14008 
222 223 8851 
170 3883 5592 
24138 24139 28583 
5216 5239 5940 
973 2205 6235 
1693 29863 33542 
823 3176 14182 
5444 12653 15442 
9820 10716 28660 
23223 25156 33052 
19897 25543 32143 
4558 8433 11304 
23302 24691 33409 
3510 21002 21157 
20597 32747 33189 
9406 29090 33668 
3571 7849 32828 
8288 10863 32991 
3226 3348 4590 
23510 30212 30830 
9821 12053 20286 
6920 18799 31298 
874 1562 6874 
28368 32830 32948 
5095 16740 33029 
1942 31112 32843 
25733 33094 33437 
1217 1465 25589 
26202 32932 33140 
4120 7705 10557 
14771 15485 33117 
20425 22905 31623 
15663 18974 33059 
5161 5605 11527 
11673 16641 33130 
25620 32374 32966 
6990 20007 31466 
12883 20964 27387 
2715 14352 33837 
9206 9207 29138 
307 31819 32939 
12515 30117 32309 
15737 18655 26372 
13477 21171 33168 
10057 10196 18288 
1488 10976 20078 
15203 33141 33205 
300 7221 18837 
1192 2910 2911 
3581 4035 6617 
3803 8214 9422 
597 1899 5945 
25839 32830 32960 
3165 5614 7144 
10697 30041 33178 
8726 11397 13545 
531 2790 19672 
2072 33249 33758 
2039 8188 20679 
847 3695 32819 
3804 7810 27932 
6884 32544 33295 
12511 29614 29870 
6583 11082 33483 
112 12355 21764 
631 1458 2262 
1807 10854 22073 
744 2700 31916 
11988 22718 25092 
6935 9323 13630 
459 2515 7665 
2792 7904 33061 
29085 33362 33364 
1871 17773 30918 
712 1140 1765 
4782 29821 33341 
3205 3463 6661 
3821 20932 27925 
9807 17496 19442 
4394 20168 27711 
6089 20869 24989 
4135 31553 33479 
846 5288 13455 
2246 13036 31007 
1659 1660 11817 
731 6989 20408 
6471 7745 8093 
1287 9134 33457 
4669 26266 30463 
18143 33367 33368 
9094 13853 28542 
3288 16888 27376 
900 12812 33220 
11916 13391 31405 
1848 11209 33084 
6983 8371 23805 
3100 3791 33307 
29067 32600 33538 
2004 17051 20756 
2412 4996 29138 
10421 33558 33559 
7788 28221 32663 
586 17932 33504 
24331 24690 32359 
8755 25043 33551 
33585 33586 33755 
407 12315 31046 
2883 10662 12805 
7554 22303 29889 
5525 7273 31916 
5237 13293 14380 
2619 10486 15070 
31284 31295 33632 
18145 22856 32064 
3718 28271 30234 
8832 11686 30327 
12718 19974 22095 
5726 6920 14242 
7177 28323 33361 
7406 16506 29842 
20916 26284 33725 
343 3708 9004 
18492 25343 32887 
5412 7750 32531 
7612 25976 30898 
15323 19581 33659 
6267 17236 33683 
7754 9401 29348 
13745 24419 31306 
695 5209 10406 
21298 25730 32966 
1026 10061 33722 
10124 18912 33805 
865 14972 23755 
3395 7030 17979 
14134 24736 30425 
58 14677 17664 
20417 23216 33848 
6182 31400 32615 
3049 3050 11903 
2827 2888 13651 
408 12136 22162 
1665 25072 32875 
15879 33872 33873 
757 2077 5978 
5829 14603 15702 
24483 29420 33150 
17038 20944 25713 
3224 5763 8344 
3898 18972 33606 
5090 10739 13335 
20242 32544 33943 
1976 4956 33507 
2378 6851 12801 
2242 7409 7685 
18469 32184 33047 
2235 24066 30366 
3247 21355 32542 
24830 25931 32534 
4439 10463 33887 
12533 30297 34009 
11936 13296 22970 
16939 17016 28300 
5197 32826 33330 
15733 19994 25252 
7559 17843 30061 
2556 32638 33514 
6936 10169 31909 
4978 7910 11678 
992 7295 33313 
