852 2502 4300 4974 7017 7242 10708 10830 14347 19758 28538 29241 
9393 15909 19869 26667 27465 
969 2001 7209 26310 30321 30537 30634 
3898 6154 11280 19972 20109 22145 27139 
708 993 5745 6427 29293 30401 
2061 3023 3859 3980 4197 4844 8501 9139 18594 28233 30527 
68 1990 2149 3322 26279 29862 
2626 3154 5340 8058 9040 9332 12246 22222 22618 28337 
528 529 615 2212 4061 6911 7330 7616 8941 10935 27719 
1636 16454 17933 18441 27643 
979 1829 2763 3563 3564 3739 4657 5562 6041 10292 12092 14041 20964 21122 22033 24988 25064 27387 27941 28315 28858 28859 29609 
51 7135 7409 7893 8409 8653 11153 11393 12465 13429 13839 14817 19229 20510 21157 24258 29004 29055 
333 2902 3530 5577 7296 9396 9858 10345 10406 10972 14111 14704 16402 16732 18258 18428 20165 22751 25642 27563 27585 27663 27994 30616 
1193 1264 1800 9338 27881 
2552 3077 6294 7339 10167 11069 29138 
207 442 552 872 1368 1480 1707 2049 2502 2525 4054 5459 5467 6355 6547 7525 8319 11760 13072 13153 14107 15717 16148 16899 19122 19777 20579 22962 27021 27692 27970 28316 28334 29675 29999 
1983 6310 6762 8722 8935 8936 9941 10378 19981 25292 25854 28056 28149 29794 
871 1535 3584 6567 7608 8365 8573 10669 11466 13402 14422 17737 18279 20349 21899 22037 22516 22540 24662 26736 27428 27813 27926 28295 28676 29237 29240 29488 29778 
3687 19485 21009 27729 28005 
1026 1376 1377 8731 10061 11497 
439 919 2622 4260 5062 5340 9040 9048 9674 12246 13814 27178 28041 28337 30476 
1916 2928 3833 8438 10436 
2506 6713 7203 8064 21955 
664 9599 24280 28365 28680 
9562 10801 20234 21729 24211 27780 
1507 1508 16079 28183 
885 1018 1767 4687 4907 22875 23821 27692 27970 30060 
349 1027 1061 1581 7042 21154 23821 27834 29653 
3832 4040 4379 14917 28003 
9518 10084 14318 17081 25246 25766 27443 27703 28525 28854 29985 30356 
7887 17078 29313 29754 
669 1155 3153 4214 4225 4586 6078 7546 11324 12238 16895 21575 29788 29856 
56 346 3380 5025 30141 
1188 1765 1944 3871 8934 17092 27112 27805 
2018 2481 3046 4400 4401 13644 16390 26142 26637 27490 28008 28461 30518 
1056 1648 3405 4975 14635 22966 27184 27478 28012 28972 
572 760 1024 1522 1809 3148 5715 7050 8613 9178 10831 14283 16491 29453 
529 1923 10148 16162 24050 28014 28337 
1101 2201 4019 5559 12996 17952 29417 
130 394 399 400 417 427 504 662 1188 1365 1366 1440 1661 1662 1727 1796 2040 2184 2218 2241 2279 2990 3145 3890 4374 5071 6064 6343 6724 7602 8288 9162 12505 15015 17144 21704 26135 27112 27805 
16 1128 1816 1817 2966 3301 4614 17489 20756 28034 
2747 3176 3177 3679 3788 3955 6730 6749 7148 26144 27795 27942 
502 2806 4061 5597 13711 28647 
299 1018 1061 1062 1522 1698 2622 2900 7928 8863 9048 19519 20845 21154 28972 30438 
526 1018 2049 13153 14107 25515 27692 28422 
3686 7213 8924 26288 27043 
15358 15459 25308 28376 
31 1098 1502 3818 3819 
1561 2823 2882 4555 4591 6019 14182 19422 22601 26125 27942 
974 1503 9260 9261 17699 
333 740 3148 3205 5497 14599 16873 21699 25881 27563 27586 29592 29883 
71 72 73 74 1145 7558 
757 1566 1567 3245 3666 8353 9240 12493 16524 22665 28868 30159 
58 1012 2103 4313 4536 7329 9383 9921 11309 22549 22618 28208 29963 
2202 5251 6376 17329 28030 28640 
452 1443 1641 4085 4949 6143 8754 10211 15174 25620 30320 30344 
432 6185 8971 12312 19992 24897 26288 28059 28365 
12594 13939 14290 27509 
608 609 797 1641 3396 7136 7569 7626 7640 7772 8426 8875 11404 21016 22517 29773 30390 
4585 19979 21206 26747 27340 30114 
24 367 1705 4548 11172 25341 29130 29845 30600 
1641 3144 4137 4873 6004 7238 7569 7626 7753 8166 16481 21179 25782 29013 29773 30390 
16 579 613 1106 2747 3202 4591 7024 10201 10854 20756 27942 
6079 12229 12256 22813 27940 
1436 4400 22058 26925 26968 27759 28008 28461 28477 30518 
51 5430 6704 8065 9912 11153 12854 17787 18161 18365 21157 22391 22856 25524 25804 29004 29055 
1115 5398 5484 9764 10203 12005 18769 18997 19460 29368 
3884 8906 21522 26378 
1173 5826 10985 17703 18087 29373 
619 842 2642 3356 5943 9399 
821 2141 2461 5045 6612 7881 8392 11029 14084 20386 25944 28040 28147 29671 30520 
5995 7386 8228 11394 11490 15959 16048 17962 20312 22614 29711 
1239 3167 5057 8571 11238 14658 16082 27222 
603 4063 6331 6338 11559 21699 25881 27563 27585 29883 
58 300 547 1803 2737 3938 5062 5658 7329 7908 18130 20845 21154 22549 28208 29963 
4515 4613 4993 11630 15081 20405 28040 29207 
447 5880 9040 23835 28337 30476 
3545 4396 5315 8008 9986 15151 16688 19167 19798 28647 29803 
1793 2430 5570 5828 6319 7077 7878 7879 8062 8295 8968 10254 11050 13251 14321 15241 15853 16891 17183 17229 18386 18904 22506 22518 22665 23300 23754 23978 25012 25402 27530 28258 28295 28315 29373 29738 29836 30118 30174 30570 
1018 1824 2125 11807 19806 21154 29671 
1548 3064 3471 6794 10604 10708 19309 24358 28046 
3566 6066 8987 9773 15302 20245 27942 28034 
4789 7261 7370 8231 14305 19352 20192 28059 28538 
4432 6315 6870 26740 27840 29667 29842 
5022 6096 11602 27435 29716 30190 
25 26 11018 21386 23031 26266 
699 2484 5272 23207 28068 
1239 14071 15224 16162 27742 28014 28337 
4391 6218 7807 13998 23208 28577 
526 1018 3522 3917 16500 20163 25515 
943 21341 23778 28111 30718 
59 147 1911 4138 7131 7554 9941 20845 21154 21175 28208 
128 2446 5006 9030 
1709 5586 15243 17444 22446 
1921 3466 8361 12200 17786 
4397 5341 7450 28014 28337 
5232 5401 10239 19783 26289 
120 1625 4488 8674 23406 27975 
1988 3879 7238 7626 7739 7772 12779 24301 29773 30390 
4401 6154 17890 27897 29457 29513 29942 
4958 6523 7507 7514 8425 8748 10329 10454 10745 18377 22735 27915 29420 
654 1454 2381 2382 15244 
75 741 2905 9254 22158 24050 28538 
1181 1279 1677 4860 5864 7893 13334 14108 14640 15094 15338 17787 18302 21157 23623 24258 25524 29004 29055 29482 29616 30750 
913 1018 2187 2502 3056 4190 7553 7739 8238 10896 20163 21154 27563 29671 
6856 6857 9221 9564 27780 
1653 6015 13169 14859 18786 19021 25934 28120 
5341 12861 21178 28014 28337 
702 2619 5245 5246 12875 24479 
4386 4387 5902 12509 29996 
114 596 1136 3545 4027 4396 4599 8008 8921 10604 10823 11986 15515 19033 22338 24736 27970 28207 28365 28647 28821 
7185 11160 12536 24748 27498 27957 30231 
435 526 2457 2741 2761 3774 10209 11944 16658 16974 28304 
1363 1754 7325 16456 18524 
343 2076 4432 5427 5495 8570 23896 26476 26928 28611 29667 
6041 7885 21429 28111 28425 28451 
1978 13358 18210 27943 28239 
1237 2944 3065 4133 10628 11008 12587 14350 
16 368 1099 1402 2747 2882 2930 3355 3427 4206 4591 4892 6659 6725 6749 7148 7268 7940 8160 12537 20020 23333 26582 27795 27942 
58 59 60 1814 2626 3744 5062 6233 10935 11816 22618 24611 28208 29149 
3824 4680 13486 20499 26161 
949 1109 4526 5980 6261 14148 27817 28249 28566 28841 
736 1372 7519 14147 27143 27452 
3471 9137 16386 25955 26882 28046 30749 
1367 7783 11771 16162 24382 
1789 10332 13320 13491 
347 3177 4935 6554 6670 28376 
1133 2788 17329 21100 28030 29577 
2244 4905 6474 11084 27187 
2820 2981 10880 12627 13803 17107 18107 19409 27523 
245 2176 8824 12534 13790 13960 25930 
1279 1774 4447 12532 22573 
9288 15042 17667 27839 30270 
382 1763 3713 7140 
1814 2474 2644 2798 4241 15178 26566 
483 850 1115 1632 1880 2214 2538 2785 3335 3632 4818 6157 7829 8020 9464 9869 13388 16798 18769 18997 25099 26599 28997 29368 30381 
9627 9901 10801 16630 25043 26911 27780 30323 
1313 4362 4494 8634 20100 
807 2795 3546 8520 9741 12644 14235 14547 17127 28150 29108 
333 4545 4704 4705 7042 22966 27563 29549 
2754 4696 7693 11105 16176 21141 22975 30320 30344 
5717 12622 22198 27715 
58 300 5468 6170 10476 10646 28208 
3787 7643 21472 25952 29373 
406 414 782 864 7775 21317 21831 29580 30320 
5248 7885 11441 19599 21509 28111 28271 28318 
2303 8179 8406 12522 
1169 1453 2235 3723 13244 
6594 9480 16127 28111 29417 29897 
5183 5316 5582 10750 11490 15265 22921 22937 23554 23650 28181 29364 29711 
521 599 3090 3091 11345 
4929 5712 6146 9169 9580 9723 10644 23912 27667 28176 
572 1006 1876 1877 3039 4372 6338 7042 7225 9858 10065 17682 19799 
559 1042 2205 6083 6900 9380 11267 12214 18776 19305 20483 24255 25615 26161 27310 28113 30589 
3457 16324 21313 21732 
559 1547 3915 4411 4791 5058 5630 8757 12238 21817 24210 26882 29788 
526 1017 1803 13072 27692 27970 
1997 2445 6315 7112 10010 
1628 4904 7655 10903 27187 30400 
3944 8344 10733 11459 20986 
5526 6470 10546 10713 14346 28176 
9394 13402 20313 22499 22552 29237 29240 
876 1405 4394 6024 6736 9960 11761 21332 28600 30159 30385 
7526 9376 10428 12194 26387 
2026 3633 5235 8518 9649 26387 28077 
1546 2193 2194 6698 8937 9873 
4445 5153 6159 8514 10750 15662 21297 22921 29364 
4690 6127 7063 13147 
114 782 3704 8008 22706 28207 29803 
30 4472 8553 13402 29237 
7341 8174 13035 16754 28972 29671 30233 
1672 2503 9382 15498 30159 
10783 21054 23002 27139 29799 
992 1525 4152 6984 7707 7708 
876 1672 3244 3517 3675 3885 7181 7184 9240 9960 10274 11914 13482 16862 22665 28868 30159 
1774 2061 3981 5278 5347 6674 10349 12444 28233 30510 
4293 17772 22653 28119 
547 865 3744 5318 8063 10475 11309 11331 12098 16417 21154 22618 26735 28208 28337 29149 
3635 3740 9173 9626 10644 11807 
1550 1875 4772 5786 10193 10628 11672 13118 14678 15872 18607 21923 27389 28600 
359 1409 5278 6040 7843 7844 9912 10186 13385 28233 
1421 3453 12801 14247 16747 21104 25050 26275 27703 28677 28854 30356 
3578 11468 11991 12882 18138 28111 28271 28318 
811 3876 7225 11559 21154 28972 30233 
51 396 5865 7135 7893 9912 9913 18024 20986 21157 29482 29542 
191 603 3522 7128 13711 26412 27585 29592 29883 
1180 3192 4135 4293 4298 4391 6798 7807 9318 12475 13358 13418 16541 20072 28239 
349 1006 1522 2596 7042 7225 13078 16471 20352 26557 29653 30233 30493 
740 2624 9254 21699 27585 28538 
85 1452 3876 7917 23594 29671 
2298 2302 2338 4725 5268 7206 
385 2642 4930 6746 9102 11944 
560 2480 4021 5057 5707 
806 1915 2451 4894 14547 28150 29108 30473 
211 247 248 476 823 1550 1628 1629 2250 2305 2650 2823 2929 3742 4591 4904 5153 6019 7024 7322 7600 7650 9610 11307 12541 13327 14182 14883 15156 17657 18786 20756 26483 28376 29550 29610 30438 
125 525 4105 28064 
300 2038 2339 3088 5289 28208 30141 
4065 4387 4629 21966 26690 
2201 7241 15815 26017 27156 
1043 1983 2500 6235 7661 11267 12982 13419 18776 20823 23936 24255 25615 26161 30589 
2339 2778 7030 10314 10630 20226 28208 
84 913 1522 3522 5249 7042 8248 10065 10831 11771 12490 12678 14337 15832 21154 24611 26326 28208 28972 
372 517 5232 19206 27277 28879 
2213 2548 3511 5249 7284 10935 
265 1505 6187 6623 8165 22002 22993 27915 29456 
741 2002 4974 6865 7098 10830 19352 29453 
31 399 1220 1560 2137 2642 29500 
1479 4021 8675 9993 19758 19861 26142 28461 
2716 5646 5728 11807 16454 18441 
426 606 1409 2062 2703 5278 6105 8977 10330 13451 14679 18594 
2126 13072 21154 27834 29671 29675 
4682 14613 25223 25722 25903 28266 
33 1237 1550 3749 4778 9366 9887 12587 
439 1174 2191 4975 13078 28538 
2332 3004 4681 5438 9283 28753 
3442 3560 7153 9514 11239 14071 20994 30075 
1491 1628 2917 4795 4904 5946 
969 1458 7804 7811 15402 16147 
5068 7058 13483 14078 22192 27485 29138 
1866 5493 5517 7087 11691 28208 
2050 7654 8266 8267 8462 19020 26382 
1685 7325 13935 18855 26334 26338 28269 
1568 2187 3530 3917 4063 5847 6849 16873 27563 27585 29592 29671 30493 
2517 10575 14350 14451 17764 21923 
129 939 940 1259 9023 20245 27942 28034 
377 8687 23682 24550 29682 
566 1669 4567 4947 5659 6134 7614 7615 9837 13803 27523 
337 1140 1365 3871 5542 27112 27805 
4453 4665 7344 7557 25404 
4899 8517 10911 17704 29595 
428 5449 12493 18317 27805 30385 
432 4300 7017 7243 8231 8312 9824 10636 10830 14305 19352 19618 28077 28538 30618 
1491 1497 2733 2753 2917 2918 3653 4980 7954 12822 28600 
14640 17787 18521 19048 21014 22856 22909 26908 29004 29616 
3971 13286 21846 28617 
2703 2993 8222 12297 
561 1510 1973 4190 10065 11079 29492 
429 1550 3026 3750 8480 10689 12845 18607 21923 28600 
3 396 1989 4860 7893 9912 11153 13429 20585 23623 24487 29004 29055 
1139 1338 2966 3260 19591 
5989 14684 16564 27733 28984 
7878 8012 11000 11050 13241 22506 
299 1522 1568 7418 12678 18216 20352 
11103 13049 19558 26596 29489 
21 346 1018 1767 2502 7462 13153 15151 16943 17260 23555 27970 28316 28334 28647 29671 29675 29893 29999 
3932 7804 10616 16731 19898 
1417 1418 2368 4127 4533 13436 
2212 2642 3647 3846 4061 5646 6800 6945 9332 27719 29467 30703 
307 8134 16909 24941 25502 29363 29946 29985 30061 
6211 16627 20269 27255 27807 27862 28349 
256 537 699 1247 1361 6159 10447 22921 
616 1055 2760 10065 10155 24610 27719 29467 
997 7085 7086 9852 14388 
2427 4432 4571 16030 27832 29842 
1250 4097 9057 21557 25653 
521 599 1839 5695 12730 29416 
1820 2628 12734 15528 20110 28373 
652 3613 3949 4219 8178 11572 27726 29138 
1297 2898 11105 25883 30320 
1672 3517 6058 7181 8829 8943 10224 15839 17411 19562 21332 22665 27711 30159 
1624 1625 2910 3649 22633 
2998 4899 5236 6029 11205 11261 11636 11694 15187 26940 29595 
314 315 6880 16829 27972 
2979 3168 6005 10084 12158 12801 24004 26275 28677 29985 
3384 5590 10304 10471 12674 22478 27344 28507 
119 372 6601 6933 8592 12374 12674 16658 
1250 1552 2922 11421 13441 26582 26667 28709 29461 29912 30064 
1216 1237 1238 3749 6178 18384 
2058 2703 8375 10754 17374 
165 166 1062 1830 4360 8823 13790 16490 17795 27805 28392 
559 1316 4111 8231 15648 25135 28538 
4669 6014 6780 14585 15771 22046 27805 28875 
968 969 2001 7334 7337 12534 12855 13675 
5484 10203 13392 24335 29565 
7110 7535 8850 8934 17092 26135 
71 2615 2616 11181 25031 
153 154 245 7867 28392 
190 602 13487 13695 27585 
142 143 844 2690 16479 
2421 5238 7145 12530 
692 7262 10583 16378 
955 1404 2184 4433 18323 
1783 1899 2475 2476 5146 9690 
526 2126 3823 4990 25944 
1316 6308 9870 13111 27043 28538 
464 561 5693 7295 8184 28304 
5822 6675 6905 11748 
6008 7131 23579 24050 29549 30481 
3356 5578 6889 10660 22478 28304 28507 
19 20 204 1140 1274 2325 2518 5455 6550 
1090 5047 7496 16798 19850 27023 29455 
105 1958 2478 15205 16658 20871 26334 28269 29492 
1186 2106 18334 18435 24124 
75 110 1436 1479 2017 3046 10791 17295 18163 19018 20277 27490 28461 
1087 3135 6912 9290 30421 
1323 4231 9427 23511 28373 28439 
1776 2420 2831 3693 3702 4018 4861 5731 6529 6606 7536 11983 24804 29059 29703 30653 
9682 28260 28265 28453 
1522 1568 1991 7221 7341 7418 14111 14681 22158 24050 27994 28972 29592 29671 
1467 3685 5544 9692 27043 28077 28384 28538 
359 3336 11247 15409 18048 18594 25138 
2901 10020 10021 15502 22972 
2961 3627 11184 14084 29814 
772 2091 3446 4354 11447 
1099 2244 2833 4591 4892 6361 8765 10458 18748 19578 19896 26483 28376 30438 
565 5466 5538 9170 10644 28176 
414 26983 27081 27515 
17081 17110 17348 26275 28476 30356 
129 325 579 1128 1628 1629 2086 3355 4795 10751 10854 22601 23968 28376 29550 
171 419 2275 11597 29420 
95 393 2162 4181 27255 27807 29138 
2244 13327 13328 20595 25080 28376 30090 
448 7095 9546 11006 23082 30185 
6189 6190 7742 8546 
126 289 459 1800 8038 8362 
476 2799 5978 13018 14859 15751 18786 19646 
1136 5646 7261 8155 15151 16688 21231 28647 
999 1522 4988 5493 7221 22618 29963 
9024 17695 24235 28259 28650 
10291 10941 13510 18769 23680 
494 575 3384 5982 9501 11278 14124 28936 
2061 3695 7718 11967 13978 18594 29429 
2056 2703 6093 7843 7844 10349 10629 11886 12444 13385 18594 28233 
196 228 241 799 1616 2188 3028 3384 5982 7517 13069 22478 28507 
237 238 1457 3078 4941 
5662 7013 10903 13167 22223 27187 29059 29246 
939 3354 3925 4555 8485 26125 
157 4988 20288 22618 29963 
9174 13576 20186 20407 20573 28523 
224 225 756 4290 12259 
414 2203 9135 18396 25883 29580 30320 30344 
387 4037 4262 6015 6699 7745 13758 28870 
2881 6414 15391 17150 26745 
819 2077 4916 27523 
229 230 4419 6258 16039 
1 3766 8167 10750 15662 25655 28181 29364 
14104 14862 18765 29456 30007 
20 39 1140 3371 13234 13955 
285 1309 2244 9023 21816 27552 29610 30098 
307 308 2372 28720 
1490 8455 11300 12488 17152 18786 25934 28120 
11778 12929 20173 26348 30456 
467 468 5166 11704 21776 27303 28663 
6787 13216 22303 24631 25560 26827 30141 
77 2299 2300 5491 5734 
5023 7767 10218 16627 21977 25844 27255 29138 
1027 1849 1850 2123 2533 3775 9481 29348 
438 4009 4079 4080 13920 13921 
7467 8597 11189 28564 
3185 3865 7261 15648 21103 25882 28059 28538 
5353 6398 9318 11576 12824 13418 15742 16541 19431 20072 28577 
456 669 1233 3864 4457 16538 
1870 1871 2314 3084 4834 5438 8097 21923 
918 1466 3442 15418 
264 265 5386 9054 12980 27915 29420 
233 1501 9580 10138 10288 15001 28176 29397 
273 1354 7249 21349 29833 
60 5517 9332 10646 17142 20750 26735 27287 28337 
616 1670 3199 7888 12663 
2309 3938 10239 10693 11391 13556 14959 15194 22618 29963 
851 8537 9365 12242 12313 14035 
5102 8232 10409 17943 21941 26002 28773 
4079 8301 8531 14547 20073 
1978 13998 16541 28577 
1672 1898 6024 6288 8417 30159 30385 
3065 3505 10368 10575 11008 13118 14800 16497 18607 21923 28600 28844 
1939 3102 9506 11315 28518 
942 1359 6358 28228 29417 
3615 5986 13814 22222 30371 30491 
757 1078 1614 4394 6134 
721 3167 7098 7928 8248 19116 23835 25861 
647 3075 7616 8312 19685 28077 30107 
5062 5658 13968 22618 28337 
1309 3415 3840 6489 10496 10903 11084 11983 13167 27187 29703 29716 
740 3957 4062 7341 21154 28972 
1593 1621 1622 9623 28671 
3911 12843 14413 28631 
7605 8822 12369 21978 25935 
5047 11809 12050 14893 20838 25687 29796 
441 828 2333 6694 18571 19164 28600 
156 3675 6024 9727 11584 25153 29920 30159 
852 3809 7412 7461 20006 28059 28538 
1807 3676 3742 18785 
1028 7790 8357 14703 20591 22772 28695 
227 882 8877 14959 24317 
4782 7533 15039 19012 28539 
734 821 1298 1351 7881 7971 9474 11029 16690 29814 
595 1018 3175 3704 7261 8008 25515 28647 
2652 17078 17478 29313 
3546 7706 14622 24563 28701 
2212 4658 5249 5939 7282 7613 30703 
4328 6019 10983 11517 29550 
2026 5779 16977 20369 28640 
3551 3966 4337 4951 12644 19202 28701 
439 853 3511 4261 7284 27719 
2985 10404 17607 22462 22970 
1567 3517 4394 8417 15713 19593 30159 
1102 2847 3938 7050 9941 12732 21154 22618 29963 
1210 4608 6347 14752 18984 25995 26582 27333 27465 28709 28780 
21157 21782 22909 26908 
3901 13861 17787 19225 21980 25804 29004 
435 1028 1029 14476 19840 19876 29566 30068 
639 6917 8709 11095 11096 28450 
20895 25060 25184 26310 27669 28241 
2331 4847 5803 12133 12217 29417 29897 
212 1590 2040 5577 6720 
100 101 432 1329 3685 5256 7556 28538 
955 2471 3847 11927 
2432 3184 5777 8971 20192 24897 28059 28538 
1235 8656 14996 29604 
3757 9176 9237 13542 17203 
4705 17125 23270 26939 28740 
206 1513 4854 8633 10426 24687 27492 28304 
6421 7642 13727 21160 28750 
320 4921 6153 12644 16875 
6261 8102 9175 13784 28523 
9874 10861 11956 23082 26799 30185 
2596 3198 28972 30233 
2305 4573 7738 9283 12230 15195 17051 19286 24876 28831 
1292 2807 5493 10930 13058 
876 1446 1927 9960 29920 
875 4950 5636 8004 12368 29293 
3840 4460 6936 8660 13167 22028 27435 29716 
6110 7930 8135 11387 29745 
5453 5821 7686 8567 24632 30349 
3497 10658 16087 17608 
265 1505 10095 17336 27915 30400 
157 10646 12554 22618 28337 
646 20999 24030 28754 28755 29208 
11354 26271 27223 29916 
13585 19809 21349 22918 28273 30445 
11468 12878 13715 19013 23292 27387 28319 28859 
7910 8283 17809 21160 28750 
6218 9318 16541 23208 
2154 6451 7173 7343 7661 14951 28812 30070 
256 257 326 1115 2253 7623 18997 27550 30058 
5519 7565 11445 19371 28820 29343 29714 
17529 18881 19466 28979 
749 5360 7897 10192 16200 18376 26419 
5625 11394 11490 15662 15830 20829 29364 29711 
4950 9942 11435 11671 16673 20425 26100 28898 29558 
4861 4905 6936 10496 22223 24804 27187 30400 
2293 3460 9269 28745 
3635 10288 10644 14509 27039 
1589 3643 5509 16658 22794 26116 
998 1480 19116 23292 28250 
1632 2316 5663 13359 20408 
564 2778 4385 10138 11652 13679 28176 
6909 7031 22238 30000 
441 828 2199 14055 26950 28600 
8773 12550 14771 26558 28722 29943 
18304 20845 22619 30371 30491 
4828 15231 22350 23106 27592 
2444 6434 26684 26945 26946 28841 
7666 10666 13170 22970 
2795 3329 7267 25759 29453 
5516 17646 22805 24520 28679 29669 
1242 5519 5674 6835 11486 12337 14591 17625 20905 27284 
2053 4477 14066 21948 23593 28875 
16518 22715 28827 28910 
3526 10006 14926 25844 28011 
888 6347 9308 12215 18984 20213 28780 29461 30064 
4014 5342 9166 23932 28870 
572 2174 2232 16732 30493 
154 3726 3727 4612 16490 
2657 5915 6445 8438 10362 12805 13447 16683 28510 30527 
4394 9887 11914 14199 19593 21331 29920 30159 
1005 1172 2067 4037 6069 8640 10985 22026 23821 28870 
417 1301 4054 7287 
791 1928 1929 7111 14028 26169 28391 30797 
621 2557 7342 13687 25142 27452 
279 526 616 5033 11025 15337 19789 28959 29467 30703 
572 784 6169 6758 6759 11616 
1429 1522 2125 5615 6394 6902 12490 14337 16873 28972 29671 30233 
669 1160 12438 23371 27451 
7660 24176 27297 28947 
3066 3288 12238 12438 29788 
1000 2455 10726 16837 22303 26827 30141 
1807 3586 5153 9204 12488 18046 18785 30257 
302 10912 11444 12985 23655 28977 29944 
1452 2502 5404 5585 24611 28014 
3024 3939 4924 6713 7661 16683 
6735 6782 20039 28953 
2494 3220 4878 11229 
455 578 3412 4901 6650 
7807 11537 16463 28577 
4055 7466 10678 10820 21428 28972 
3824 3998 5894 13032 26161 
2115 2859 6079 10686 30041 
4957 6343 10306 27668 
2897 3369 9286 27703 28596 
10462 11941 12011 12501 22493 26217 
3165 4049 4466 7144 11571 11726 
2473 2474 5011 5138 6720 
101 2827 2888 13651 19194 19763 20424 24186 24686 28381 29360 29613 29767 30256 
5024 10463 12363 14771 20708 21979 29049 
8773 12549 26558 26564 26750 28973 
742 1348 22645 25319 26668 
1018 1824 9332 19648 24050 28337 30476 
25381 27296 29086 29835 
2506 2684 9735 10457 28131 
1338 4595 6639 12210 28034 
914 2626 4930 7098 8571 14658 15061 
2502 2736 8312 20192 21103 28538 
4514 4860 6079 23028 26908 27553 29004 29055 
2948 3318 3319 12538 13402 
15432 17259 21441 27268 
443 4948 10779 26372 29092 
2372 2552 11686 12177 25455 
5613 7413 12923 28056 29150 
821 1969 3683 5472 8535 12374 13299 16658 17637 28250 28304 29682 29893 
425 3471 3482 3773 6794 12238 14400 21575 26160 26250 27451 29788 30749 
1177 2502 3083 3701 5404 9254 
528 3436 3600 7330 
876 3927 11584 16862 22517 29773 30159 
285 2802 3702 13167 14035 29059 30098 
2229 5669 11997 25044 28229 28255 
821 885 3683 5780 6767 8238 
8 1553 4743 9582 10267 20905 
4251 6069 17395 21088 25952 29373 
1394 2852 2881 3136 4777 
576 1922 4529 4771 5840 
68 1899 3669 6929 10065 10831 28936 
217 1983 5464 8448 8863 17996 
700 11300 11927 25934 
3992 15051 18143 23424 
1344 1568 2066 5577 9178 16856 26843 
150 10629 12914 13057 14958 
2055 12545 18118 18427 25098 25319 
3472 5458 6131 7588 15904 
1238 5046 5998 5999 19670 
2172 4960 10660 14721 17022 27277 
4794 5758 17653 28310 
1183 2202 10707 11506 27933 
696 918 1465 3729 15418 28209 
1232 3683 11078 12965 13298 17044 22399 29445 29893 
1580 2919 3841 3949 10656 
3367 4829 8515 11922 30600 
7357 9213 11848 12900 14589 29447 30352 
1871 1874 3084 3280 4429 4738 21923 30375 
447 3665 8734 8887 11238 16022 
33 1850 3999 5469 6455 9401 16694 29348 
9071 19513 19514 25319 26406 
495 496 4490 5994 7428 29364 
1130 6103 25196 26177 29372 29707 
7090 15442 22903 28787 29351 
458 1728 2836 2987 4040 5224 6019 11817 11833 12922 14984 24519 29293 
1213 1214 2715 7805 29615 
8797 17517 22565 25241 26346 29389 
3393 7102 7685 18398 26425 
232 233 2749 5209 8327 14346 18068 20616 20865 23912 29431 
3712 16952 20695 23314 28650 
715 3384 3997 10209 12024 14646 
2331 6322 10564 29417 29897 
265 631 1505 7191 15400 27915 
842 946 3665 30770 
1101 1244 4022 4667 9181 10002 10565 28231 29417 
3635 5832 24893 25488 29431 
699 4364 13269 16629 29455 
2216 2821 9003 14734 15311 16235 17478 17489 18607 28034 29313 29754 
10359 11838 11856 15286 27807 28716 30847 
1384 1815 2889 6990 11250 28968 
520 5695 9243 11509 11510 20214 
2811 3319 7573 8498 16683 29588 
58 1411 3199 11046 11162 22618 26735 
6744 21475 23589 29526 
6704 11030 11393 11829 22573 
3420 8566 10079 23007 29456 
6409 9137 16889 23760 26250 29631 
3620 9151 14487 27512 29545 
2660 5496 6602 8899 21921 29746 30698 
2338 5455 9166 11300 20386 30239 
1200 1247 2287 6159 10355 18350 
572 11616 25881 26412 27585 
443 717 6015 18747 25934 29313 
1460 17498 18167 29573 
1644 1930 7439 10143 29000 
1079 2513 4913 10224 20892 28868 30159 
5253 9088 28504 28505 
317 4490 11097 17827 23151 29364 
6278 17937 25735 29188 
628 1208 6323 9025 10216 11761 29582 
283 628 7184 7287 7338 29582 
875 4124 11073 11520 16146 16338 29293 
586 8956 20317 23392 25166 
5276 7091 14393 14905 15000 15281 15605 29474 29627 29801 29955 
5028 7451 9836 13926 25928 
2149 3322 4250 8206 17832 21845 22668 28304 28689 29492 
246 3315 6596 6858 27663 
3677 9593 9880 11285 27277 
2700 5004 11363 28966 29500 
813 1817 3202 3714 5153 18046 
1568 2596 9097 9490 29653 29671 30233 
2483 7078 7873 8221 14713 25963 28068 
3716 12238 13182 16291 26250 27226 
43 3817 7565 7566 7833 27726 
4102 4315 5055 14095 29645 
3017 4364 4367 12980 29455 
2182 2183 7419 17358 29711 
1958 3384 7089 9679 20672 22898 
819 1297 4964 8876 23962 24166 25725 30320 
572 784 4061 5054 6935 29653 
858 2262 3723 15402 15704 18711 
2232 4907 5480 8632 30438 
4084 8604 8605 8745 29775 
1481 2432 4041 24332 28898 
10961 22467 25249 26561 29785 
7848 7849 10303 17734 28970 28971 
7876 10453 15649 16427 
996 4052 7206 18956 26378 
31 32 2137 3938 
2731 2769 4548 30187 
3709 19606 21036 23844 27910 29517 
909 3081 9165 29035 29305 
516 2173 4838 6921 10199 
2172 3677 5200 17798 22898 
5855 5856 29824 29825 
163 7768 14220 20648 21596 
1282 5020 29316 29317 29815 
1177 2807 6212 6396 9491 24050 
11631 17219 29232 29780 
1894 2995 2996 6217 13664 19985 
1240 1698 3075 3406 3532 25861 29549 
265 891 6029 6205 9023 27915 
2858 6594 15811 18938 21139 
2163 7633 8737 9296 
955 1944 2334 2643 21704 27112 
2419 2420 2440 8025 10081 
2223 2249 29220 29910 
26964 26974 27296 27931 
526 2408 6987 19389 19775 29772 30472 
4325 7089 27073 27692 28699 
607 840 8302 9139 16157 28510 
973 2966 6205 10355 12202 18786 19591 24292 
1101 3718 11441 22919 28111 30234 
893 4893 5007 5255 9448 13848 29842 
3882 5230 6788 10887 25335 
13345 13908 14612 26127 29272 29948 
939 3679 8485 26125 27942 
3851 11203 11213 21745 24804 29232 
1183 6639 7258 8640 27933 
2043 2044 3162 11030 21667 25524 29976 
3538 3624 4391 11924 14840 17884 
267 2765 3787 7181 8062 
4134 4608 17661 19055 27394 
268 1791 3444 30050 
491 1218 17661 25589 29769 
7627 10388 11815 23655 28977 
3132 7249 24195 28923 29833 30063 
208 1351 2487 3039 5526 
987 1173 3700 7745 8093 11761 28870 30050 
552 1699 25969 29091 
1589 3322 5509 16658 26284 29078 
285 1532 1952 6710 10305 
58 529 7221 13556 24611 29963 
864 4341 11105 19054 28301 
2483 3483 5563 11317 14713 18997 
6489 8537 12743 23910 24804 29703 29780 
3895 4131 8966 22804 29669 
5181 5452 9260 9261 16087 
385 721 3039 4020 4598 
2749 4527 22880 25488 
205 8300 23038 29852 
737 13606 20592 21378 25433 26332 30075 
2289 4090 4916 8353 11414 
2475 4508 21896 22082 30167 
7577 12049 12408 20482 28301 
2948 11531 13402 19225 26908 
601 2812 2813 9317 29542 
7539 7992 13146 19623 24335 
565 1152 1472 4811 9626 28176 
9568 10344 22242 24769 26246 28398 30238 
678 6215 13494 15902 26007 26125 
933 3560 8473 13416 20591 24451 
326 699 1116 6575 8517 
11071 12020 22783 30302 30303 30486 
2592 7348 8865 30133 
2589 9610 10551 20756 30257 
172 173 381 3724 3974 4671 7141 29138 
2701 6197 6452 6775 9038 
2484 11809 12943 21646 30360 
1527 2184 3197 5135 
1421 6284 13608 18175 28525 30356 
4 12 1072 7685 18270 
3745 7466 9689 10831 25881 27478 
464 701 4250 10413 10414 10596 28077 28304 
5825 9439 10985 11262 28524 
12527 14044 16166 26774 28946 
2685 3208 8153 19454 28422 30328 
1191 7374 12030 26044 
2177 2559 12238 20850 29760 30469 
1339 1340 7271 13873 24294 
3597 11232 16688 24341 26024 
281 1994 7977 29880 30185 
3151 9886 11192 26690 29996 
171 13819 14856 16235 30506 
340 360 2994 5278 17374 28233 
6165 6595 8172 9924 22153 30149 
6145 20551 27187 30108 30400 
1206 1207 1238 6356 12781 18384 
580 2516 2882 4328 15586 29550 
10861 13838 14563 17939 29880 
1066 3148 4031 17664 20770 21154 23418 
7565 9557 15786 22253 30461 30470 
670 10397 15723 17695 23488 
768 2979 5872 30615 30644 
2347 7771 8241 13363 20591 
464 509 1176 7450 10065 12125 12783 14293 28304 
3398 15577 19736 28236 29187 
387 3028 20466 26418 30574 
2788 3435 7269 10428 21298 29577 
3364 9963 11025 16535 17579 25854 
10462 11797 12501 14130 28744 
2244 4628 9293 17015 27711 
267 6555 8378 24288 30390 
1337 23846 27964 28251 
1007 4050 9705 15844 
17938 19087 19412 30821 
2056 4802 10735 11531 11854 
407 2323 29305 
14694 26661 29036 
27981 27982 29122 
3986 3987 22325 
4345 12152 26155 
539 1199 6303 
4869 27990 28791 
10575 10795 11218 
5244 11265 29417 
701 2535 8492 
15439 18441 27976 
4420 5113 7904 
4224 5753 6463 
16581 28000 28586 
4378 26611 28003 
11341 11998 12687 
5101 5102 10533 
2225 22683 27854 
1144 12462 27948 
8027 13526 26773 
3075 6295 26173 
8793 16983 29241 
8639 11660 13405 
4500 4501 27921 
6795 7212 21825 
58 7004 11068 
474 1380 4245 
2138 2139 8189 
6863 9265 15558 
518 7917 9681 
12467 13092 22458 
20973 27101 28020 
384 2222 25362 
3327 7946 9204 
1145 5487 11242 
2728 4855 13543 
9537 24688 30469 
3377 11664 28034 
1799 1800 1937 
1154 2304 24210 
812 3353 8635 
10124 26382 26890 
510 1910 27467 
5152 22288 27871 
1057 13707 28969 
6829 24804 27468 
4592 7181 25071 
10131 14603 20821 
2463 4073 14242 
18380 27067 27552 
2098 9729 30231 
1031 12839 27971 
2423 27705 28078 
3612 3936 11992 
14941 28073 28166 
623 10053 15068 
1606 12896 28749 
3852 8305 11238 
21671 25754 28353 
2656 7609 22596 
17525 27617 28473 
9188 25817 28176 
16243 16317 27806 
886 5194 28973 
4298 4971 27346 
19665 20412 24421 
490 835 28103 
713 1091 1447 
10286 16779 17562 
1470 5219 13583 
4263 28123 28124 
627 1706 21016 
2708 6432 27819 
11736 20657 29321 
8126 27766 27767 
16842 25230 29123 
23 15519 17026 
3193 10585 21169 
1756 2105 3300 
9326 24895 27324 
5970 8870 8871 
13555 14618 27406 
6613 10263 26677 
15895 18168 23152 
14094 17940 19058 
12946 26989 29492 
2239 21636 23799 
4931 14389 22820 
7000 19277 29302 
4158 10200 28172 
709 728 729 
4603 12062 15998 
1652 1876 4798 
2235 3218 8255 
24813 28161 28638 
2246 10572 10630 
90 854 2536 
151 3386 5438 
3661 9369 23471 
408 3189 14629 
1838 22153 23109 
3615 16123 19733 
4145 4207 7222 
2790 2791 7105 
13015 17364 26571 
2536 2952 11456 
1804 1805 16475 
2899 4394 7673 
1656 3609 18050 
1146 2206 16728 
6022 7076 11936 
11414 27271 28235 
3106 6399 15362 
1992 6236 7199 
2112 5981 21500 
7310 18551 20094 
9581 15273 29138 
2373 21840 28262 
1355 4688 15856 
4693 9206 17423 
2231 7826 12064 
2607 2608 9832 
8047 8984 9734 
1271 8287 8688 
132 1115 1190 
3028 6312 28280 
665 5387 18892 
812 4615 18701 
5809 17714 29417 
673 13038 16487 
16804 25783 27087 
7547 10377 28304 
10046 14200 28249 
3617 13384 25719 
2106 5303 11756 
3755 6149 6961 
1726 7678 28308 
4318 20050 26529 
4788 6118 8290 
6201 10088 12161 
16988 27344 28330 
1370 5944 18594 
25451 26442 28184 
7715 16196 27703 
3963 11282 28832 
8355 18201 19415 
26623 26624 29985 
5996 10984 27334 
2054 2796 11391 
873 22512 25981 
1617 9738 22622 
1754 3005 3006 
4034 6661 9194 
9680 10091 29695 
343 4023 28374 
21557 25569 27069 
10105 21372 28382 
18961 20943 20956 
22028 28343 28383 
5966 9977 10377 
14517 20246 30435 
16 5767 28390 
1926 4920 21923 
8404 12811 29577 
15352 21002 26894 
900 17626 27215 
5252 20989 28176 
11392 26723 30505 
5344 13742 18956 
26960 28410 28411 
1523 7716 7816 
20197 20698 22172 
3031 4120 4307 
11609 14203 28299 
5033 5034 24440 
7211 7228 25944 
7362 12693 14097 
9545 10720 10878 
11027 14998 30469 
20410 24262 28581 
21493 24222 27139 
5095 7050 26536 
1184 6037 6112 
1170 2235 5622 
25179 26901 28466 
138 731 2303 
12276 22852 30056 
364 2848 11365 
288 944 13425 
2414 23650 28479 
440 9488 18448 
2881 5184 9083 
15107 15826 30242 
375 4296 28012 
4211 8286 10219 
1704 3325 29812 
739 1201 23456 
5628 24786 29450 
343 10569 17301 
713 13598 20155 
239 5846 17113 
6045 10197 16699 
5463 5479 5876 
4970 13026 18587 
2395 3509 16988 
2694 10492 26372 
4596 28544 29074 
1196 2343 4005 
7008 16097 28293 
5249 6144 18685 
744 745 6197 
3153 5537 27376 
10662 16258 29773 
6178 8330 9122 
478 7279 9436 
24 1823 4563 
334 335 7363 
12088 18476 29138 
8344 11252 13941 
2412 9712 15010 
663 6531 9162 
16376 27650 28808 
2934 2935 29762 
12306 22802 27897 
4320 6453 6863 
7550 11788 28875 
2173 9940 14535 
3225 4665 5175 
27215 28644 28645 
2869 6885 12696 
3961 6177 25142 
1189 16094 29455 
10446 10447 11687 
10855 13375 19619 
5779 6977 10587 
6935 23679 28550 
6689 23121 23649 
2421 17045 27660 
1242 2353 7293 
2420 11683 13097 
4642 26499 27593 
18157 23656 28690 
1911 2233 7083 
8590 10069 23497 
163 26293 28454 
7762 22847 28740 
8237 9700 28176 
10526 14426 25025 
10724 11499 28912 
5294 10577 18594 
3133 7468 30517 
2645 3456 6015 
8437 21647 23393 
7211 23069 27751 
1475 1476 2853 
6552 11297 30616 
4889 28715 30669 
16541 26146 27432 
931 5223 12412 
20114 22070 30481 
1445 2650 10638 
19145 23245 29275 
8206 15638 28724 
6198 9311 28600 
2658 5980 11595 
8242 22659 28398 
8461 26281 29352 
12944 17704 26917 
2941 4228 7320 
27425 28145 28751 
574 6327 6328 
9394 9509 28245 
4856 6631 27926 
4906 8451 10065 
488 489 9098 
16541 17977 24484 
5356 5818 9070 
11348 12800 28781 
1996 4198 12538 
4984 6355 8583 
28792 28793 29369 
6320 16478 28870 
5314 9152 28968 
1672 6266 16480 
682 11625 29809 
15324 18633 27699 
6248 28818 29005 
2110 4303 21999 
676 11305 29138 
11870 28861 29290 
1602 15467 17801 
2132 10721 27435 
6598 6599 8718 
4154 14443 26843 
6415 20004 28040 
10273 20108 24742 
3781 28888 29446 
1369 13664 27641 
2965 17548 28701 
5660 28693 28899 
1598 28853 29492 
2104 6569 20857 
2160 13145 22888 
437 4433 6970 
322 5593 26017 
177 28920 29180 
28919 28932 29156 
2338 4787 12136 
345 3183 8263 
4916 16169 23629 
2857 6434 6954 
3455 8406 28954 
920 10477 16456 
4522 7986 18474 
23042 28829 30167 
11044 28966 28980 
804 2234 4066 
7880 24299 28973 
11367 12065 24405 
14708 16292 30378 
9575 18947 22604 
6826 6832 30246 
11872 13966 27807 
1107 2354 12410 
17407 24424 26593 
6640 9012 27492 
2297 13912 27805 
9309 10347 30086 
6337 19231 29645 
2242 2243 11878 
544 2065 5939 
3372 9344 27915 
29065 29066 29339 
10268 11945 28868 
4500 7109 19654 
16850 27058 29079 
25240 29082 29986 
10907 24296 29083 
7656 20610 29951 
7306 28252 29873 
29085 29100 29164 
533 26560 29003 
3868 29114 29115 
605 14140 28692 
7455 19877 25274 
9380 11186 12213 
2674 11138 27701 
328 10830 17577 
3418 10258 28209 
5724 9971 24296 
3858 7234 30220 
701 3628 11495 
9654 15690 30008 
699 8612 16613 
3522 5008 17168 
8021 17337 27215 
2442 5727 7018 
3021 4207 28136 
29174 29193 30342 
5653 6290 12173 
3982 6176 8349 
5643 21799 28956 
14771 14940 26592 
701 2409 24099 
19190 23124 23800 
13473 14724 29216 
1489 9492 25944 
13421 14654 29224 
5233 17996 26542 
1583 3282 7171 
422 7098 13990 
713 3561 5445 
22496 29245 30027 
1889 9668 18448 
9215 20417 29752 
4051 8513 27915 
2963 3942 13758 
2373 16252 18458 
16711 19146 28209 
10437 20228 22820 
4043 10095 17969 
4288 11301 28870 
11849 13243 18170 
6357 7272 27975 
5999 15923 18908 
389 12937 20407 
5689 6280 23011 
1899 1900 7665 
12276 15280 15426 
5305 7514 13988 
444 11490 25557 
2505 16993 28304 
988 3464 20694 
1120 5436 11025 
3876 4485 17502 
1127 7505 8771 
6029 15739 25168 
161 4945 14883 
1802 6304 28439 
3999 5699 29332 
168 13630 23962 
7473 15904 28116 
1854 2178 27805 
3206 7401 29191 
5242 13069 15874 
2407 12341 30340 
10253 16409 29500 
1814 4035 14336 
10671 16798 28067 
8340 14868 18580 
21941 28802 29405 
7892 17369 28481 
625 626 1502 
16952 19590 29121 
4344 12491 12784 
1101 4956 29443 
4013 15491 28875 
19102 25155 25680 
2657 2883 7022 
8073 25785 28784 
10723 29478 29548 
8962 29472 29481 
533 2568 8815 
7039 11502 26758 
78 22383 22391 
1618 17283 29000 
3253 12030 12178 
6820 18814 29741 
7736 11823 27277 
7393 14869 28912 
162 20202 28300 
2175 15203 15846 
11024 13688 15191 
9983 16658 28042 
82 83 14688 
1250 3758 29552 
8363 10131 29557 
27407 27702 29363 
8627 22776 30231 
16617 17918 24832 
25491 28517 30563 
10282 26567 29579 
1194 1279 12415 
11496 17730 30615 
201 26578 30123 
3040 21154 27068 
3995 5642 30320 
4442 7491 24884 
767 1448 14262 
7913 11501 24064 
6901 7897 16757 
15207 24935 27207 
3684 3685 29614 
18974 29642 29736 
771 9487 28176 
6748 11576 29596 
12278 27677 29250 
842 16714 29649 
679 2547 26813 
10718 11541 14958 
8225 13812 20756 
539 1044 4282 
743 21148 21997 
13026 19208 25312 
847 5443 19220 
11782 29690 29808 
18721 19737 27514 
959 4852 6445 
3642 18036 29436 
2665 7791 26342 
13280 17996 23382 
283 22732 28163 
4550 29216 29646 
6131 7474 8234 
1595 3636 18631 
8454 8455 24854 
3755 5165 5863 
586 26148 29296 
24629 26198 29757 
1011 6241 6921 
21340 22546 30466 
3779 3831 15396 
6714 20164 28749 
3683 17357 29427 
12823 25282 29083 
6904 14159 30698 
11661 22192 26555 
3183 3996 6209 
6845 28679 29826 
1734 8344 9903 
413 22354 29363 
1025 1125 11497 
7748 23116 29848 
13504 21738 28349 
12115 21541 29492 
562 1834 28304 
3213 12003 12530 
269 7730 10338 
2460 2666 3759 
10719 12887 29592 
10344 13867 20206 
20547 29021 30308 
1852 1853 30056 
393 10480 29894 
8778 22981 30159 
4989 17962 19479 
5717 8187 29900 
8763 12103 13986 
3914 20223 30162 
2871 15636 26843 
627 2738 3707 
24936 24937 30496 
29923 29954 30523 
2621 21376 28410 
2747 4436 12463 
6944 28301 29740 
2722 4494 21456 
2154 27555 28096 
1724 24294 26052 
7322 10270 13017 
2826 29895 30136 
9109 10776 28820 
5776 5937 28373 
12377 24296 30052 
1407 15081 29870 
5 6571 8901 
12978 13284 29788 
7035 18602 28600 
27671 28853 30105 
15066 21147 30117 
11282 11507 19235 
10015 12632 12730 
3728 6557 25969 
4298 23492 29064 
4529 6583 16606 
6936 18000 29886 
707 7004 12583 
25503 25930 30212 
8964 25040 25044 
3226 5821 19476 
185 4195 5452 
7189 15465 30229 
5180 10505 21940 
1340 1771 11898 
16355 26774 30244 
2223 28076 30154 
4509 18289 30248 
418 1226 4960 
6699 10182 12169 
597 3384 9670 
15186 15638 30284 
5369 13271 29000 
7428 22252 29639 
778 779 7897 
21432 30310 30357 
12369 24757 27886 
6226 23512 30465 
6079 10685 22317 
280 791 6624 
10744 12387 28304 
16983 29850 29922 
6757 13176 23292 
4405 4406 13523 
8567 25150 29972 
6613 8519 11620 
12230 20015 29798 
224 5133 11646 
5146 9597 14791 
966 10837 16798 
3948 4594 28875 
5223 9863 30040 
402 2642 4177 
9746 20943 30304 
13818 17308 27550 
3140 3642 26729 
2442 9926 11591 
1654 19122 19451 
6949 10576 18594 
5226 30509 30632 
7098 7841 12109 
8960 13037 26142 
24380 30289 30832 
7192 8606 26281 
9919 13761 16155 
10640 10930 30033 
16617 19127 30355 
7595 30494 30505 
986 3521 7686 
438 3008 8539 
12170 24268 29582 
12372 18881 30639 
16010 25930 30515 
6573 9517 28677 
12906 14342 29123 
19820 19874 30695 
2372 14086 15652 
6403 20093 22426 
839 11276 29000 
8233 8527 29389 
2265 2332 30744 
5488 12622 18414 
14224 15798 29208 
16030 18922 20642 
948 949 20759 
171 2983 8847 
5044 12457 27277 
1884 10888 21923 
10355 21426 30599 
3043 10665 23418 
1661 2136 17543 
421 1523 21277 
655 3998 18893 
5990 6079 26660 
8005 8969 26125 
2722 24072 30830 
1238 3422 9186 
804 18178 30810 
