670 2733 6119 6730 11218 20020 
228 701 4993 6889 12674 16658 25362 35343 
1080 4895 14793 32049 
3013 4101 8842 15172 33683 
474 863 969 2001 13675 
5682 6832 8029 11635 12594 13939 14290 17038 27509 34585 
2072 12655 27065 33174 33978 36413 
10325 19779 28760 29918 33614 37224 
952 2244 2647 4012 4849 5907 6205 7322 7600 7910 10458 11517 24009 28376 29550 31779 35865 36173 36177 37135 
8100 18420 26179 33960 34171 36837 
400 427 503 504 955 1365 1366 1440 1590 1661 1727 1952 2493 3871 4176 4374 4639 5071 5542 6064 6579 6642 6724 7602 8309 23192 32569 34601 36304 37599 
1458 18711 33958 34179 35394 
2737 4887 6422 10395 20750 22619 30679 34058 34692 35283 
369 939 940 3355 3427 4832 6684 9398 10854 28034 
1283 1476 2853 34131 35601 
741 1500 2900 4975 5613 7413 10471 18166 33307 33942 
368 2833 2882 4012 7910 16798 30098 33163 
1191 2618 9932 32753 34882 
207 442 551 552 626 706 707 734 872 1018 1468 1480 1489 1500 1767 2126 2141 2246 2502 2525 2526 2905 4054 4304 4414 5054 5459 5467 5597 6355 6547 6649 7131 8058 8129 8319 11029 11264 11760 13072 13078 13153 14107 16943 20579 22962 25204 25362 25515 26098 27021 27970 28316 28334 29999 30680 31404 31476 32369 32511 32958 34267 34710 35544 36984 37319 
2931 7331 8992 10726 12240 33324 34583 36361 
3733 16471 29368 30438 31984 34291 34692 36218 
571 4013 6780 7008 7550 17347 17667 30270 34124 34718 
230 4419 4999 6258 12181 25626 
2706 3472 5226 5458 24278 26185 
31 625 3818 3819 
3282 7403 12081 13520 17015 
1061 5484 5946 7651 7829 7992 8020 8035 13146 15895 27550 29368 30058 30438 32961 33636 34291 37300 
4754 6054 11341 20531 22512 32940 33561 34022 35245 35477 35649 35672 36068 37421 
4027 7263 8312 19352 20274 21184 33577 35597 
1101 2345 5248 5559 5754 6041 6042 6594 8235 15829 19599 21067 21429 21509 23778 24649 24791 27947 28220 28271 28318 30718 32011 32197 32584 32777 32970 33000 33247 33318 33694 33894 34032 34990 36508 37082 
1172 1173 10662 10985 15681 20404 29373 
1256 1463 1714 4915 7579 8110 34777 
1237 1490 3330 5303 30837 
3518 5102 6230 34534 
33078 33087 34100 34279 
6810 10496 37538 37666 
165 349 544 1006 1061 1091 1522 1569 2125 2232 2320 2902 3198 3530 3728 3876 4137 4907 5455 5480 6394 6849 8913 9858 10345 10366 10406 10756 12678 14111 15211 16471 16732 17717 20121 20165 21154 22158 22751 25642 27563 27585 27994 30493 30616 30680 33942 33975 34928 35100 35668 36137 
741 1911 1991 3744 4138 5062 5658 6692 9332 10471 12098 13078 22619 22656 27742 28337 30481 31165 34169 34692 35226 36149 
4514 8065 19049 33306 35777 
20691 22380 26660 33562 33993 36324 37179 
3959 3960 15237 16015 22974 
96 4244 6029 12318 16963 29409 
1275 6250 6407 9712 15010 32420 
399 400 663 1661 1681 1830 2536 3115 4582 6724 9808 32569 36304 
756 2184 2849 3197 11300 14745 
1513 12307 33405 34023 34110 34111 34862 
607 2403 4836 5915 6950 34395 35354 36176 
4114 7437 9546 17801 33489 
5570 5827 8295 11000 13417 16891 28258 28295 30426 33847 35487 
851 2087 10332 12242 12313 
5078 5414 19563 33718 37639 
5284 5414 7164 19563 22743 34269 
1 5153 5182 5183 8514 15265 15662 15830 15895 17827 20856 21297 22921 24056 25287 29364 31675 34183 34599 35208 37146 
35 421 1926 2650 3749 4429 4920 4947 6049 33769 
653 654 2223 2249 8961 28076 30154 33415 35294 
168 414 781 782 864 1057 1297 2203 2754 2906 3114 4341 4431 4964 5728 6147 7057 7775 7979 8876 11847 12665 13384 13486 13794 16230 17738 18582 21141 21317 21831 22975 24280 24472 24674 25725 25883 30320 30344 33098 34204 34770 35151 35214 36416 
865 5658 6589 7616 8063 8238 22619 22656 26411 30371 30589 31984 32831 33589 34692 35953 37100 
237 238 3078 6115 22461 26677 35394 
1264 1443 1606 2122 2354 2614 3372 12947 14244 15617 20826 27933 29645 32911 33529 35702 
9306 12655 25766 28594 33943 37222 
16579 16580 16788 20969 34121 34122 
25 26 2840 4074 10179 15429 
1078 3245 3749 4133 4913 11654 21331 22665 33885 
4359 5720 8991 11761 36433 
1309 2822 5662 11213 11631 21745 29232 35244 35969 
536 1927 7181 9960 18317 33885 
9083 14582 16235 18987 19122 28218 28251 34886 37194 
6284 7091 16909 25246 28296 28854 30542 31417 32544 32645 33943 34097 34432 35246 35899 
224 225 756 4290 14388 
6392 11094 26912 30693 31607 34989 35230 35504 35951 36492 
3898 11280 19972 20109 24222 30227 30666 37443 
162 163 5720 32091 32420 35689 
1424 1990 1991 2309 3491 3938 5318 7329 11309 19650 22549 22619 36777 
3441 7163 12861 15827 16857 35226 
1090 1501 10475 24046 31145 31347 36044 
2540 4320 5518 17917 
425 3471 12238 25955 32973 34095 34831 36104 36761 36839 
165 204 5542 9939 27112 
2026 11409 15019 18601 33966 34142 34378 
2940 2941 4228 4962 7304 
11082 17279 27034 34053 
5717 17184 22198 34299 
1242 1243 5396 9582 26662 
10744 11796 15346 17896 21059 
7954 8344 9903 10733 35087 
2184 2593 5455 6531 9162 10168 
5794 7379 20612 34134 34682 
49 297 628 2279 3302 3899 3949 4036 5134 5720 5804 6323 7287 7374 9025 10216 12170 12211 13527 14173 14220 19191 20648 24268 28658 31060 33859 34821 35689 36049 36977 
2478 10359 11856 15286 20269 22669 29472 30847 30960 32849 34350 34402 36245 36335 36336 36340 
14326 14517 17175 34044 
15633 19618 24210 26882 29631 32973 34095 34154 36944 
1923 2309 3199 6692 8777 10646 11309 22636 22656 28208 31567 35226 36149 
29481 29494 30960 34402 
1354 6856 9221 9562 9901 10801 15693 16630 20234 20341 21729 26911 27780 31435 34161 34605 35586 36586 
1612 3705 6580 26171 34856 
797 1600 4758 5439 6538 15275 
432 811 1940 2140 2187 3522 4054 4190 32236 33827 
58 529 4537 5340 7450 14461 21231 
6104 25699 31663 35851 36356 
5544 7263 9824 10708 12528 21087 32812 33387 34168 34695 35469 35597 36611 
2506 5665 5944 7203 22596 
1911 3491 5062 8063 22619 30149 31984 36760 36777 37466 
4552 9893 20202 31096 32091 34332 
689 5570 12745 34603 35830 
2118 2736 3865 6384 15684 16979 19352 23930 27043 29325 29614 30289 30649 31828 34168 34849 35121 35231 36611 36775 
11569 14307 17081 17082 21342 28525 28854 30356 31410 33913 34619 34670 35306 35739 37023 
1056 1590 2040 3728 5459 5577 6113 9396 14681 16212 16402 27478 27563 33975 34928 35668 35993 36137 36301 
161 2250 12618 35865 36177 
27724 31773 32615 36816 
12011 12948 29188 34134 34682 
207 1496 1532 2883 3001 4054 6343 6710 7287 7602 15015 15121 15999 32852 36603 
1677 13334 13861 22391 32433 
3157 12463 15772 17023 36074 
56 703 5662 6466 34536 
1978 3538 4136 4391 5353 9318 10585 11576 13418 13998 16463 26720 27943 29596 31334 33750 34283 34538 36667 
5427 8260 26928 29667 32074 
2294 2317 2730 6047 20445 
1527 2022 3424 4441 5135 11300 
19 20 2518 6550 11612 
317 2785 4445 5994 7428 8167 8227 12864 15691 16048 22921 23554 25157 26023 29364 29711 32660 34599 35208 37065 
4258 4259 14390 15170 19584 31145 31603 36969 
1779 9049 12302 18439 23283 24869 25722 34145 
1033 18419 19442 21702 32814 34856 
435 1028 1029 11521 21377 30377 32937 33028 
1211 1317 1458 3723 3779 3932 5478 11254 19063 
407 2338 2346 2844 3009 5768 11300 
4861 5662 10496 10721 11631 12671 13798 34201 36681 36740 
586 942 943 3563 3578 4483 4485 4657 5803 6053 7885 8199 10959 11441 21067 21122 24649 27530 28228 28245 28425 29738 32011 32197 32422 33507 33694 33894 34032 34902 36176 
893 4893 5255 5626 20465 
8237 10572 14277 19758 23555 33524 
34 478 725 7642 7910 23318 32607 37498 
1155 3471 4322 5630 6794 19956 23760 29631 34095 34154 34831 
357 5157 11141 14314 16584 17964 32826 
3490 4905 13798 24975 27067 29610 30108 31190 34593 36681 
2437 5947 8035 34291 
3580 7565 15688 15786 30461 34434 35429 
1286 9310 9359 14233 31670 
415 2365 5940 5941 12696 32420 
713 741 1024 1425 2082 3561 4062 5497 6338 10378 11559 13078 15211 30438 33307 34169 
1149 21005 30369 33546 34229 36431 
165 245 349 1027 1062 1830 
6989 9228 13359 20408 29409 33068 
1536 1829 4909 7608 26379 29240 29488 32422 33587 34673 35430 35505 36829 37434 
1417 1418 2368 4127 4533 17173 19672 
27305 28018 31297 34282 36085 
3348 7626 7836 8812 16481 29773 35472 
21334 29672 29934 30978 33834 34008 
2442 5727 18957 33739 34731 
4775 10548 19879 27614 34241 35934 
357 649 1048 12300 12696 21976 32826 32911 
15476 18376 21280 25093 26569 29845 32024 36492 
802 1363 1364 1755 11872 14789 36280 
279 551 2212 2683 9693 31612 35395 
2502 5289 8238 14961 19758 22875 28316 33524 34188 
71 2144 11181 17214 
2111 11535 20902 23196 34855 
16714 19131 21160 26901 36271 
1184 4987 12957 24979 
7611 18380 26833 32664 
581 582 2699 3055 13634 33711 
4111 7461 14305 14948 28384 32812 34168 35597 
2250 4206 5906 11218 21745 30098 32709 35865 
56 345 1297 2633 8105 
1601 1602 2671 4727 24909 31008 
3472 5458 6131 7473 7588 11124 32530 33389 35720 
1913 7374 8085 13483 21840 35278 
707 1991 5468 6170 6422 6589 6692 7004 8777 9941 22619 22656 37100 
3246 3481 15238 17912 33181 
299 6394 7225 13078 27563 30438 32236 33827 
17124 20772 28740 30481 34256 36102 
3560 5954 7908 8248 11559 17979 33580 33584 36125 
2942 2943 7753 18603 23026 
10437 16793 17349 23467 25541 34264 
3614 4887 16129 18304 21154 30679 30814 31984 32831 34058 37100 
28451 32593 33000 33894 
566 1884 3629 4920 9425 14451 33769 36950 
58 578 1012 4536 13556 31466 
11258 21702 34275 34604 
283 526 2279 32852 36603 
3709 3731 4432 4571 16030 18922 
58 1061 1581 4545 5986 9681 21154 27184 29870 31165 32236 
15289 20273 27411 32243 34179 35394 
5640 9310 14233 16022 34255 34387 
30489 33227 33926 35353 35523 36437 
7878 8968 14321 23978 29836 33847 35487 
1157 1479 4021 5282 5707 8155 
3490 3505 4197 4905 5906 11084 31190 35865 37538 37666 
2538 10203 18997 29368 34291 35446 35911 
533 1414 4226 5970 7686 
3685 3963 4300 6308 7060 7263 26288 35597 
1297 2859 4949 7577 11105 13384 19054 29580 30320 34204 
4717 10662 17395 21088 21277 29373 32920 33729 35391 
14 6567 20313 22037 22436 22540 22552 24974 27251 29237 29958 32055 34910 34973 35505 
8365 22037 22552 32104 34673 34973 
1120 3322 4838 5436 11025 11201 34255 
3766 4314 5183 5994 11097 12137 16048 22921 22937 23152 23554 23650 25287 25655 31929 34599 35208 37065 37146 
4944 21088 33487 35391 
1628 4164 4474 21947 21948 
476 1628 1629 11984 14434 35865 
1005 1027 1140 1274 1429 1765 2325 4137 5542 7569 20440 30438 33885 35668 
708 709 3559 5370 16605 35485 
866 867 3817 5864 16261 22096 26924 27459 32972 33349 34170 34482 35784 37394 
174 570 5449 34307 34308 35037 
903 2075 8605 19682 34248 
3620 23709 32111 34961 
731 1685 1934 2705 3472 5226 8453 9905 31564 35720 37276 
5297 16343 17734 19095 34146 
3822 19013 24988 27941 28142 30646 36203 36983 
3549 3914 4450 13402 18279 27251 29778 30955 33587 34673 34910 35505 36829 37434 
558 2191 4975 16417 29870 30447 
2391 4638 26558 27826 34327 35806 
2383 2619 2623 9853 34784 34925 
16647 21765 27558 32112 34331 36274 36353 
7875 8199 10563 10669 12990 22540 27813 30426 32422 33587 34673 34910 35505 36201 37733 
210 1172 3700 4251 4717 4961 11761 25168 33487 35391 36177 
1006 2596 3083 6935 7296 7341 8913 20352 30438 30616 33827 
1005 1172 1173 1704 3700 7745 
731 5349 15904 31564 32530 33389 35720 
7412 10929 25135 33519 
2928 8288 8289 25192 28812 36985 
2901 3530 8122 13078 14810 31434 33827 
848 2056 2999 7843 10330 10735 11531 11971 12297 12914 13057 14343 14958 17145 19070 21793 36504 
280 6772 9205 29420 29595 30098 32680 
1684 1685 5226 5349 5458 32530 32664 37276 
26558 26564 32340 34024 34111 34862 
1571 3909 4043 10243 13097 34280 34392 
5930 15009 17189 18703 21025 31363 34607 
8553 13764 19711 34673 35650 
832 4909 8365 14422 22499 22540 22552 24662 27251 27319 27428 29488 30426 34910 34973 35430 35505 35578 36829 37005 
1990 6212 7908 12888 17000 17979 28161 
70 713 1091 6212 9831 10160 15211 31670 32236 36638 
767 1610 4889 14307 15548 15954 20269 30495 33288 34007 34362 34496 37261 
19835 34362 34496 35443 
111 811 1435 4073 6331 7577 15753 16212 25881 26412 27478 28740 32236 33324 35158 36301 
2161 13561 21725 29474 29801 
1250 1820 2368 4660 12552 
100 11286 13416 21172 34163 34579 34702 35958 
659 7884 13329 33992 34009 36299 
4271 5073 10968 11932 20250 27340 28636 32189 
672 5143 8119 9701 19541 
1325 3311 6592 17798 20007 
233 695 771 2749 3635 4527 5209 5832 6649 7995 8326 10643 23912 25817 31347 34563 35219 35626 35757 36687 
1590 2370 2408 5333 5654 5890 6642 8435 11101 11322 15349 17701 19389 21412 21801 26307 31046 34299 37073 
7915 20702 31945 32122 34341 
454 4886 6692 18304 22652 26411 32831 34058 34692 
1279 1989 11459 18555 20986 32064 32433 34412 
976 2370 2730 3824 12153 
843 1698 2103 2798 19120 32236 
2494 4877 5583 15270 18009 21007 32865 34269 
349 1027 1581 2900 4545 21154 32014 33975 
1672 1898 2503 3362 11193 15839 
8632 10879 33975 36137 
14307 21227 25246 32645 34114 34323 35370 
1623 3579 10533 16637 18436 25405 31819 35715 
307 4084 28784 30701 34424 36716 37016 
829 1409 3980 8501 11967 34395 36176 36504 
419 1297 2202 9790 25883 33529 
12021 23406 26097 29276 34241 
251 1063 6061 22541 22916 22917 25156 34406 35123 36199 36884 
539 2140 4282 6109 6303 11143 31842 33034 34321 34532 
1876 1899 2475 2476 3343 5651 5693 31434 
5299 10021 22972 36505 36841 
1294 5207 10589 16066 24310 
7553 7567 9099 19758 24452 
5230 8503 27425 28145 28751 31397 31411 32029 33412 33751 34478 35376 36145 37014 
3911 28631 34249 35697 
3289 3804 7810 21346 
847 2417 4069 12444 34395 
14851 23150 34052 34422 
20669 25585 34323 34425 34899 35906 
678 7705 14582 15690 34886 
2973 5181 25870 33815 33816 36488 
264 1503 2693 7507 8748 12980 14490 33150 34426 35371 
215 1897 5046 5999 10546 14844 34474 36370 37197 
420 819 1297 1495 1699 2077 4916 
424 972 1118 3064 3646 4566 5537 9137 12238 19956 26250 26882 32973 34192 34831 35597 36044 
14776 23153 29364 33724 34599 
4960 7089 22009 22898 28879 33813 36161 
6474 8660 13798 21391 21745 30098 30108 32886 
10467 14226 20255 34063 35693 36183 
741 4062 6902 16212 21154 26412 27585 27586 32578 36301 
1939 9952 19972 23002 28518 34258 34871 
8936 19820 33201 33837 34414 
7921 21763 22711 32112 34465 36262 36669 
1547 3153 16895 29856 35817 36104 
4536 7719 14677 15827 17664 24611 34387 36777 
357 3322 3754 8758 32826 34550 
300 1991 5658 17664 18837 22619 24611 26735 
625 991 992 1502 7295 
19006 32184 32780 33047 34404 
7839 8341 13292 13323 21758 34434 
2301 3115 7140 11800 12669 
4921 4922 6153 11040 13735 30377 32937 
3139 14995 27883 33252 
615 1052 7042 7225 31984 34652 
1788 6040 6200 6795 
256 257 6159 9563 
4860 9317 18302 19048 29482 29542 35964 
740 4062 8632 13078 13111 16714 18216 36301 
982 983 9165 34488 
85 2548 7749 9831 14573 17765 
34 2101 2503 2650 7910 22601 29610 30918 
5126 6107 7004 34504 36641 
2147 2148 11317 16798 27023 35722 36268 
773 2091 3446 4354 23398 
432 3762 3809 3865 6308 7412 8971 9710 9916 12834 14305 16979 20006 27130 28538 29614 31544 31828 35183 35597 35849 
2830 8148 10076 35953 
1693 6495 32449 33542 35436 36153 
2280 7673 24277 27669 35264 
9088 14081 23887 30695 33837 34414 34514 35192 35887 
802 1755 2080 7475 7654 11872 33664 
8382 34527 35417 35546 
4040 6674 7910 15586 19263 34938 36173 
203 2123 3666 4916 7184 
20510 29320 29482 32064 33258 
4049 8885 11055 36380 
741 2002 3185 6308 24897 30823 34168 35121 
2161 2462 5146 9597 21916 
1265 2790 23378 34991 35034 
5102 6763 10409 13519 29405 32628 34534 
2293 8039 9269 37129 37172 
9329 16636 22983 34163 
4164 4198 4644 5813 8456 
2217 2476 3571 5459 18892 20073 
2914 3980 7854 8653 29976 32611 
2360 7595 15994 30494 34063 36183 
1221 9693 19775 27313 29772 35395 37045 
691 4043 9520 11761 12370 
3328 4098 4337 6153 12644 
15 691 3224 12370 17496 33388 
302 7627 10724 11564 17402 36973 37588 
1027 1849 2906 5470 29348 
501 580 2833 3202 5782 33157 
8227 12101 15959 16519 20829 34981 37065 
809 2999 3319 3513 11531 12538 32595 
3139 11539 12098 13086 30825 34901 
413 414 20667 22112 29363 32642 
6748 13358 18210 24484 27928 31553 33750 
2890 4554 4636 34163 34579 
871 3584 6429 11466 20349 29240 30955 32422 34673 34910 35505 35624 37005 
327 450 5054 5996 35267 
3083 6308 7285 11382 12674 26245 
1239 2308 4313 6692 9941 15194 22656 34692 
6819 10793 12592 24719 33033 34556 
11641 12622 22937 31553 
7577 9391 13197 25298 30141 
4215 8324 25804 26318 
8167 14776 15265 16934 34599 
33 35 3749 4913 
400 1274 1487 5455 6064 
2132 9023 21816 34593 
2322 2520 3997 6454 10295 16313 20991 23877 33931 34285 34597 34800 34986 35017 
23842 26508 27583 34892 
274 650 1714 10609 14420 27826 32911 
3252 19835 33473 34609 35926 
1145 3084 3331 13988 15306 
6050 8446 9121 10874 13710 34286 
395 1188 5986 7135 7923 10361 11218 34601 
742 4846 18903 22645 30086 36148 
6705 10124 22403 27514 30736 33805 35742 
17398 22561 32030 32031 
16949 34090 36048 37273 
1734 5207 6014 8344 16219 33123 
997 1210 4432 5427 6754 35545 
873 4831 6088 11072 11601 13680 18908 22512 25572 28193 30616 31623 37280 
2016 6170 6692 10395 15824 34692 
564 1501 2749 9173 14873 36687 
17348 26464 29347 32596 34632 35621 
7565 11445 13292 34434 
511 3816 3817 4107 22295 
20895 25060 26310 30321 33309 33612 
580 3354 3490 5153 6551 11218 19578 30438 32478 35865 36173 36177 
102 103 2731 2769 4548 
3453 26275 26464 34632 35638 37472 
386 6111 8304 11316 17850 
3873 6489 13167 24804 35393 36830 
2737 7087 33144 34793 
2921 3201 7936 25804 29976 
5312 6005 9558 12801 14612 14880 20997 27703 28677 33891 35065 36451 36613 
5350 6185 7060 21184 27043 35183 35597 
407 2294 2323 2636 6047 
1637 18175 21104 31227 34670 36734 
971 3729 7554 8941 12871 25560 33324 34583 36520 
13052 16171 19484 32111 34961 35318 
952 2747 2833 7322 21166 32478 34938 36173 
1772 8650 14307 21104 27703 33913 34131 35341 35739 
3850 5906 13798 20551 23100 34593 
13895 14840 16935 19162 19163 34688 
4769 16801 29450 34694 
3664 4799 8497 11300 15555 17576 34697 
2747 2776 3355 6659 33487 36079 
3501 4762 9417 33210 
523 989 1973 2463 3737 25362 
892 1928 32366 37654 
21 22 548 4973 5780 15126 16462 22047 23042 25362 31550 36010 36585 
1423 6210 13527 14373 27862 
5491 16891 19448 27251 31770 32422 34395 34673 
394 395 1496 2279 7602 10361 34601 
495 10750 14776 23274 30598 34599 
21729 30323 34735 36937 
535 22260 23328 33135 
7206 9960 12289 25952 29920 
1090 4190 4984 11944 12777 36044 
1605 6571 7054 8653 24375 26936 32977 34681 35253 
860 9350 9507 9626 9859 33791 34832 
20313 22123 22516 22540 24974 29240 32104 32106 34673 34910 34973 37005 
639 2491 6917 8709 9948 10551 
5500 8876 32234 34286 35122 
33774 33981 34018 34019 
1776 2802 3839 4460 5907 6529 6936 8537 8804 13798 23100 29716 30653 33892 34201 36681 36740 
318 333 8913 10972 28972 34928 
1041 2805 3439 5170 18262 34736 
23778 27280 28772 33837 34437 36309 
2660 6602 12430 15075 30698 35078 
1385 4671 16471 30243 
8134 11275 18260 25502 32544 
8300 8778 15348 22981 34770 37041 
2019 2034 21392 33539 37239 
1513 2475 3322 6327 10137 15618 25362 35658 
802 1755 11872 18912 22015 22484 
4470 11421 12296 18720 32889 32922 35330 36166 
3225 4665 8910 11485 
439 3647 6720 6945 13078 20489 35308 36044 
401 3864 6865 7046 24479 34784 34925 
2109 6274 24850 25093 25852 32024 
1418 9833 17173 19405 19476 24957 
241 2729 5982 16472 21991 
1237 10274 21331 21332 22381 
63 483 1115 8647 8805 16798 
2607 2608 9832 32036 35627 37061 
1926 6049 10638 11008 13014 15304 15872 21923 33769 36950 
441 882 4560 5057 18383 31670 34387 
2777 10831 12608 25099 31145 33791 36268 36969 
75 165 529 13078 17124 31567 34256 
2860 3026 8381 12587 21331 
1753 3801 25616 31077 37051 
7117 17893 24156 26078 26694 27615 34927 35795 36030 36481 36621 36949 
502 918 2626 5880 9040 9332 9674 11239 13078 24050 24611 32676 34267 35226 
3763 16438 16979 26175 33387 34849 
1613 3150 12412 20631 34379 34811 
180 9272 26220 27826 33433 34825 
56 502 741 2126 2626 5597 
2777 9626 10288 16197 27544 34832 35308 36044 
200 6304 9219 14940 29415 35007 35640 35771 36117 36785 
212 213 6589 30417 30828 
28 8036 14145 23851 
22098 25838 34821 35959 
2944 4738 8433 10193 10575 15299 36950 
3526 9133 18110 23434 34854 
58 529 5341 22619 22656 30679 35226 36149 
1301 2802 4276 6096 6829 14035 34593 36830 
4513 14859 18709 19591 
8636 9481 9771 13430 29348 33733 
12839 14140 15311 18602 18987 33914 34848 34886 37194 
9564 9627 34605 36586 
4053 4686 6666 21104 34858 
625 1344 8206 16856 20359 
300 2028 2778 3088 5289 7496 7908 8063 17800 21175 34254 
7612 19839 21815 28817 32824 34712 34853 
3949 12171 15603 22068 27726 
9713 9714 9868 20964 34776 
564 2721 6470 10379 30799 33791 
6444 8763 12103 13665 24963 24996 
11087 15051 21102 33368 
27727 31095 34226 34348 
2195 5522 9700 13929 33803 
6550 25503 32342 34920 
694 2337 8789 27850 33437 34777 
679 2827 3139 10930 14873 20955 34901 35276 
4637 29116 34619 35739 36810 
24176 32678 32806 34935 
85 147 602 7042 10549 18166 18704 32128 
2912 5921 8503 12938 14642 32029 32431 34478 35376 
678 987 2250 4251 7910 18749 
14445 34905 35417 35546 
190 3522 6338 7042 28538 
4561 10237 13471 21440 32284 37177 
2949 7466 20918 22751 23270 33975 34502 34928 
5101 6910 9457 9662 14282 16484 17833 20280 29024 33327 34950 35479 36886 37134 
451 989 1415 4515 4993 11630 25362 
4723 4756 7383 15208 35698 36443 
3153 4322 6794 7243 7263 27130 34695 35597 
34911 34961 34994 35053 35082 35441 
343 3651 26476 29667 33667 
2024 7131 12485 13216 34583 
3100 3329 3791 4110 4821 5847 34169 
698 2174 5047 16732 18997 25099 26898 
1751 3982 4049 4466 5114 6176 11726 13498 20096 23559 34978 36380 
34719 34979 35260 35759 
1292 12067 14176 19153 23418 
18881 23498 27582 31591 34985 
6950 13087 22856 34843 36316 
1425 1808 3098 4821 12919 
5401 6692 8172 15194 16049 36777 
1732 2416 6938 32675 33794 34778 
1011 1729 6488 10202 14547 
23522 33733 34170 36291 37064 
923 10189 25793 26020 34848 
2592 7348 16391 34194 
638 3012 3305 5415 11609 
24299 24636 26558 32911 34327 34862 
4838 6241 6921 21881 36237 
13561 16031 17303 24691 28299 35013 35069 35242 35317 
205 12989 35015 35016 35096 
1665 26238 35020 35888 
288 944 6496 13425 34933 
1153 2797 4928 9987 13283 13844 14336 35665 
3750 10681 21232 30159 34770 
1252 2880 3616 3617 21141 25719 35151 
13254 13651 15748 31450 33503 
413 3054 5901 7774 29138 34123 34932 
2304 4014 7197 15476 18376 25341 31070 
10359 12022 17534 34904 35012 35760 37428 
495 4445 9864 30599 32652 34183 34599 37462 
6029 11206 11694 15298 29595 35408 37116 
3605 5101 6440 7823 8342 27433 34950 35479 
870 3718 21067 33344 34902 34946 
2521 4723 4736 5072 13589 33713 34932 
4066 4387 11192 22406 33305 
1229 3688 9756 13623 33114 35125 
488 489 5288 10402 10403 
3421 7395 9052 10486 28538 34784 
12843 25502 27717 34249 35697 
7566 7778 9785 33413 34664 
5251 5723 7427 35073 35895 
6429 11465 22037 25312 35624 37051 
5647 5649 27336 29889 32959 33324 36520 
519 8927 13207 15238 16165 25976 34853 
60 529 1991 2626 16129 17664 24611 26411 31567 36149 
6602 6603 6904 15075 21921 25408 35078 36467 
989 5232 11019 18566 25362 33813 
680 4930 12118 24434 32289 
3397 4098 4745 9102 11521 25507 
5505 23147 23587 23709 
12348 15075 17403 33576 36621 
1350 2046 2897 15636 35131 35137 35981 
2148 3335 6157 7910 13388 16798 37339 
3716 16291 19111 32973 36044 
7723 9462 15083 34844 
7494 17079 19145 23245 
599 2407 7019 12341 34962 
5741 8875 21179 29348 30320 35214 
1018 2149 6338 7971 8129 11184 25362 36010 
2287 19671 20344 33115 33862 36257 
1628 3330 7767 15491 18294 
2664 3423 15942 17742 35175 
10912 14869 14878 29944 31749 36973 
3157 4699 8975 24091 
7939 8188 25037 32365 34116 
1018 2623 7871 10820 13036 25362 31434 
3353 4436 4778 11218 15299 15872 23648 33769 
7839 8025 20240 35213 36803 
2494 13238 18941 34815 35303 
338 2045 7983 10659 35218 
10448 14051 17442 30762 31417 34440 
108 864 1500 1699 3380 
2065 3818 5249 30703 
10021 27267 29077 32019 
3763 3865 5544 9824 9842 16979 21087 32511 34168 35183 35231 36775 
484 3550 11704 17312 21736 27303 33388 
6304 20894 20935 23645 32642 35771 36017 
455 4187 6650 6697 11653 
5357 13784 14282 17393 32535 35742 36481 36754 
95 1899 2476 2741 5146 5651 21861 25362 
349 5551 6546 11559 17591 27184 
1615 3017 4050 5501 5946 18136 18997 22863 25099 36268 37245 
2305 2420 2652 14883 19896 
155 1816 3714 6215 28034 
11738 26890 27848 33895 34669 35272 
2115 4754 10511 15725 35245 35263 35649 35672 37529 
10609 19410 22002 34010 
4797 10664 14994 30173 31108 
23 360 6105 17145 17374 18048 36504 
347 609 8426 10662 24288 29773 
3286 10927 35282 37507 
4854 14156 33805 35285 37293 
807 1511 6124 7147 30473 32955 
670 934 1806 8009 11218 27933 
7328 8038 10088 11188 15998 35268 
15650 20866 34604 35299 36351 36352 36715 37266 
2119 7017 9823 11130 25135 34168 
28 356 9721 11095 14116 
340 426 2826 2994 2999 3695 6093 9363 10649 32595 33004 36504 
2358 3400 11858 15805 35339 
1709 1865 9446 9800 35320 
138 6030 6042 7791 34781 35128 
24 657 7197 11769 12989 25341 30600 33803 
15059 17743 21243 25190 35306 35365 
1541 2339 2854 5648 6787 21756 30141 33324 34583 36361 37685 
3535 17668 33549 33704 35370 
928 4772 14350 30744 35540 37235 
1983 8935 10378 34414 35192 35374 35887 
6901 7734 25954 35337 
100 3169 3874 8733 13078 34495 
9231 21678 32730 35382 
3612 3804 5990 11971 24448 32589 37166 
23549 30356 34432 35148 35341 35739 
4831 5999 7639 10546 18086 28193 
87 1963 2092 2629 30014 35553 
86 87 1997 2445 30014 35553 
1163 6544 16238 17695 24235 
1581 7131 23270 30481 33324 34596 36102 
986 1162 3521 4226 7141 
13345 26127 28733 35401 
3827 4718 18604 35742 37246 
785 2222 2478 6196 6592 12578 25362 
2388 2463 23767 23814 27690 33884 
414 2879 21942 30402 31172 36398 
5841 21078 25142 25797 26882 33226 
442 3560 4261 5340 6692 7131 7450 14753 
2026 5723 7682 34845 35630 
1994 8208 30387 35465 
21360 23872 25695 29363 32642 36616 
201 202 2212 25175 32936 35395 
1798 8803 27977 35269 35548 35727 
8788 15699 34496 35480 35730 
4298 5014 9494 28239 34283 
1216 1238 3422 5303 6356 18384 
580 670 1107 1807 2733 11218 
10084 15059 17743 34436 35747 
307 16354 24941 27407 29857 35269 35548 
5273 8035 11127 16161 19623 
7569 7640 7772 11404 21016 29773 30390 35472 
2725 6100 6119 8889 35550 
3878 10317 12443 35564 
12767 14418 25364 28609 32487 
848 2833 3733 7910 11814 13118 15156 15299 21923 33769 
785 989 1707 10896 25362 34399 
7141 13342 27303 35573 
206 514 4828 7880 8472 8650 22203 29138 
25 11596 20280 21738 24007 24895 32826 35479 
528 2623 3957 5340 16857 35226 
874 1387 18086 23677 27864 
10360 14846 32121 32753 34402 
114 5123 5289 6416 36151 
14194 28125 31819 36415 37550 
25 413 7252 8667 12030 30701 36613 37151 
785 989 12374 12603 25362 31293 34592 
15280 19294 33718 34269 
2922 3349 15170 25602 
1618 2685 3176 3177 5767 
600 4565 8269 19585 20372 20966 35629 
4774 9004 12696 13477 21144 35639 
32 4040 4376 8238 11029 20655 
420 421 3750 4362 10795 23648 36950 
349 1429 9254 22158 30233 33827 
714 6169 6849 7042 8913 10353 13035 18258 19519 22158 36137 36638 
346 1444 2502 4190 7577 
60 1814 5548 12042 35665 
1440 1662 1944 2040 2136 6720 37599 
26535 31418 35427 36497 
185 974 975 1503 7057 14105 
3639 4736 8366 23742 31199 34230 35921 
620 631 2509 3872 18377 36162 
2031 2591 21844 24907 31614 35715 
6884 10448 14307 15798 17899 21162 27703 29208 33173 36414 
438 2113 4079 4080 5417 7970 
3176 4128 7821 21952 22797 
3874 8174 13078 16754 30233 
1566 10294 35269 35476 35727 37257 37364 
19295 20775 30808 31532 36186 
6885 9465 10172 14307 25405 29474 
1513 2478 3322 25396 32773 33115 33884 
1916 1977 2418 3681 7976 
14308 28562 29319 35038 35719 
2626 4536 9040 11816 17664 35665 
2361 5683 14609 28552 35693 
2979 13085 20794 31417 31491 35370 
293 328 456 989 7881 25362 
88 1529 2595 3280 12488 36950 
2910 2911 8233 8512 
3500 3501 18499 18500 
1210 11547 12215 17924 20213 30921 35614 
2716 4255 4786 7196 11452 35773 
29399 35728 35729 35735 35807 35824 
14715 30025 32364 33984 35269 
6421 17809 28750 37498 
9243 11509 11510 35763 
1754 2010 2219 5667 5668 6476 11872 34909 36343 
5102 6230 8232 13519 17769 17943 21941 31172 32628 
5378 6189 11612 15190 20765 23609 
8062 22506 22665 23964 29836 
7341 12426 15211 21999 
4878 5969 29363 29724 34269 36234 36235 
13316 22852 33071 35637 
143 844 6899 8434 16479 23816 
1789 10139 10332 13407 15232 
4717 4904 8640 11777 12618 35865 
946 2783 5375 12426 16371 
3825 7050 9477 10660 11983 21745 25362 29232 
819 3504 6054 15763 21672 36362 
1376 9235 17662 31924 32977 35790 35998 
10579 35768 35880 36024 36447 
244 259 1604 1605 21955 28026 32977 35790 
3085 6209 12168 12328 14023 
843 2414 15717 20570 22962 33324 
4824 7099 7153 20994 33851 
19466 29171 30639 32872 34985 35896 36479 36640 
2291 2702 11986 28680 
582 25257 30061 35909 36451 
621 12442 12524 16955 35651 36162 36917 
14011 23680 32053 35446 
8431 8432 9406 35889 
544 1234 1404 2022 2184 3115 12505 
1082 19329 20948 32573 
1291 10567 18288 20155 26963 
246 1813 8081 19037 31385 34252 
24691 27673 34038 35803 
10205 10533 18783 23531 27738 29683 35970 
279 853 3581 25264 33324 
852 1090 4974 14347 19618 27028 
1157 2876 3092 5281 6090 11862 
218 1219 2626 3395 15194 22426 37122 
5685 15151 19167 36000 
3521 4455 7686 8567 29699 
4404 7353 13694 13696 31434 
6552 8929 14652 16266 28193 30616 
1405 2823 10224 11193 11207 
8800 14182 21166 36173 37135 
9580 14346 20865 25488 30799 31347 35219 35757 36687 
1210 1251 1309 3875 20209 25343 29769 36166 
669 5630 8757 29788 34831 36044 
4370 19115 34501 35856 
12358 17063 22496 33951 
12256 27940 36324 36500 
4018 5662 7013 7655 13167 13798 35371 36681 
2050 4195 5452 11912 26144 36074 
595 596 8008 16688 16832 36151 
33089 33090 35279 36100 
2683 5504 20114 33312 35252 36102 
848 5154 6058 14595 21476 
25963 35595 36113 37057 
509 3642 11973 24317 36098 
173 985 3146 10533 34459 36116 
5289 10630 25362 28040 29995 36010 
15999 25264 25875 25969 36133 
2869 3187 5216 5940 6895 
839 2835 3192 4971 6798 11661 26146 
12187 22718 25908 34038 36139 
7873 17749 21737 22714 35477 35672 35943 
490 1465 5772 6461 11239 
1786 5512 7177 22437 35484 
1458 6689 7052 9418 36162 
7052 13359 15402 24683 36162 
77 1535 1536 2300 4870 8033 32422 34910 36201 36829 
479 4940 9654 13018 36177 
23615 36228 36229 36248 
178 2098 12536 27957 36199 
2861 27227 35489 35771 36241 
350 351 8391 27011 29690 34171 36183 
8152 18658 33277 36180 
6122 7214 26335 31309 33590 33999 36198 
1914 2795 2907 4894 8520 12732 14547 17127 32955 34558 36329 
5726 5836 7308 23918 
7117 14771 26096 27271 31096 36223 36331 36949 
4180 7927 24304 28574 33891 34933 36117 
11807 14001 27544 32317 37422 
6607 8085 9281 9408 25434 33657 
108 4740 4741 5025 10707 33529 34770 
9664 11678 14570 33226 36271 
5399 7521 16166 16243 28504 29794 34414 
7738 15365 31126 35816 36271 
495 3767 16048 16322 24275 28181 34599 
101 852 7098 9916 12783 14305 
14153 18729 31649 36334 
58 2213 4138 5548 8063 35665 
2715 4874 17205 29615 33594 
34485 34486 36339 37046 
6189 9049 23156 24869 32094 37200 
30830 31752 35524 36279 
10153 15099 35480 35600 36252 
3325 7745 8344 15011 
2098 3388 11160 33052 36199 
5145 10218 25844 32832 32849 36335 37428 
873 1321 3735 18155 26021 30899 36433 
1320 1321 17971 34821 36433 37686 
736 1024 12678 14599 15417 36301 
389 5691 11940 14012 34057 
439 741 1177 3083 5492 16162 30703 
7037 12092 22033 33694 34776 36447 
410 16301 18967 29749 36354 
125 525 4105 8104 8742 
1549 3280 3749 12587 13494 27095 36950 
1314 4406 6717 7302 13798 29293 
1697 4097 8113 12296 29769 32922 
10254 22506 23754 28258 
2607 9165 10350 15941 19265 36488 
3817 4408 25978 27726 34664 
3521 4455 4603 10146 15983 
1541 2855 25449 25625 34860 36520 
1847 1848 2940 6595 33226 
7238 8991 11761 22471 27552 
22192 25240 27886 36650 36814 
23 3859 3981 18594 36504 
1146 2206 2583 3545 37243 
23 4844 24300 31305 36504 
919 1071 1876 3002 3039 6865 8630 8722 24473 34925 
98 2589 2715 4592 10854 
3294 8545 25502 34249 37147 
11596 20960 23745 33887 36521 
1351 1872 2580 3627 6574 
16881 22822 29720 32108 36510 
3231 20078 20664 35173 36655 
3249 9326 28722 35698 35907 
4033 4777 7930 11541 
6344 9048 16857 18227 27178 35226 
8545 14771 25502 30640 34249 35269 36617 
274 650 14420 23263 27492 27826 31863 
58 1017 2348 7087 24050 32369 
29319 35938 36389 36550 36929 37296 
1022 8618 20795 20916 34525 
376 538 7665 8585 9360 11246 
8010 12267 34715 36560 37132 
376 1933 6891 9360 31298 
5068 19127 31153 31248 32328 36876 
14253 26163 28089 36808 
2800 6613 11762 13079 36880 
228 668 1157 1226 3997 7594 
7441 7442 35185 36895 
542 543 555 2530 15975 33811 34123 
97 2662 6989 10521 12524 
266 9837 12541 32636 35898 37116 
34 725 3177 3260 7910 19263 30438 
11013 13667 23492 26720 27060 
1454 2223 2359 3089 11104 36082 
2592 6230 16391 17943 36845 36886 
627 1706 2898 7693 31894 35214 
510 14232 21942 31838 36398 
2154 2155 22622 25543 32143 
206 777 1921 10623 15672 29138 32091 
33920 35069 35317 36823 
17474 21772 30277 36643 
15630 25696 25848 34128 37056 
17299 17300 24627 37704 
3012 17546 24636 26359 30470 
14389 16793 21650 35558 36961 
11838 25842 27862 35012 
7727 9918 14489 15959 36995 
1589 1762 4654 12674 25861 
2790 3827 17473 24076 36596 
200 5162 6017 10006 37151 
401 741 5801 7225 9052 34784 
248 3679 4573 27016 37178 
14846 18092 21933 30669 32753 37187 
4449 4935 11136 25080 37178 
1421 4637 14318 14942 17743 25347 33913 34670 
2992 3367 4318 13640 28811 
274 650 8758 24299 27826 35639 
5901 20584 22500 36754 
6205 9613 10496 27187 35375 
572 1681 4289 5525 
839 2835 11661 13358 18169 27801 
6445 7022 7661 14640 
18323 37025 37277 37397 
1870 1871 9365 11374 33769 37235 
9396 14599 24813 32698 32699 
1023 6534 17169 22022 23433 32112 32250 
275 1028 2083 8357 13363 
417 1871 2288 13023 26120 
1019 1147 5289 5472 24550 
1655 5938 9479 15170 17643 34989 
536 1176 3043 5945 16658 35027 
15017 18737 33328 37309 
2403 3458 7941 19647 36753 
226 269 10903 12023 20612 
3264 6838 7226 8071 12690 37436 
2225 7857 24036 27854 37164 
239 14673 19651 37483 
3255 7174 9781 21059 35656 
415 2365 6851 31181 32420 36759 
901 4245 4603 10179 16939 
7791 11190 13761 32750 37484 
6469 15959 19399 30215 37493 
514 2788 8650 12518 24304 36754 
315 6342 10567 15211 20155 37551 
1064 2081 5089 25459 31968 34604 
433 1782 20161 24861 37362 
7177 11871 15657 35787 
26659 29115 37593 37731 
953 954 1047 1679 8024 
1210 1979 8592 8770 14420 31863 
2366 7964 9850 29714 
6263 10464 11457 18711 37527 
808 809 3804 8065 32595 
6385 18305 21918 31583 33584 
2047 16706 17968 29677 35729 
1646 3905 16596 26364 
3314 6029 22735 27915 34610 
2386 10113 10290 30042 35994 
7190 21061 24643 34525 37696 
4134 9438 11304 23786 25653 29769 
1502 4901 5552 10377 36042 
2225 27854 32276 36404 37279 
1645 3560 5896 9482 14077 16658 
117 3231 16084 20665 36655 
5455 9166 30239 
365 15227 15516 
14941 33913 34072 
24403 28425 29191 
4502 28300 33522 
20647 30340 34962 
9711 32207 33805 
2387 8666 34075 
31233 32619 35629 
12233 12234 35223 
5019 8104 8349 
17149 18059 34777 
2625 33567 35606 
4353 14148 33457 
1507 1508 16079 
308 2372 7497 
1460 1651 31514 
17769 20131 32613 
1104 7910 13495 
13381 17693 22212 
5609 14091 34087 
2798 6249 11516 
1300 31304 33893 
5080 10173 34094 
2831 11731 34585 
11899 26068 34913 
4702 20485 33503 
9134 27217 33189 
393 16618 20540 
6528 18607 36950 
430 1105 25963 
3858 4405 4406 
26579 26758 35945 
17653 28025 32196 
33373 34027 36544 
459 7063 13147 
819 14744 29601 
1852 16973 32888 
2645 3456 10914 
19814 24786 33973 
297 18003 20662 
1353 19034 23802 
3145 8850 34601 
4591 27942 28390 
2505 16993 22002 
14544 19225 33722 
1337 8097 28753 
959 3695 33936 
9178 14111 14606 
2087 5565 7798 
2137 2700 11653 
910 6198 24370 
4648 14734 18105 
6698 8937 9873 
6648 24253 34718 
673 13038 25335 
1789 4456 6725 
3648 5124 24419 
1247 7989 13382 
7349 27578 30877 
7121 23047 29588 
10924 19458 35012 
4575 9480 34032 
3677 5231 25362 
18289 31149 36489 
288 289 3951 
14718 19332 34108 
19055 29912 35330 
2557 3226 10159 
6010 7790 32258 
2339 6620 17128 
404 5800 24927 
128 5006 9030 
6965 31637 33545 
2481 3247 34541 
13849 28014 30476 
2465 3455 14363 
7777 19888 33849 
2183 8786 28239 
28252 34193 34309 
1254 27334 35267 
702 3128 29773 
4291 6877 12036 
23774 24116 34198 
5567 34203 35584 
7812 32705 33256 
167 1324 13646 
13435 32891 34213 
26621 29815 34219 
15180 19538 34660 
817 6639 8901 
4156 6032 25015 
3668 12339 12793 
16016 16156 36047 
3152 8546 12581 
28455 33891 34222 
11591 15989 34378 
4034 31076 34235 
8822 20389 21978 
7492 11059 20299 
2813 9327 13429 
3002 19331 30529 
3966 4950 4951 
6610 26117 29344 
13299 25362 32608 
1831 5305 13988 
17089 20623 26773 
958 2158 14171 
5526 14509 35778 
8563 27515 28555 
2963 3700 4614 
620 3707 7932 
12898 20839 33199 
13391 20689 22391 
17496 18442 18917 
30537 31699 34284 
12674 34287 34288 
14037 18157 23656 
7356 13901 34290 
1208 6583 36049 
15936 29889 31521 
7707 7708 13533 
5251 6376 11890 
6533 24041 28911 
2484 6465 23207 
1855 10306 11518 
367 11429 26681 
303 304 6463 
481 6828 32420 
1709 2177 11285 
26050 26123 36994 
3322 26566 34265 
2641 31152 34853 
3904 10113 22845 
30670 32617 34876 
1441 1442 34769 
2156 16494 17061 
18689 23432 34856 
10616 15396 16731 
33640 33641 33656 
21995 34322 36562 
4919 8587 30685 
7384 9007 25161 
4224 5753 6463 
1617 4321 12384 
14497 17852 34009 
1903 9232 25282 
4996 26747 34234 
616 5246 15070 
1470 5219 35972 
2332 4681 9283 
20866 31957 33987 
5453 5821 30349 
4418 5858 5859 
29790 34346 34347 
334 335 7363 
7761 34359 35160 
16423 28693 36446 
893 894 14201 
24378 31288 35851 
751 1576 24392 
1451 13936 17457 
13251 23802 32782 
31754 33738 33865 
614 9646 14924 
9916 10830 20192 
7400 8691 18029 
8116 8117 34236 
23725 25679 34961 
9199 30217 33539 
949 5980 28249 
6378 6379 7583 
3004 5786 14256 
3074 3077 4321 
5179 32627 36227 
10257 28433 32108 
28077 32974 32975 
7650 26125 36173 
22230 34396 36404 
18810 18811 34397 
21148 30572 33619 
12525 12734 19778 
2814 4894 26116 
2253 19460 27550 
20033 29579 34407 
18865 31520 34408 
14199 24343 36505 
1740 1940 21060 
9758 10527 15135 
14052 23780 25528 
172 16083 17152 
7739 12408 33827 
13137 15013 31840 
6572 9324 10181 
11969 18039 34139 
12278 33443 35078 
5555 6306 29123 
4547 11828 25610 
7181 27829 31569 
539 1199 29574 
7209 27669 34435 
3714 8325 9522 
2965 5573 17511 
9 3880 34857 
5304 14721 31908 
3740 4172 36370 
11797 13664 34053 
25207 26433 27980 
676 12758 26157 
2228 32249 34028 
10719 16063 37165 
11316 12546 34452 
8639 27605 35455 
666 7097 18448 
6484 10561 17588 
30267 30268 34003 
17667 19761 21497 
9128 34475 34476 
7133 11361 36885 
4832 4871 17399 
9175 13193 20631 
4642 4974 11027 
8222 28233 36504 
2750 23835 35226 
1898 9906 23838 
5694 26141 35458 
10873 23467 29464 
368 3693 17631 
7101 7826 11138 
3161 27853 34164 
1234 1953 1954 
8561 15371 30178 
5527 8088 36519 
3099 7407 25362 
7035 34539 34886 
5551 22606 28035 
27734 30542 30633 
6750 9546 33084 
3132 5325 7388 
32437 33782 34552 
4251 7716 10785 
4272 15672 28749 
22108 34115 35167 
4 51 18024 
3027 3065 18701 
3196 11930 21540 
1644 1930 5089 
273 1354 4864 
6542 6813 14987 
14276 25246 31459 
6001 15783 32862 
1624 2497 36091 
4522 5934 15900 
26582 29769 32993 
4241 5646 9916 
26383 28565 33289 
19065 25136 28677 
1324 9427 34479 
13779 18278 32435 
4979 6047 19059 
7346 11238 31145 
7931 10024 35268 
5721 5722 37123 
4906 5217 8451 
1849 1850 3775 
28890 30821 31586 
159 10264 27132 
13266 29985 35339 
1974 2919 3841 
30395 34617 35233 
5049 15969 18493 
12198 29848 33059 
5996 10984 13039 
19762 19798 34656 
8452 23808 36346 
2649 3137 29500 
494 7934 31028 
606 8061 22518 
29294 32505 35966 
1607 29294 32165 
831 3323 16658 
8695 26068 34658 
5848 11502 34668 
6015 7581 10166 
5695 5696 12730 
14488 20858 34672 
4600 10604 34656 
21157 22391 34678 
171 7754 32715 
11609 21197 34684 
3212 3213 6326 
5379 10396 30970 
13396 22104 24877 
14108 29482 30750 
9643 19080 37668 
4732 11359 35736 
3193 17884 33479 
429 17764 34602 
6339 11685 12811 
22938 33246 33386 
6171 21470 34711 
9028 29003 34856 
8165 9305 10893 
5234 11040 13027 
512 1231 26745 
3144 12169 29773 
5883 8699 11978 
33623 34744 35215 
497 30227 34754 
25780 26863 33537 
6261 12719 14065 
5205 6497 36375 
8750 16140 33145 
4005 4937 36994 
2105 5503 8463 
9896 15248 15249 
2769 8371 34356 
1357 2478 5868 
16782 21323 22663 
1488 10976 35247 
6196 21603 24451 
8 12635 29012 
1107 3954 11431 
283 6110 15391 
15804 22429 28620 
7213 9916 24862 
633 4661 36634 
5994 13927 26438 
3779 3831 10014 
11552 34818 35726 
5975 7111 33873 
1109 3521 33101 
13417 15853 34571 
7270 12299 34312 
2275 2983 34472 
34833 34834 35451 
2794 20085 35167 
1137 29025 33453 
4504 31580 33388 
13570 20723 23599 
30671 32617 34733 
14687 21787 31267 
4475 4476 24287 
26042 34893 35269 
3260 3566 26341 
31504 32544 33295 
10138 10379 15016 
2459 3974 16002 
6980 10854 22073 
28424 33460 34924 
1143 6507 19982 
2655 2656 22596 
6079 25918 35043 
893 2089 16654 
16461 17475 34943 
16427 18379 29343 
5546 10836 32763 
10976 12725 33091 
1337 14055 34540 
9401 29348 32263 
5779 6977 9576 
16243 18332 21230 
4653 7603 33062 
7647 21420 33994 
20503 34302 35394 
8634 18047 33992 
26998 32085 35660 
11192 12509 31868 
9481 34559 34852 
12637 18738 34969 
779 12708 34971 
34983 34984 37107 
1824 32729 35308 
3869 6435 6481 
30645 32485 33004 
26171 26382 27616 
2817 4487 33529 
11623 11624 12636 
3332 4413 35537 
2862 23456 32809 
10577 13138 31840 
231 2851 8519 
5044 12573 25362 
11463 15054 27699 
4162 33584 33850 
5138 6720 15178 
5407 7494 13306 
13053 32036 32744 
9283 15195 28831 
385 4020 9967 
2710 7421 13207 
812 3084 10367 
6021 6176 6726 
18939 20208 28446 
22016 34719 35105 
4844 12248 32768 
3389 6431 18906 
4088 5440 15958 
3412 3818 5195 
12604 24819 35085 
1369 10446 36557 
9296 9685 12655 
515 15963 26541 
4800 11695 15368 
13561 18692 33462 
29049 33117 36521 
1073 1546 23910 
14703 20591 21905 
154 962 15790 
27109 29047 35199 
1709 2474 20402 
1947 28811 34945 
10134 10160 18608 
3259 7334 7337 
4366 6360 35690 
21414 35204 36359 
15937 35237 35238 
6831 6832 9455 
5992 7524 30173 
17787 29616 34678 
9882 22565 35228 
10347 35191 35212 
379 3502 35560 
12887 13711 34169 
12411 35249 35250 
4464 5618 6266 
3660 13585 32912 
2708 6828 7483 
6523 6700 10745 
467 10339 35989 
14796 19803 30228 
25182 35275 35487 
7291 9758 14634 
2100 4558 36950 
6969 34915 35297 
7745 8093 15606 
3879 7643 29373 
21575 33919 37142 
253 2715 7805 
2018 11730 26637 
19972 31456 35328 
4950 11671 35335 
287 9913 13839 
8892 16252 25282 
1097 1632 4244 
7498 23655 35347 
9326 10318 18010 
2784 35355 36370 
12515 35218 35361 
3370 11080 36638 
2373 5787 9180 
21341 29897 34902 
14886 30117 33714 
1825 9997 15599 
3209 4050 35400 
2699 23868 30743 
5515 8162 8163 
3299 31347 35409 
5622 8500 25927 
9590 9591 13866 
9480 17054 28111 
877 15921 17176 
3407 24604 33116 
4494 7910 13737 
4517 8988 16432 
2998 10169 21948 
4611 6898 18873 
821 13236 16293 
36 37 4444 
129 18786 36950 
1491 3653 8688 
7685 26750 34742 
1055 3864 11713 
97 3507 35490 
6715 17879 35411 
3395 7030 8499 
11589 26686 35510 
2321 2816 20938 
20944 26850 34177 
6229 20699 23002 
3505 15619 16080 
766 14446 14998 
14245 22771 36601 
2934 5076 22645 
2812 8653 12465 
7485 24064 26108 
6994 35536 36662 
3044 15012 19012 
139 9952 13455 
7454 12238 24634 
1561 2747 8005 
157 22153 36777 
7220 9295 10417 
801 4554 10652 
2395 3509 19622 
21440 33250 35047 
3660 30445 35419 
7366 32826 34683 
19972 24471 25002 
1600 3747 9624 
859 6042 8573 
8752 16567 20612 
25534 35585 35636 
9413 20806 29475 
574 10114 18573 
2510 12468 23684 
1161 33729 35591 
1184 12475 35535 
5007 10485 21704 
1984 28522 35604 
21866 22827 34434 
11923 16633 34280 
15591 30650 31332 
10629 13385 36504 
1252 5891 8900 
2899 9900 35264 
4715 17331 36672 
3268 25526 32258 
3276 26704 35953 
1653 13765 27346 
6973 33834 35420 
4147 9225 24282 
35652 35653 35979 
4029 10433 10945 
1222 2806 35395 
11341 11998 12687 
8458 8459 18398 
8029 9950 12454 
153 16490 35608 
812 904 16010 
399 423 4177 
21356 31755 35372 
5839 18774 35925 
2382 15244 33415 
9206 19658 36651 
6311 24739 34579 
1976 33464 33507 
9254 14042 35710 
5331 13682 24112 
432 18630 35699 
2338 4787 5268 
1346 13818 37300 
7174 34642 35617 
13847 30275 36583 
655 3490 25837 
3925 18900 37178 
368 23029 34779 
1361 1630 2287 
1665 3478 35716 
6739 7282 16100 
2609 29361 35479 
12924 13102 35511 
32830 35766 36481 
2529 26239 34053 
10194 16440 31363 
8207 11250 33716 
2363 19665 20412 
580 6102 6753 
267 1614 17643 
3808 5543 35660 
10671 10732 36268 
2008 11444 37588 
18463 25350 33649 
850 4539 32961 
4229 10006 33947 
2393 2572 36722 
2475 22467 35797 
11450 19378 34769 
2069 3746 24842 
33746 35518 37380 
895 896 5167 
11885 33934 36592 
35704 35812 35840 
11348 27510 35804 
3005 3006 24740 
3898 15440 18905 
343 11427 35741 
981 2770 35773 
3322 5158 31904 
7810 21611 35666 
950 1142 1916 
11261 15477 35414 
19538 25710 34931 
7626 10910 18748 
9097 32236 35855 
7618 7765 31991 
1622 7468 8013 
2339 11952 15418 
2823 7614 7615 
27509 32601 33677 
3577 9480 35862 
12344 35883 36092 
23447 31608 34434 
11050 17183 35487 
11099 18007 34853 
19451 19751 34886 
2419 2420 10081 
14618 22519 33113 
5203 13654 35919 
22050 32443 36586 
16171 26261 35786 
5454 5455 20017 
4321 12069 21967 
9678 17948 37253 
3920 4140 34249 
1170 2235 6623 
18680 35952 37480 
7320 7486 15849 
11508 13942 37545 
17890 35982 36160 
31364 35167 35983 
1513 8170 35081 
3254 12374 12452 
138 15366 24989 
827 1995 34395 
1633 36003 36004 
11140 21009 31559 
13215 20597 36020 
3526 10005 33659 
17442 24140 35493 
2182 4260 12803 
1746 14539 33258 
16126 36029 36531 
27441 34779 35858 
11968 36039 36209 
7764 7765 20297 
392 8288 10863 
16628 21231 31055 
5699 6132 7910 
1091 22886 31987 
2910 10463 17012 
3923 18767 25282 
11254 17443 29622 
788 10471 32760 
150 5294 11879 
33792 36080 36081 
4414 27523 33172 
13109 15052 36162 
1054 3355 35961 
1259 2738 36131 
2979 34480 35079 
11278 14124 15238 
1709 1866 9143 
13966 34798 36143 
23767 24145 36144 
6357 36052 36469 
19589 35807 36159 
1781 3857 30228 
1516 7963 26020 
4173 5977 28811 
1356 1666 2699 
1791 1792 3239 
1688 12402 34248 
21347 26294 36226 
20275 25502 33219 
20802 36233 37433 
1582 33862 36206 
5636 23282 23323 
646 12365 33220 
992 6984 14735 
13668 33333 37116 
8231 12321 26827 
5940 7455 20254 
6705 9817 35734 
6638 13136 30473 
7199 17997 36271 
1508 10706 12363 
3597 10919 36915 
6632 18332 36350 
539 4655 7909 
5417 13257 20876 
13099 18444 34901 
1249 5787 26815 
29527 35148 35251 
16815 29272 36139 
8605 13243 18170 
7292 22998 35757 
436 1615 18242 
14933 21803 33885 
18320 22214 23774 
6269 36344 36429 
727 14213 33894 
33022 34496 36434 
4375 4443 5773 
7158 15231 33078 
244 6713 36461 
2847 7221 33851 
1367 1818 8122 
3510 9912 33004 
6867 9455 36348 
17217 32413 36479 
3509 20065 21180 
1221 27719 29467 
7014 7015 34241 
4970 13026 18587 
3841 15841 24293 
20033 20196 36523 
7148 7268 33163 
20216 33516 33522 
29323 32157 37244 
6154 10593 36552 
10135 36478 36556 
6910 7955 9172 
25934 28376 36465 
9422 16655 30896 
5315 11031 34656 
18313 28198 31031 
1098 10253 36525 
21953 26544 36631 
5567 15785 36647 
1124 4658 30703 
10334 16994 36626 
29164 36666 36815 
8134 33905 36671 
2465 3454 28048 
384 6625 16658 
2107 2108 11654 
4829 36689 37565 
173 1492 25675 
20034 36674 37087 
10339 22318 35568 
8737 36717 37232 
26915 36703 36872 
2001 19308 31405 
28518 33381 36566 
417 8928 14261 
1102 10377 15568 
27925 28220 36376 
8571 10324 34255 
6061 11565 27711 
13170 17839 35651 
24954 27019 35277 
6467 29075 33994 
1266 5319 34694 
4047 19998 24884 
14228 18037 18038 
26591 35191 36702 
9207 22362 36651 
4183 7121 27560 
14601 15241 33847 
13074 28193 36594 
9134 27959 36827 
11274 12035 34134 
25606 35243 36921 
1003 23292 36983 
34368 36852 37286 
11441 30234 35744 
2298 7459 11300 
364 30640 36741 
32038 36868 37109 
12439 19246 20007 
30379 36666 36844 
11966 15902 36950 
13187 33467 34800 
6443 32555 34440 
13559 16289 23448 
3824 6366 7286 
4957 7910 20879 
15268 36948 37033 
11330 35660 36277 
11126 30670 36900 
2188 25362 30520 
7713 10298 36416 
11218 17823 25615 
14937 34085 37028 
339 3925 6718 
2722 9358 30830 
247 248 1132 
37069 37070 37112 
6896 21144 30716 
1336 1338 35167 
7042 12304 30964 
1852 11898 33543 
20866 22131 37111 
31685 37114 37467 
641 9190 19466 
59 1813 37145 
1378 3005 28927 
2927 37161 37268 
1466 2387 8696 
6281 9667 35267 
2865 32910 35263 
2506 2684 10457 
4014 4112 8625 
7620 13842 32434 
6210 6432 14374 
19446 19713 34991 
4291 11936 14936 
4639 5034 8068 
14940 24840 33292 
18102 32655 37527 
324 1477 34818 
18289 18464 30248 
17312 30246 37063 
7628 22141 37613 
17643 22547 25167 
3288 7546 35817 
1121 5380 9030 
11386 17287 36915 
14590 23463 34985 
3646 6944 30749 
16147 16156 24134 
5307 31819 35857 
13936 31556 36670 
28933 36153 36558 
326 5947 37390 
15588 23086 37395 
1877 17682 30233 
7550 19929 37455 
2139 4288 8189 
30303 35736 37432 
6260 23152 37477 
23828 29074 32112 
2820 34736 37451 
28525 33736 37496 
1388 21024 21470 
7189 15998 35985 
10655 14880 31640 
6192 7306 8763 
33401 34436 37543 
8662 36370 37534 
10495 33306 37564 
17661 27394 32889 
5058 18363 37142 
8665 21007 37607 
25698 26433 35364 
25276 36335 37663 
1635 14998 37670 
2373 3922 37307 
2804 26171 37651 
5026 29593 34169 
13078 14337 29653 
4916 5746 23629 
20200 27461 27703 
3356 7000 34541 
2408 11931 14704 
4040 5866 31682 
5325 5686 24923 
11430 27578 32083 
9793 36481 36907 
11443 14963 34617 
3254 14541 20426 
692 6100 10583 
296 297 312 
