2067	3125
2632	62
3149	62
922	57
2785	1165
2745	2773
2785	3150
3151	2370
2768	484
3089	2971
2067	2971
2632	484
2785	484
2785	3152
2785	3153
3154	3153
3154	2773
2351	3125
2785	2786
2745	2786
3117	4
3155	2370
2540	3156
2745	3094
3157	2576
2546	3094
2745	4
2067	1165
2745	484
3157	3094
2092	3094
2067	2786
2785	3158
2745	1165
1821	1165
2785	1495
2785	4
3159	2971
3160	2971
2745	2971
3089	2769
3089	4
2067	484
3089	1453
2789	484
2745	626
2836	1165
2745	3161
1925	1165
2745	1924
3162	1165
2785	2773
2745	3163
1925	3125
2745	3125
3023	3125
2566	3125
3164	2773
2785	3125
2540	6
3126	2370
2785	2370
2785	1453
2789	1165
2745	1453
3165	2386
2067	813
2697	4
3089	484
3089	2773
3166	4
2067	2893
2785	3033
2745	813
2697	813
2632	2186
2632	1165
3101	2971
3034	3033
3034	2773
2127	1786
2646	150
2977	2971
2632	2980
2785	2576
2745	2576
2546	2576
2632	2773
2785	2971
2546	150
3021	3022
2745	3022
3023	3094
2785	3094
3157	2773
2546	1165
1821	3022
3023	3167
3168	2820
3023	484
2351	1935
3019	3169
2745	1495
2745	3170
2067	3170
1821	4
2067	1495
2785	3171
3172	4
2318	4
2067	3173
2745	3130
2715	1165
2745	3171
2067	2617
2616	1786
2646	2617
1821	1495
3056	1165
1821	2971
2632	1495
3126	3130
3174	484
2785	1935
3019	2773
2679	3066
2986	2773
1030	2494
2495	2898
2134	2898
1925	2011
1925	1924
2546	484
2854	484
2546	3175
1235	3175
3176	3175
2134	2494
2646	3177
3023	539
2456	1165
2540	1165
2134	1165
2351	1495
2986	1495
1821	3178
3179	868
3180	868
2854	1165
2745	3181
2067	2494
2745	2494
2495	4
2495	2769
2768	1495
2546	1051
2318	2576
2495	2494
3126	2494
3182	1165
2745	3183
3184	2773
2785	3185
2134	3083
2745	3083
3164	3186
2796	1165
2745	3186
3187	3186
2127	626
2836	150
1951	3150
2836	3150
2745	3150
2796	3125
2127	150
2745	150
2785	150
3188	3189
2836	3189
3188	626
2785	2388
3089	1165
2785	2011
2973	3189
2745	3189
3190	3189
2850	1215
1235	3189
1235	2576
2546	3191
2191	626
2836	151
2191	3150
2646	3178
2785	3192
3188	3193
2495	2773
2785	3194
3176	3194
2836	3194
3195	626
3196	150
2127	3191
2745	1882
2785	2494
3089	2494
3197	626
2785	626
2067	3194
2785	3198
2546	3189
2785	3189
3188	2576
3199	868
2854	3200
2785	1950
2836	3201
2067	2773
2785	3201
3197	2773
981	3201
2745	3201
2745	2851
2134	1950
2092	1950
1951	2773
2836	2882
2796	626
3202	2851
2879	2851
3203	2851
3047	2851
3023	2851
2850	2851
2850	2135
2351	2851
2546	3204
2745	3204
3205	2576
2546	4
2785	151
2191	3206
3176	1165
2745	3206
3006	2114
2745	3207
3208	2576
2546	3207
3209	3210
2134	3211
2785	3212
2024	1670
2745	1670
1671	1165
2127	1165
3213	1165
2745	2370
2785	3214
3215	2773
2540	3216
2540	2678
3217	2370
2351	2971
2546	2971
3126	2971
2434	626
2745	3218
2836	3218
3219	3170
2510	2576
2546	1604
2632	2058
2745	2058
1671	1670
2067	3178
3220	1165
2745	3192
3220	2494
3220	2058
2546	2011
2134	2919
2546	2919
2745	3061
2785	1820
2190	3221
3222	1022
2785	3223
3220	3186
2785	3186
2495	3192
2745	3053
3224	3053
3225	813
2697	3178
2249	3094
2745	1662
2745	3226
2546	3186
1235	3227
2836	3130
2745	2678
2836	3178
3225	2011
2134	3178
2745	3178
2745	3228
2067	3229
1592	1662
2632	1662
1592	2971
2275	2192
1821	1215
1235	1495
2632	3230
2540	3125
3187	4
2249	2882
2067	3186
2495	3231
3187	2370
2540	3229
2540	3232
2745	331
3023	2370
2540	3233
2785	3233
2318	3231
3179	3231
2889	3231
2889	3186
2785	3234
2067	3234
2646	3022
3023	3022
3235	3022
2632	3022
2540	3022
1235	3236
2540	4
2785	1501
2249	3186
3237	2576
2546	3061
2785	2820
3168	1165
2745	2820
2546	2773
3238	3186
2745	3239
3240	3241
3242	3243
2546	883
2785	2882
2796	883
888	2882
2540	2882
3244	1165
2854	3245
3246	1165
2745	3245
2836	3245
3247	3245
2632	1924
2745	3243
3248	1165
2540	3249
3250	2773
2785	3074
3248	2011
2134	3249
2632	3245
2785	2114
2745	3251
2785	3245
1235	3022
2318	1051
2768	1051
3252	484
1235	1215
2632	2971
3253	2971
2632	3254
3253	1165
2745	7
2887	7
2318	2769
2768	2370
3165	1022
2785	1022
3165	2773
3023	1165
1886	2773
2973	3125
2540	3245
2745	2769
2768	1165
2745	3255
2887	4
2632	4
2205	3140
2540	2974
2434	1165
3256	3140
2854	3140
1671	1786
2646	3140
2540	3257
2540	3258
2836	2011
2134	626
2745	2011
2134	2971
3259	151
3260	1165
2540	3137
2745	3137
2249	3261
2745	3261
2745	3230
3262	1165
3023	3263
2566	2565
3264	3265
3023	3265
3264	2011
2134	1022
2745	3266
2632	868
2854	3267
3268	2971
2067	3267
3264	1022
2745	3269
2745	3270
2745	1950
2067	1950
3271	2011
2134	3272
2540	2370
2540	2773
2745	3273
3274	1165
2745	3275
1235	626
2836	2370
2134	2370
2540	626
3276	626
2836	626
3126	6
2745	6
2785	3275
3274	3273
3274	2370
2540	3273
2785	6
2785	1997
1925	2370
2540	3277
3126	2192
2745	2192
2275	6
2540	2011
2105	2773
2745	1997
2785	3278
2540	331
2249	2370
3276	2678
3217	2678
3217	1165
2745	3279
2105	2370
2540	1997
2540	3280
2540	246
3281	3282
3283	626
2134	2011
2134	331
2249	2011
2540	3171
3284	1495
2249	1165
2495	1165
2191	2773
2785	2948
2970	2773
1821	2773
3285	3266
2302	3171
3252	1215
1235	3171
2249	3171
2190	3171
3056	3171
2495	1924
3284	3286
3284	2192
2190	3286
3287	1165
1925	2769
2540	3192
2134	1924
2745	3132
3131	3288
3289	3288
2540	1924
2067	1924
3126	1924
1925	6
3126	1165
1886	2011
3126	2011
2134	6
3131	2882
1886	6
2785	3273
2134	3290
3260	3290
3217	2011
2134	7
1886	1165
3287	2769
1886	2769
3242	2135
2351	3241
2745	3291
3023	3291
1886	1604
2745	1604
2510	1604
2510	1165
3164	1165
2540	3255
3292	2370
2836	3243
2067	3293
2745	3294
2785	3295
2745	151
2191	1165
1951	2882
3296	1215
1235	3297
2785	3298
2796	2882
2745	2882
2796	1950
3246	2370
2785	3299
1925	2773
2889	1165
2632	3300
2796	3231
2745	3231
2889	3301
1925	2851
3302	2851
2850	3141
3056	1924
2857	1935
2745	1935
3019	1165
2302	1924
3284	1165
3284	2370
3303	2494
2191	1924
2292	3192
2540	3266
3284	3266
3304	3266
3284	3305
2127	3305
3304	150
2646	3306
1925	151
2495	3307
2546	2786
2540	3308
3126	2964
2540	3309
2546	2370
2796	2370
2540	3061
3225	1165
2540	3178
3225	2370
2540	2769
3117	2576
3117	2786
2510	2494
3276	6
3225	3178
1925	2576
3310	2370
2540	3311
2191	2192
3276	1924
3117	1165
2540	2786
2836	2192
3126	2786
3117	2494
2495	2786
3117	2370
3237	1165
3312	1165
2351	2786
3117	2773
2546	3245
3313	1165
2745	3314
2745	3309
3315	3309
3315	1165
2105	1997
2127	3316
1235	2786
2785	3317
2351	1835
2127	3318
3302	3314
3313	3318
3319	1786
2646	3316
3320	1786
2646	3321
2745	941
942	1165
3320	2971
2646	2971
2540	2971
2632	3321
3322	1165
2745	2800
2801	3314
2785	1786
2646	2773
2785	2769
3287	2773
2745	3323
3322	3323
2801	2800
2836	2800
2801	626
2745	3324
3313	2800
3322	3300
2190	1165
3126	2773
2767	3300
2801	3325
2745	3326
2996	1165
3327	1165
2996	2370
2745	2995
3328	1165
2745	3329
2292	1165
2745	3005
3330	3331
2632	3332
2292	1786
3287	1786
2646	1786
2745	1786
2646	3132
3131	2733
3322	3333
3334	3332
3334	2971
3126	90
2745	90
2134	90
2540	3335
2745	3336
3284	2494
2127	2494
2745	3337
2092	3266
2646	3338
2134	3338
2745	3338
2887	1165
2801	2971
2745	3339
3284	2114
3126	2114
2745	2114
3237	3340
2351	3340
3341	3061
3276	3061
2632	2800
2540	2800
2632	3231
2127	3342
3343	150
2540	3340
3237	3061
2067	3061
2801	4
2067	2800
2745	3344
2127	2882
2801	1165
2191	2800
2850	2971
2632	2851
2745	3345
3346	4
2067	3347
2745	3347
2745	3140
2646	3061
3237	331
2249	3061
2249	2800
2801	331
3276	1165
3348	1165
2745	3349
2134	3350
2745	3351
3131	3352
2540	3351
3353	1165
3131	3354
2632	2370
2540	3354
2745	3355
2632	3355
3356	3355
2495	3355
2745	3357
2836	3358
3359	150
2127	3358
2646	4
2540	3360
3165	3083
3085	1022
3165	3361
2879	404
2745	404
3126	404
2745	3360
3362	2370
2632	6
3089	6
3126	484
2540	2245
3363	813
2697	3364
2879	6
3126	3365
2836	2971
2697	2971
2745	47
3327	47
3366	1165
2745	3300
2745	3364
2540	3364
3363	3364
3363	2370
2745	733
2854	3178
2351	3178
2471	3178
3225	1786
3367	3368
3369	3279
3276	3370
3371	626
3369	626
2836	3372
3371	3372
3322	484
3367	1165
2646	3373
2302	1165
2540	3299
2351	3374
3260	3266
2546	2882
3375	2882
3367	484
2546	2851
2540	3290
3260	2370
3131	3338
3322	3338
2632	2882
3376	2882
2540	3377
2191	2882
2092	2882
2796	2576
3284	3338
2836	3300
3378	2773
2540	3379
3220	3206
3176	4
2067	3206
3380	3206
3327	626
3327	3300
2540	3381
2351	3300
3287	2882
2796	2769
2646	2769
1886	2370
2540	3382
2540	3383
3284	3384
3385	2576
2546	3381
3131	3386
3276	3386
2067	2733
3247	3192
3284	3132
3131	3132
2067	3132
3131	2370
2745	3387
2540	3387
2745	100
3217	3279
3217	2882
3388	626
2836	3389
2745	3390
3359	3390
2745	3391
2745	3392
3393	3392
3393	1165
2745	3394
2796	3395
3396	1165
2745	3397
3398	1165
2745	3399
3242	3266
3284	3400
2127	2766
2745	2766
2854	2370
2540	3401
2134	3402
2745	3402
3403	1165
3404	3405
2745	3405
2540	3406
2836	3407
2540	2601
3408	1165
2745	3409
3284	3275
3410	3409
3408	626
2836	3411
3412	626
2836	3413
3408	3266
3217	3266
2836	3383
2801	151
2067	4
3246	4
3414	2678
3415	2971
2632	3416
2745	3321
2745	2987
3276	3417
3047	1165
2495	3418
2546	3418
2351	3243
2134	1737
2745	1737
3419	3140
2745	3420
3276	3279
3276	2370
2540	3279
2632	2666
2667	2666
2745	3421
2546	3338
2836	3422
2667	6
2745	2666
3423	1165
2667	1165
2067	2320
2275	2320
3424	1786
2646	3425
2745	868
3426	868
2745	3427
2745	3428
1235	3428
2745	3173
2745	3429
2745	3430
3284	3431
2495	2577
3432	2494
2745	2577
2646	2800
3415	1165
2745	3433
2495	3433
2745	3434
2067	3434
3415	3434
3435	1165
2745	3436
2546	3436
2745	3437
2745	2974
2986	626
2836	3428
2334	1174
2540	1882
2715	2370
2745	3146
2768	3130
2785	3438
1925	2823
2540	3439
2134	3440
3276	3441
2745	3441
2540	1604
1925	3441
1925	3439
2510	3441
