82 1833 5885 6713 7551 7689 
46 4983 5886 6273 6746 7131 
257 5887 6064 6802 
5888 5889 6034 6035 6056 6211 6267 6622 6856 6957 
540 3201 5890 5891 5960 5961 6388 6764 6765 7088 
5892 5893 6270 6842 
5894 5895 7126 7245 7298 
2462 3292 3293 3489 6038 6680 
5898 5899 6907 6908 
3148 3359 5848 5900 5901 6249 6250 6491 
973 1498 2095 2442 3561 6367 
169 536 1089 1144 5904 
128 472 1061 1347 1682 1685 1823 2898 3099 5610 5833 5907 5969 6076 6077 6237 6596 6791 
222 344 762 934 942 3034 4334 
77 78 149 895 
495 5910 6517 7038 
778 3292 4520 4712 5911 6053 
946 5914 5915 6234 7250 
355 3079 3381 3420 
1378 1924 5173 6335 7324 
169 1144 1155 5552 5920 
5445 5921 6048 6049 6094 6095 6411 6591 
412 474 3117 3411 3534 5924 5925 6462 6786 
1367 3506 4008 4606 5466 5926 6646 
37 76 156 337 522 695 942 1056 2417 3257 4625 5800 5932 5959 6215 6260 6837 
4399 4412 4427 4789 5927 6021 6022 6043 6131 6318 6642 
70 1163 1412 3106 5075 5076 5221 5424 5425 5453 5928 6029 6768 
190 2052 5718 5930 6196 6725 6726 
1467 3022 5931 5938 
257 536 923 2534 
596 4919 5494 5934 6387 6551 6637 6650 6751 
44 84 90 302 647 648 992 1050 1384 2451 5214 
4873 5596 5935 7060 
16 150 762 1526 2264 2344 
5936 5937 6784 6851 
314 1124 5939 5944 
5940 5941 6296 6427 7425 
1307 5943 5944 6402 6403 7366 
216 886 1155 5945 7693 
1077 2748 4183 5946 6819 
813 5949 5950 6892 7138 
1666 5951 6717 7043 
51 52 1137 5952 
387 388 790 4394 4483 5651 6555 
770 2102 5953 6580 7432 
1661 1662 5954 6501 6922 
4713 4797 5955 5956 
582 1208 2651 5962 5963 
5964 5965 6604 6615 6744 
4145 5854 5966 5967 6147 6774 7538 
984 2818 3643 6610 
32 627 1128 2134 5750 5968 6004 6025 6128 6129 6179 6300 6414 
371 3472 5970 5971 6298 6859 
972 1571 5973 5974 6779 6780 
5975 5976 6362 6741 
32 4505 4506 6673 6674 
5977 5978 6321 6322 6878 6916 
5981 5982 6158 6777 
536 1089 1363 2133 5984 
14 798 1366 1763 1764 4948 5633 
254 2148 2404 3673 4831 5985 7013 
82 116 1833 3154 3781 4556 5099 5317 7268 
410 5986 5987 6019 6200 6766 
175 384 515 1690 5988 6154 6752 6814 
2639 5989 6132 7120 7426 
4387 5990 6219 6220 6221 6222 6691 6736 6737 6899 
966 984 2985 5635 5991 6953 7173 
644 5992 6197 7054 
1823 5751 5993 5994 
2276 3761 5995 6503 
5996 5997 6731 7174 
5999 6000 6995 6996 
317 993 4467 6003 
304 1105 1106 2690 6005 
3292 4520 4618 4712 4811 6007 6097 
892 3899 3944 6008 
394 395 573 1408 1548 2495 6432 6920 6999 
169 1114 1144 2142 2532 3725 3954 4106 5951 6378 6500 
3600 6011 7015 7674 
308 617 618 2606 4535 4686 
2410 4460 6012 6013 6480 6588 
6015 6016 6090 6135 6152 6247 6248 6279 6332 6333 6350 6351 6682 6852 
3027 5661 6867 6868 
6017 6018 6051 6052 6165 6194 6195 6342 6439 6481 6538 6648 
410 6019 6020 6397 6671 7117 
6023 6024 6356 6525 6526 6759 
3297 3534 3974 4950 6026 
4169 6027 6028 6136 6137 6170 6181 6281 6291 6313 6314 6552 6557 6656 6690 6767 
6032 6033 6060 6061 6083 6084 6133 6315 6319 6706 
72 648 3516 6036 
1644 3251 3252 4522 6742 7029 
349 2668 4989 4990 6037 6347 
4259 4353 4575 6116 
68 156 2417 3103 4625 6039 
3489 6040 6143 6198 6328 
441 6042 6482 6483 
849 1015 2278 5676 
82 151 1809 1833 4005 7689 
1253 2589 2636 6888 
1125 4163 6054 6055 6258 7020 
2037 3984 4088 6057 6352 
524 765 3124 3299 6345 
1104 1288 1353 3777 6065 6066 6088 6146 6180 6216 6316 6450 6470 6477 6489 6550 6601 
6067 6068 6118 6499 
6069 6070 6534 6535 
6071 6072 6370 6843 7459 
935 6073 6371 7331 
3884 3885 4233 6078 
192 1210 4154 6079 6204 
382 698 5844 5845 6080 7430 
913 1151 1718 1719 2947 3708 6081 6472 
293 648 2247 3399 6082 6889 
573 1367 4606 6085 
6086 6087 6203 6424 6670 6701 6848 
824 1148 1962 2215 3725 4960 
216 1124 4093 6091 
6092 6093 7390 7490 
176 888 4670 4671 
1717 2211 3331 3332 3741 6568 
803 6098 7048 7098 
4608 4676 4838 7462 7498 
1605 2087 3219 3282 6173 
176 646 2417 4159 
6100 6101 6171 6562 6825 
2504 6102 6103 6259 6614 
387 790 954 992 1026 1719 1742 4725 5785 6193 6302 6685 
4687 4688 5745 6458 
257 1251 2021 2757 
24 471 1333 1448 2277 4250 
1771 6113 6114 7108 
78 435 682 4882 
1253 1254 3764 6800 
122 704 966 5639 5675 6115 
317 992 6117 7448 
91 3035 3795 7273 
6119 6120 6745 7682 
1071 3787 6124 6449 7203 7214 7411 
116 591 718 3027 7158 
3289 3446 6125 6126 6632 6875 
388 1127 1128 1837 2719 6127 
533 1269 1379 4853 
44 759 6130 6373 6374 
409 3179 3229 3294 3295 3468 3607 6375 6511 6546 
6138 6139 6594 6595 6700 6750 6860 
4616 4736 4737 6191 6192 
3489 4697 6038 6140 6434 
587 4376 5186 6141 7118 
116 151 517 952 1735 6142 
151 855 2825 4740 
32 1093 2782 6144 6145 
1092 4934 6150 6556 
155 4568 6151 7066 
6155 6156 6334 6398 6399 
2994 6159 6160 6986 7000 7200 
6161 6162 6474 7410 
4138 5924 6163 6164 6871 
6166 6167 6972 7338 
1682 1823 2445 3099 3351 3379 5751 6172 6188 6246 6569 6596 7023 
2050 2093 2094 4864 
952 3154 3781 6176 6961 
6177 6178 6566 7352 
2220 2769 5746 5747 6183 
884 1089 1090 3112 6184 6185 
75 327 365 1129 6186 
4417 5249 6189 6658 6659 7230 
151 152 952 953 1193 3710 
2128 2129 2481 7202 
315 518 913 3754 
103 1367 1952 2393 6199 6490 6638 
34 47 946 3009 3346 7191 
16 122 224 6310 6796 
6206 6207 6385 6504 6506 6712 6789 6946 
6189 6210 7444 7570 
3012 6213 6214 7344 7624 
34 946 3487 3488 
6223 6224 6366 6510 7075 
6225 6226 6271 6272 6740 7065 
1367 3913 6228 6232 
3023 3024 6229 6230 7040 
2129 2561 2562 6231 6918 6919 7244 
447 3348 3729 3730 5263 5634 6233 6707 
47 336 2026 2385 3328 6417 
4264 6235 6236 6358 6359 6808 7186 7417 
1154 1372 1373 1684 6240 
3549 4036 6241 6242 7473 
19 151 6243 6451 6452 
1350 5170 6244 6620 6621 7006 
258 951 2296 2297 
5444 5800 6245 7563 
3293 4856 6400 7517 
1071 3029 3260 3262 3436 3691 3692 
6251 6252 7030 7431 
3540 3541 4692 5382 5586 
2290 6263 6264 6681 
188 1936 6265 6266 6934 
674 2208 3732 3978 5580 5799 
3819 4123 4415 6269 
1033 4718 4810 6923 
257 266 278 2534 
100 5626 6274 6684 
6024 6275 6276 6360 6361 6886 6895 6896 
317 892 1155 6277 6278 
3819 5649 6280 7494 
3589 6284 6602 6641 
82 3570 3571 3946 
1321 1347 3389 4900 
6288 6289 6973 7049 
778 3343 4378 4856 4911 6292 7249 
627 892 3899 6293 
910 1037 6616 6732 6952 
754 755 819 990 
24 437 471 984 2277 2756 6307 
3540 4850 5382 6309 
308 617 2682 3890 6584 7135 
6311 6312 6675 7403 
1722 5223 6320 7360 
6323 6324 6380 6383 6384 6454 
222 942 1729 4785 6329 6486 
6330 6331 6512 6513 6788 7058 
665 3615 4195 6805 
32 176 488 6404 6540 
6336 6337 7251 7416 
6338 6339 6342 6689 7127 
976 1417 4213 5770 6341 6521 
1887 6348 6722 7379 
1656 1657 6349 6643 
6353 6354 6558 7240 
1660 6355 6630 6631 7053 
1207 1252 6357 6757 
4537 5290 6369 6581 
4542 6379 6608 7067 7388 
51 3086 5027 5517 
6389 6390 6678 6785 
6391 6392 7345 7580 
6394 6395 7443 7548 
81 4988 6396 6649 7242 
82 116 134 215 1151 
1423 2341 6854 6855 7009 
6407 6408 6698 6699 
44 260 759 7392 
30 1979 6412 6413 
103 370 1276 2044 4154 7050 
1307 6402 6415 6416 
6419 6420 6495 6496 6647 6733 
8 813 5950 6890 7493 
6425 6426 6455 6456 6509 
314 913 3396 3754 6991 
6435 6436 6457 6471 6587 6592 6593 7282 
3361 6437 6743 7540 
1711 1808 3771 6494 7064 
109 289 313 2446 
1155 3560 6003 6442 6475 
103 280 6443 6444 
292 616 1571 4448 
984 4008 5112 5466 
192 488 2267 7092 
1719 3708 4246 4837 6826 
2717 6460 6461 6463 6464 
372 6465 6466 7188 
5981 6467 6776 6777 7033 
176 266 278 362 478 888 
5911 6484 6485 7658 
1367 1951 4606 5159 6099 6539 
570 1069 1467 6520 
278 362 413 488 1142 3503 
6497 6498 7414 7415 
722 1750 5018 5185 7568 
2208 2296 4035 5819 6502 
122 704 2249 2609 5639 5780 
935 3770 4283 6559 7531 
51 1137 2372 5209 
1015 1948 4976 5467 7026 
5738 6516 6517 7320 
158 274 633 997 4961 5200 6521 6522 7074 
4777 5281 6523 7277 
1270 2011 3049 6524 
6529 6530 7007 7365 
718 3027 6531 7222 
1063 2011 3049 7343 
2225 2394 2739 6536 
5225 5226 6879 7274 7275 
84 771 1209 4633 
2748 4397 6541 6950 
19 151 152 1244 5152 
151 152 952 953 1673 5333 
5830 6544 6545 7460 
286 569 3078 3585 
1616 6553 6554 7335 
819 990 6560 7334 
921 1151 2170 2558 4370 
1971 6570 6749 7001 7532 
199 801 6575 7231 
789 992 2033 6582 
1282 5416 6583 7317 
789 2192 2406 7306 
6599 6600 7063 7247 7281 
1071 2337 2338 3586 5300 
770 1794 2102 2130 2652 3359 3518 4750 5154 
646 3464 3647 6607 7332 
3154 3781 6611 6612 
2167 2624 6617 7536 7558 
1719 4246 6618 6853 
163 3307 4041 4243 6619 6758 6917 6955 
374 3093 3937 6625 
187 6626 6627 7619 
6628 6629 6666 7296 
357 2896 6633 6634 6885 
6635 6636 7304 7305 
51 1468 2171 2372 6639 6688 
2775 6640 7393 7394 7447 
4472 4955 5324 6418 
2482 6645 6960 7057 
517 573 1761 3427 3614 
252 384 5871 6820 7103 
151 2393 2614 6652 6989 
179 3389 6654 6655 6662 6663 6679 6797 6971 
410 1690 5472 6667 
6668 6669 7337 7542 
151 152 169 1144 2790 
3425 3976 4069 5860 
103 1937 2550 6945 
819 985 6154 6697 
6702 6703 6915 7010 7216 
2162 2555 2604 6817 7577 7638 
115 816 3600 7367 
3489 6734 6735 6863 7243 
6738 6739 7022 7283 
4075 4390 5006 5230 7129 
750 952 3973 7167 
750 4317 4503 5773 
1338 1509 7284 7533 
3448 4030 6762 7512 
4187 5929 6763 7452 7501 
1567 5462 5588 7166 
1727 3929 5332 6769 
90 91 384 2927 3405 
31 462 1113 7629 
15 6787 6823 7698 
702 1061 1062 4020 6790 
6792 6793 6969 6970 
6794 6795 6798 6822 
1824 2540 2647 7579 
2479 3058 6799 6801 7309 
639 6813 7312 7380 
6815 6816 7035 7187 
2021 5520 5819 6644 
42 921 1151 6824 
651 6827 6921 7161 
2835 6832 6833 7256 
886 1155 3769 6278 7693 
6846 6847 6881 6882 
3655 3656 3996 5561 7253 
4163 6861 6862 7731 
28 3392 3493 7310 
4786 6873 6874 7134 
557 3357 4908 7330 
4855 6876 7125 7288 
1673 3302 3977 5333 6880 
892 920 1479 7534 
417 6883 7506 7625 
4417 6127 6891 7412 
4 777 6897 6898 6988 
5679 5680 5701 6905 
6911 6912 7069 7150 
317 587 892 1716 5130 
3438 3630 3991 6933 7076 
3494 3630 6933 7461 
6930 6931 7176 7246 
362 475 587 3808 
1705 1804 6938 6939 
5481 6943 6944 7319 
6950 6951 7018 7019 
42 6067 6954 7673 
151 237 1207 2005 2060 2305 
3376 3377 3625 3626 
984 2818 3214 3223 
6962 6963 7083 7084 7178 
3193 6965 6966 7149 
6967 6968 7039 7225 
2566 3897 6980 6981 
531 4776 6987 7488 
280 687 2170 6443 6989 7090 
72 2269 2733 3930 
6583 6990 7234 7285 
7004 7005 7087 7497 
151 517 2006 3089 4097 
647 4942 7025 7059 7213 
90 252 384 410 3204 
209 3642 3731 7028 
1036 1207 1743 7047 7671 
819 4827 4828 5286 
6809 6810 7061 7062 7575 
587 935 1331 2353 3463 
533 4853 7081 7703 
1824 5473 5688 7082 7199 
65 192 5195 7457 
21 349 1747 1757 
6851 7093 7094 7180 
1778 7095 7096 7263 
370 1448 7520 7653 
156 751 7112 7485 
84 648 1209 7133 
7136 7137 7192 7193 
475 570 5835 7139 
7151 7152 7347 7521 
279 3141 7153 7351 
51 1137 5517 7552 
7169 7170 7171 7477 
278 317 362 1142 5505 5540 
163 5798 7591 7692 
5957 5958 5983 6287 
103 739 1093 1094 6099 
7209 7210 7368 7578 
5750 7259 7260 7595 
6342 7264 7265 7353 7492 
82 1833 3021 3571 7689 
37 646 1672 3464 
196 882 7449 7467 
1319 2417 7313 7332 
1015 5467 7363 7364 
2305 7378 7543 7620 
218 433 2059 2738 7390 7391 
1276 2044 7409 7519 
158 947 997 7539 7618 
1673 3303 5333 5849 
256 5000 6418 7398 
1660 1820 4205 6111 
2906 7480 7481 7699 
1473 2805 3777 3778 
675 3075 5827 7515 
151 152 2393 2825 5575 
1069 7565 7607 7656 
587 892 920 4760 
323 1378 4922 6438 
257 1251 2534 6729 
648 2748 4237 4504 
1139 3792 4173 7164 
1119 2830 4648 
5902 5903 7668 
5905 5906 7113 
2305 4409 4410 
5033 5912 5913 
949 5597 6831 
5916 5917 6453 
5922 5923 7182 
524 5947 5948 
4279 4303 5972 
2989 5979 5980 
975 1417 5998 
5441 6006 7562 
468 4742 5357 
6009 6010 6169 
1589 6014 7424 
1105 1618 4055 
2504 6030 6031 
4321 6041 6459 
6044 6045 6542 
6058 6059 7438 
1395 3445 3862 
6062 6063 7183 
4629 6074 6075 
1636 5021 6089 
712 6096 7678 
2955 3333 6676 
5681 6105 6106 
6107 6108 7276 
3789 6075 6112 
3362 6121 6122 
199 605 6123 
265 5253 6134 
6148 6149 6901 
2266 6153 7291 
3374 3380 6168 
6174 6175 6877 
5851 5868 6182 
1224 6205 7286 
1800 4823 7148 
951 6217 6218 
1481 5867 7544 
892 3216 4602 
6058 6253 6254 
3025 3026 6257 
6261 6262 6948 
2106 2712 3470 
6282 6283 7292 
6285 6286 6564 
5241 6290 7181 
3385 3386 3574 
6294 6295 6937 
5852 6303 7154 
19 324 6304 
6305 6306 6710 
1244 5530 6308 
268 6317 7342 
3038 3039 6325 
6326 6327 6657 
151 6343 6344 
90 4312 6346 
4974 4975 5428 
6363 6364 7308 
4298 6365 6561 
659 998 4545 
780 2991 6368 
691 692 6372 
3725 6381 6382 
5158 5159 6393 
2631 6405 6406 
6409 6410 6704 
3959 6421 7606 
4216 6428 6429 
6430 6431 7241 
532 6445 6563 
1766 6446 6447 
362 6212 6448 
6468 6469 7184 
19 4278 6473 
3331 6478 6479 
6492 6493 7361 
6507 6508 7514 
6514 6515 6927 
6518 6519 7633 
6527 6528 7097 
299 2330 7073 
6532 6533 7654 
796 2019 7421 
1520 3785 6543 
94 1444 6565 
2195 2593 6567 
1375 2748 5282 
3717 6609 7089 
29 2506 4987 
2335 2363 3696 
6660 6661 7622 
850 2097 7132 
6664 6665 7168 
1020 3848 7441 
1141 3138 3507 
5280 6677 6755 
5007 5008 5383 
6692 6693 7561 
6695 6696 6869 
116 2436 3931 
151 3846 6705 
916 5584 6708 
828 2364 6709 
3650 3943 6818 
6714 6715 7341 
179 6718 6719 
6720 6721 7525 
3104 6727 7302 
1313 6747 7445 
2810 2811 6748 
1392 6753 6754 
6760 6761 7582 
557 6770 6771 
6782 6783 7659 
3217 3218 5492 
2887 5244 5423 
6806 6807 7165 
2807 4026 7662 
4863 6830 7179 
6838 6839 7511 
2924 4548 6841 
6844 6845 7293 
6849 6850 7456 
2037 2701 3548 
4051 4052 4546 
1283 6858 7486 
55 6623 6866 
107 526 6887 
6893 6894 7194 
1518 1600 6900 
6902 6903 7130 
1602 3150 6906 
5364 6909 6910 
6913 6914 7104 
185 1700 6924 
6928 6929 7614 
5464 5465 6935 
6941 6942 7238 
991 6947 7185 
3446 3473 6694 
6958 6959 7119 
587 5002 5641 
1271 3252 3780 
6974 6975 7204 
627 6976 6977 
6983 6984 7172 
869 1799 6985 
1190 4908 6936 
6997 6998 7297 
7002 7003 7198 
2252 3554 3555 
570 7011 7012 
7016 7017 7261 
15 5279 7024 
1929 3522 7027 
2375 2376 2859 
7031 7032 7499 
7045 7046 7375 
5375 5426 7545 
7055 7056 7068 
6142 6301 7086 
3425 6840 7091 
372 6110 6728 
635 7100 7101 
712 5106 5487 
5023 6677 6964 
6937 7115 7116 
7143 7144 7354 
7146 7147 7440 
963 964 4284 
7155 7156 7357 
3280 7157 7318 
674 7162 7163 
1994 2029 7175 
828 1433 1434 
7189 7190 7560 
1709 7196 7420 
4163 7205 7206 
7207 7208 7500 
7211 7212 7613 
4324 4325 7301 
913 6872 7215 
4206 4642 7232 
3604 7233 7550 
1255 2155 7236 
634 1488 4105 
1083 1800 4605 
405 5533 7252 
368 369 1566 
4798 5435 7262 
4183 5882 7271 
2482 3919 7037 
1276 5737 7278 
2911 7279 7280 
3935 7287 7307 
993 4421 4832 
433 4384 6926 
710 2974 7387 
943 7311 7381 
7314 7315 7617 
7322 7323 7530 
7325 7326 7509 
547 7327 7402 
298 2028 5092 
405 7328 7329 
1106 3227 5137 
3173 3374 3603 
657 7339 7340 
6415 7142 7348 
7349 7350 7522 
1244 1322 4040 
176 3646 7369 
606 3190 7406 
97 7386 7451 
2060 7021 7401 
891 4769 7593 
405 7418 7419 
2066 2067 2494 
2122 2123 7712 
4404 4646 7442 
1618 7145 7446 
756 757 7453 
7454 7455 7665 
1808 3373 4982 
2318 2319 7655 
7471 7472 7628 
7227 7475 7476 
2326 7478 7564 
2508 2959 7483 
2061 6537 7484 
1835 7487 7541 
5700 7489 7664 
992 1169 7510 
32 2280 5258 
627 2671 5111 
2114 7549 7641 
1 81 7553 
7555 7556 7635 
374 7439 7557 
3224 7559 7581 
71 72 2669 
739 797 3975 
7572 7573 7576 
2843 6780 7574 
1026 2241 2581 
2479 2821 7272 
7583 7584 7642 
2919 7592 7604 
382 1813 4494 
7608 7609 7631 
7611 7612 7679 
651 652 1918 
873 2795 6112 
3234 7630 7700 
7644 7645 7684 
5988 7258 7649 
7650 7651 7663 
1924 5463 6884 
6229 6857 7669 
24 6711 7458 
712 7675 7676 
82 6982 7235 
106 107 7248 
829 3652 3891 
2925 5214 5215 
65 1853 7404 
2479 6109 7690 
349 3925 7428 
179 6050 7405 
5111 5791 7713 
2179 3976 5359 
828 2176 7128 
591 2521 6505 
