3593 6679 14184 14185 15604 15637 
1145 4259 4983 6191 8561 14741 
8612 8663 14187 15700 
22 31 10620 11538 12222 14188 14189 14567 14587 
3944 9515 9655 14190 14453 15218 15248 15249 
1605 3968 6277 6673 9518 14191 14238 14239 14342 14472 14553 14554 14561 14564 15769 
1809 14192 14193 14214 14578 15380 
14194 14195 14546 15390 
405 5865 7329 14449 
616 2876 11327 11826 
14197 14198 14408 14409 16108 
6975 14199 14200 15240 16448 
14201 14202 15534 15535 16311 
4145 7328 10293 11801 12639 14385 
67 1218 14204 14205 14642 14930 
7389 8886 11440 12930 
2309 4492 4769 15488 16767 
1655 1741 1936 2543 6080 7096 8346 13252 14210 16044 
920 1384 4370 9842 
471 5705 10165 10865 14213 
1989 4806 11824 11961 11962 14378 14379 14521 14569 15377 15757 
317 570 10550 11036 11632 12098 14196 14215 14241 14281 14282 14452 15061 
495 5910 12333 15019 
1666 3073 4268 8258 
2668 9420 11343 14218 16248 
750 5914 14219 14220 
116 8528 9868 10205 14221 14275 15318 
9872 14222 14223 16421 
28 1473 3493 10750 14224 14336 14502 14879 15550 
4422 4423 5129 11112 
14226 14227 14394 14395 
5851 14228 14993 14994 
1384 1716 3216 14231 14589 14757 14768 16221 
14232 14233 15251 15252 15447 
1395 3445 5828 14234 14235 
1675 8335 14240 14535 
368 369 1566 10661 10662 
51 82 151 1833 3021 7727 12078 14242 14770 14855 
3093 3094 3641 14811 16346 
279 606 920 2170 2211 2531 2775 4217 4964 5144 5971 7835 9323 9489 14442 14443 14787 
315 913 2558 9812 
580 5221 14243 15123 
597 1015 12408 14247 
12485 14250 14603 14669 15720 
777 14251 14252 15493 15557 
5724 14253 15015 15024 15025 15741 15826 16001 
4453 4454 6153 7291 
7630 11242 11572 11852 
3262 14256 14257 15353 15609 16554 
3463 14260 14261 15383 16056 
14262 14263 15132 15133 16109 16236 
10515 10924 14264 14538 15393 15650 
51 1137 5517 5952 7854 9200 13215 14265 14539 15347 15435 15525 
2208 9422 15202 15203 
888 14269 15683 15684 
1520 13200 14271 15069 
14272 14273 15929 16126 
115 116 816 1802 2483 12278 14868 15109 
134 10872 14274 14318 
2346 4749 4806 7796 7836 11014 11017 15596 
1047 2225 2395 7362 14276 15186 
1510 2376 6939 10689 14277 
2632 8955 14280 14698 14733 14781 15778 
4259 4983 7356 11108 15855 
2807 8071 14286 14287 15266 15363 15662 15752 16136 
1539 14288 14289 15479 16129 
4786 9454 9559 15647 
1716 2183 5467 9379 12349 14290 14624 16604 
3292 4712 5324 14291 15228 15229 
349 635 7389 8423 14294 14821 
2143 14295 14296 15127 
1306 5696 6006 11895 
4749 4806 7836 11862 14297 14429 14600 15532 15596 
14300 14301 14391 15747 16242 
13549 14302 14665 14666 14903 
246 8236 8756 12728 14303 
14306 14307 14668 14764 14765 14939 
166 5685 13994 14308 14309 14877 15485 15540 15567 
11838 11959 11960 13060 14310 
1481 7834 9660 13431 14311 14339 
116 964 4284 8056 11908 14406 16170 
2518 3131 7998 11902 14140 14313 14775 14802 
312 313 13547 13906 
2281 14314 14315 15372 15631 15945 
8547 9477 9656 14316 
1675 2690 9867 14791 
5979 6944 12634 14317 15300 
6402 14319 14320 14832 14833 15001 
1098 9482 9908 14321 14591 14592 
262 1222 6487 10702 14322 
5515 14323 14324 14594 16239 
3968 7849 14325 14681 
1851 1852 4915 8331 10904 15306 
14328 14329 14458 14854 15509 15510 15602 15649 
14330 14331 15283 16764 
371 14334 14335 15816 16347 
3332 3741 6568 6905 7835 
1069 10189 14343 14344 14834 
2337 14345 14346 15209 15507 
199 278 362 2170 4769 15350 15396 
8528 9868 10156 14347 
151 893 3847 9191 14348 
1072 4518 8335 8719 10081 15147 15842 
4817 8976 14349 14350 14530 14696 14697 15531 15697 16235 
5700 7489 10921 16094 
14353 14354 14664 14961 15411 
1555 7624 9075 12963 14355 14364 14746 15268 
16 8566 14634 16425 
1714 3793 8638 8659 14357 14551 
14358 14359 15813 15814 
14360 14361 14940 15608 16264 
14362 14363 15651 16049 16050 
35 175 872 3171 3298 7858 7918 8357 8735 9763 14724 15996 
1015 5467 9889 12408 
29 1144 3112 6299 12737 
2445 14367 14872 14873 15661 16030 
3290 13948 14368 15840 
1209 9682 14369 14878 16276 
12509 14370 14371 15568 16145 16148 
265 14372 14373 14690 
2130 3518 3748 10195 14374 14839 14918 15138 
2807 13770 13771 14375 14959 15605 
14376 14377 14633 14804 14805 
1520 2782 5272 14380 16424 
3292 4618 4712 4811 5324 15543 
4900 8889 14381 14806 
646 942 2417 4237 10703 
387 1467 3954 5658 5720 5835 8629 15235 
14386 14387 15665 16031 
14388 14389 15198 15880 15881 
94 778 3292 4856 4911 7687 11958 14273 15290 
7154 14392 14794 14795 15639 
5301 5546 6416 7155 12302 14686 14721 
389 390 2346 3373 4622 5911 9839 11271 11862 14393 14617 14626 14627 14705 
625 14396 14397 14796 15638 
10913 14401 14402 14469 14542 14543 14714 15074 15768 16266 
952 3292 5324 11422 14403 14610 15779 16075 
14404 14405 14924 15865 15990 
11123 14411 14412 14990 
14413 14414 15643 15707 16084 
826 1727 15742 16655 
8324 14421 15617 16274 
14422 14423 14688 14689 15016 15207 
4060 8400 13756 14424 
10945 14425 15357 16433 
455 2931 13729 13919 14428 16135 
105 3593 4675 7040 7296 8829 8899 14184 15455 
2807 2914 4026 6668 7898 13725 13770 13771 14995 
4792 10699 12686 13837 14430 16087 
6256 14431 14432 15775 
573 4942 9378 15901 
1115 3154 3781 16422 
14433 14434 15101 16208 
830 1675 1924 14437 14692 14895 
158 997 3472 9935 
37 3196 9627 9935 11152 11706 
14444 14445 16388 16635 
886 1155 4556 4702 5546 6278 
299 2330 7073 8222 10629 
587 712 5838 14196 14461 
116 826 5332 5806 10711 14454 
1342 3020 9454 9889 9917 
42 665 1924 3862 6067 9490 14999 
6100 8650 10024 10623 13095 14455 14577 14803 14948 16333 
14456 14457 16526 16664 
1631 9165 10801 12944 16296 
116 1151 9243 11593 11700 14847 
778 3292 4461 4618 4712 5911 15598 
7029 14459 14522 14523 15924 
1520 5272 12308 14460 14749 14750 15042 15043 15045 
17 369 416 1283 1566 9438 12840 
14462 14463 15703 16187 
13524 13582 14464 14465 14808 15951 
82 3570 6374 14466 
14467 14468 14514 14899 15289 15320 16051 16525 
2278 13934 14470 14836 15100 
30 1307 3931 5806 7196 9662 11851 
517 573 2006 3427 5739 
990 2990 6644 7917 10199 
4813 6331 14471 16060 
1072 4382 4640 10081 14534 14588 14884 14923 
3166 7429 11886 12171 12277 12489 12883 13202 
3425 3944 12046 16713 
1932 2117 4477 4651 5519 
14473 14474 14509 14510 15201 16085 
9219 14477 14478 15494 16370 
14480 14481 14885 14886 
3725 14482 14483 16680 
14484 14485 15137 15319 15585 16686 
1766 14487 14488 14965 14966 16255 
14489 14490 14830 16155 
433 861 2445 2738 10822 
984 13228 14493 16654 
8860 9091 13606 14637 14800 14957 16699 
3636 14497 14498 14801 
910 8097 9818 12352 12709 14499 14645 14709 14920 
14500 14501 15151 15462 16690 
3084 4045 9137 16800 
1144 2346 4749 6416 10634 11384 14503 14730 
11547 14504 14505 15327 16043 
3763 10159 10484 14506 14507 15348 
10523 14511 14512 15394 16018 
302 360 2163 9737 12615 13497 14277 14513 14593 
22 31 1092 7987 8451 14188 
5607 10133 14515 14866 15230 15231 15931 
14516 14517 14898 15078 
1555 8612 14524 14525 
1251 2021 4371 15843 
13396 14526 14527 15238 15441 15928 
5577 5762 14528 14529 15456 15555 
14531 14532 14825 14945 15156 15499 15984 
152 1735 10775 10862 
984 8724 10473 13228 14536 
3368 13716 14537 14962 15174 
14540 14541 14597 15387 
1303 1377 7254 14687 
4815 5581 9045 15022 
2991 14544 14545 15420 
587 921 3708 7118 9245 15384 
151 665 2234 8547 
5951 10415 14241 14552 
2974 8019 16446 16566 
3643 8566 13904 14133 14555 14556 
5560 14557 14717 14850 
1690 3405 3823 12173 12281 14558 15192 
7748 7902 8762 9489 
14562 14563 16073 16265 16468 
5841 12166 14565 15389 15504 15954 
1092 6692 12681 16314 
103 9502 14566 14613 15003 
5199 9925 14761 14762 15795 15976 
304 14568 14719 14720 
3392 10904 12094 12772 
1735 7155 7985 9857 
1050 2611 8001 14759 15729 
14573 14574 15429 15992 
2114 12138 14575 15615 
5492 12807 14576 14952 15351 15352 
330 1459 5144 9263 14188 
151 2825 4740 8051 
422 14581 14582 15468 
256 1379 3196 9093 
845 2795 7976 14584 14585 15191 15616 
702 1062 1926 3462 7056 8013 
1367 8282 13019 14586 
2668 2744 4205 14815 
97 14590 14907 14932 14933 15733 16254 
317 8236 11036 14595 
3705 3706 10062 10670 15873 
196 272 3101 14596 
4536 4537 11625 14598 14848 15856 
1929 7027 7405 9067 16093 
1518 11232 14599 14889 15603 
12152 12153 12767 12906 
1115 1812 7565 13133 
10995 10996 11123 14602 
1800 7148 10072 12813 
8170 14215 14241 14605 
1914 7647 8895 14607 14646 14718 14850 15057 15232 15335 
913 2558 3396 14609 15771 
710 2974 11428 15004 
31 7629 14614 14807 14927 16382 
6100 14615 15772 15850 
1808 14616 15987 16329 
1114 2375 2532 11359 
14618 14619 14644 14827 14917 15067 15070 15139 15451 15516 15861 
3610 12177 14621 16623 
31 1747 5010 12262 
517 4097 10827 14625 14699 
10088 10089 10384 13869 15323 15958 
7001 14283 14628 14629 15967 
3708 4942 11669 14630 
913 2478 3754 4913 14845 
13050 14635 15277 15278 
2825 6547 7974 15478 15784 
1360 14638 14639 14865 
3489 9010 12918 13491 14643 15097 15150 15574 
14647 14648 14915 15793 16222 
124 1735 14649 15655 15656 16280 
5560 6609 6705 7296 14650 
1413 1800 7148 14651 
155 3120 12196 12882 
8236 9420 14652 16248 16294 
5700 14657 15286 15287 
246 6277 8236 14667 
14670 14671 15835 15918 16224 
480 6921 9931 12210 16633 
94 14672 16213 16728 
975 976 1417 3341 14673 
942 2983 3150 4045 5798 
82 4410 14674 16037 
10116 10117 10198 10285 15168 
14675 14676 14890 15265 16119 
1292 6430 6431 7241 12621 
365 12632 14677 14973 
8212 14678 14679 15122 15276 15500 
1367 6228 12872 13019 
892 921 11690 14682 
5706 11789 11790 15781 16563 
4841 12220 12395 16412 16577 
163 2241 2581 4041 6822 
964 1660 8056 13549 14691 16207 16305 16343 
6094 8056 10561 11140 14693 15307 
258 410 951 10263 
2278 14694 14695 15217 15291 15292 15624 
412 1705 2907 15119 
533 4853 7703 14663 15140 
892 1605 6277 14707 
158 984 997 2818 3214 11164 
1322 1923 2463 2511 4040 4710 5854 14177 15497 
647 1144 1717 6166 8327 15899 
7998 10768 11271 16067 
1660 1714 1820 3793 14901 
387 4394 12043 14725 14726 
2122 8855 9179 14727 
1144 4496 4883 9130 
405 7328 7329 14728 
3024 3749 4173 11379 13733 
15 5277 10745 10793 16227 
4680 5583 14731 14810 16583 
1994 2504 7241 14732 15642 
1303 6577 11054 14734 
14737 14738 14914 14960 15522 
7332 14739 14740 15255 
362 921 951 6217 9245 10867 
270 14742 14743 14744 14846 15005 15786 16229 
1796 1883 1889 8134 15388 
437 1833 3643 5607 6629 8917 14866 
991 8084 9307 14752 15512 
441 1069 4942 10189 
2615 7297 15398 16028 
13122 14753 16289 16482 
12074 12236 12357 14268 14631 14754 14755 
869 4816 14756 15744 
186 382 2277 5798 14079 14760 
116 1114 1144 1151 3427 14758 15511 
810 888 2420 2950 3934 4218 10015 12475 15245 
422 7287 7855 7996 12291 13122 
82 3021 7268 7367 11833 12476 
71 942 4183 10473 
2019 14766 14767 14824 15618 
2801 9559 14769 15788 
7503 9886 9908 15607 
5958 10985 14773 14774 15839 
82 4410 10208 12476 15916 
5285 8251 14776 14777 15625 
2172 3131 14140 16380 16386 
116 3154 12316 12522 12999 
8044 9995 10215 10655 11946 
959 1428 2509 5658 13061 15965 
2790 3749 8118 8629 14782 16287 
14783 14784 15073 16166 
192 3392 4935 16568 
892 5951 7437 12317 
739 797 14137 14837 
590 2521 13446 13447 14798 
5669 11961 11962 14799 
808 7420 12301 13503 15824 
1717 2211 3331 15513 
32 475 5258 9373 11103 12154 
824 1148 2047 5999 15035 
14812 14813 15806 16541 16732 
1763 10613 13125 14814 16824 
13396 14816 14818 14819 15114 15238 
10444 14817 15014 16449 
410 1673 2748 3068 8312 
11356 13527 14820 14958 15536 15537 16262 16378 
570 1069 5835 7001 14823 14853 
14825 14826 15981 15984 16215 
19 6416 6874 14730 14828 14915 
81 4988 13448 13605 
778 10202 13026 15290 16061 
2917 14835 15116 15141 16074 
5679 14838 15648 16048 16214 
770 3292 4618 4712 14849 15957 
14851 14852 14891 14892 15009 15696 
24 8757 9464 9596 12487 13838 15452 
3135 6605 14856 15167 
5616 14858 14859 15219 
8004 10037 10217 10319 
192 902 1089 4879 
14861 14862 15145 15325 
1292 13565 14863 14864 15792 15891 
984 10494 12382 13263 13398 
1802 3292 4856 12278 
2516 2636 10360 10474 
13545 14870 16103 16104 
665 8488 9209 12328 14871 
165 5250 8306 13386 
7035 14874 15337 15344 
805 8991 9847 10672 12462 
29 7196 9477 12398 
199 6575 8200 13313 14876 15413 
2683 2989 4647 15859 
832 2748 4785 5849 7916 
14887 14888 16035 16036 16151 
3227 14893 14894 15072 16309 
28 9082 9136 10738 11392 15412 
1735 1915 7155 7747 
122 704 12426 16609 
14908 14909 15241 15254 15693 
913 4384 4913 8403 
14910 14911 15659 15763 
691 3392 5680 9142 
19 4163 7731 7923 8508 13682 13691 
382 3177 5728 12434 
278 362 11569 14919 
13823 13824 14925 14926 15321 
14928 14929 15339 15994 15995 
824 1148 13787 14934 16479 
14937 14938 15807 15808 
1851 2359 5866 16096 16117 
14941 14942 15102 15103 
947 997 12572 12880 12905 15374 
8629 14950 14951 15738 
997 2818 3357 7482 9503 
7244 14953 14954 15519 
14955 14956 16141 16204 
82 3021 7811 10485 10486 15126 
19 778 12459 13691 
1092 6556 10333 10334 10554 10814 
1887 9783 14722 14963 14964 
3429 4500 6229 7610 15444 
14967 14968 15498 15692 
14969 14970 15154 15155 
6455 6456 6509 12734 
30 643 1488 4048 15664 15708 
997 2666 7482 11615 
6905 14981 14982 15454 
12541 14985 14986 15710 
416 1283 10354 13528 
14987 14988 16332 16493 
5833 5971 12358 14989 
1114 1144 1151 2532 6166 12528 
5678 14996 15153 15629 
15012 15013 15157 16621 
471 3392 7528 11392 
6710 15026 15027 15239 
14051 15028 15029 15284 15860 16023 
299 2330 4898 15030 
1589 15033 15034 15829 
2208 3932 6112 15036 
15037 15038 15163 15423 16327 
1367 14586 15039 16182 16491 
1244 2130 2442 11809 15040 15134 
15046 15047 15545 16323 16772 
14253 15048 15082 15083 15180 15181 15309 
15049 15050 15575 15736 
3133 10387 10925 16292 
14100 14101 14508 15053 15848 
471 3392 7812 8331 10904 
12181 12237 15054 16275 
15055 15056 15593 16511 
1915 4283 9762 10390 
374 3093 7439 7557 9079 
15059 15060 15515 15802 16476 
155 3120 11475 15063 15288 15475 
44 46 9432 15932 
777 15065 16246 16474 
1115 9515 15066 15190 16584 
1372 3277 15071 15610 
2848 9714 13000 15075 15465 16414 
959 1093 7719 7970 8435 
29 2506 5119 10410 16411 
2375 2376 8753 11359 15076 
12744 15077 16398 16510 
82 7330 8774 12476 
32 2050 5258 8762 12558 12832 15705 15874 
587 892 1084 5130 
15084 15085 15822 16279 
7386 9622 15086 16632 
7155 12302 15087 15088 
6370 7155 8170 15089 
5951 10415 15094 16492 
410 952 1673 5333 16088 
984 6610 8130 14007 15998 
801 1765 2130 2442 
2769 9624 10436 10891 12746 
1585 15104 15694 15695 
1612 2636 3643 7795 11868 
3095 15107 15108 15811 15812 
984 11795 16138 16162 
6901 15110 15111 15894 16594 
24 103 15960 16176 
563 1609 7751 9081 10190 
1047 2502 15115 15508 
992 2683 6627 16206 
100 4856 4911 16826 
72 410 4916 9086 10216 11325 
3897 15120 15489 15490 15774 15803 15804 
14710 15135 15136 15184 
2082 5098 15171 15172 15862 16260 
824 1148 15035 15148 16559 
3133 10925 15149 16211 
6606 7303 10460 12636 
3741 6568 10480 15904 
10732 11143 11370 15158 
3292 4618 4712 12354 12476 15340 
826 3429 4500 8109 10488 
4060 7902 8400 11455 15948 
11094 15169 15170 15714 
163 10186 11216 15177 
12899 13909 15182 15183 15833 
774 2575 3429 11336 
8525 15185 15211 15212 
2604 2950 10499 16335 
15199 15200 15527 15922 16157 
15205 15206 15956 16219 
1144 1467 3749 13080 15864 
1144 1151 8163 15213 
7389 15215 15216 15226 15227 
15220 15221 15296 15297 
15224 15225 15773 16010 
1467 3216 3749 12760 14788 
590 5489 9850 11154 
3593 15243 15244 15863 
15246 15247 15654 16684 16702 
1125 15250 15280 15542 
11367 15256 15533 16063 
8341 15258 15259 15514 
2290 15260 15261 15755 
984 7187 8878 9472 10530 
2636 10170 10936 11077 15264 
1518 11232 15267 16639 
19 82 7043 11833 11926 
2326 15279 15382 15569 
237 2756 8517 11104 
370 1448 4233 6078 8513 9119 
2462 15281 15282 15366 
2501 2833 5170 5509 16183 
52 4631 15285 15484 
1190 8526 8546 11877 
731 9890 10671 15293 16529 
3098 3862 9189 12735 
5951 6378 10415 15295 
15298 15299 16336 16603 
3216 3749 14768 14810 15949 
4259 9854 14741 15855 
15304 15305 15414 16409 
4251 13136 15308 16602 
920 1151 3303 15313 
1184 15316 15317 15795 
2409 12749 13239 14008 
6561 15322 15556 16469 
382 2063 2277 3177 5059 
13459 13460 15324 15823 
199 6575 8200 10599 15326 15919 
31 7027 7629 8451 
12309 15333 15334 15341 
94 4911 7904 15362 
984 10494 15338 15885 15886 
116 1307 3931 11700 
1709 2516 3710 9369 10360 10714 16286 
6341 12769 12806 13945 
4197 15355 15356 15496 
13656 15361 15362 15463 
4461 4712 9846 15915 
3303 4912 4942 5491 15263 
2566 15020 15375 15376 16065 
9262 15385 15386 16225 
82 557 9979 13040 14636 
1587 9101 10649 11147 
964 1114 2532 7846 15690 
1548 4193 8363 13726 15391 
122 704 5780 8378 
199 8549 13333 15469 
3429 8616 15553 15554 
100 4911 15400 15636 
15401 15402 16439 16440 
1889 1932 2117 15404 
7985 13670 14054 15407 
9243 14847 14915 16653 
1766 8630 12422 16355 
308 617 4686 10876 
1307 6038 6140 15421 15422 
995 1467 6520 15424 
15430 15431 15524 15782 
1809 14578 15000 15433 15849 
1766 14488 15437 15438 16159 
893 9191 10043 11891 13088 15549 
15445 15446 15947 16017 
4650 5008 8666 15474 
15449 15450 15884 16688 
14739 15457 15458 16557 
15459 15460 15622 16673 
15 3303 6299 10793 
475 5467 15678 15798 
2223 8915 15704 16086 16205 
15471 15472 15476 15477 16438 
1232 1233 15480 15517 15600 
1379 3532 15481 15721 
557 3357 6771 8694 
3058 6799 12977 16201 
191 15486 15487 15630 
1718 1719 4246 14797 
5196 15491 15890 15907 
845 3090 3406 12778 
349 992 8361 9730 
315 913 2478 3708 13691 15501 
1105 15502 15503 15614 
3425 4069 8613 13351 
1722 2337 12185 12362 12464 14831 
984 4005 13450 14520 
8650 8738 15518 15952 
4312 11735 15521 16628 
3205 3446 3972 7357 
116 1151 6472 13043 
37 9344 10459 11152 13929 
4123 8718 14572 15541 
4220 12014 15547 15587 15959 
2795 3075 3406 12777 16539 
3290 15559 15560 16097 16098 
653 1647 15562 15677 16489 
30 3282 15564 16537 
892 1148 8548 9390 15963 
13231 15576 16574 16689 
15582 15583 15591 15592 16092 
7035 15344 15589 15590 15933 
2318 2319 12012 15595 
5951 6378 11233 15871 
42 447 3730 5738 6516 12497 12728 
648 1347 1685 2898 15743 16057 16245 
105 13791 14136 15599 
1292 4440 13958 14904 16573 
4220 12399 13706 16384 
186 382 1916 2297 
3318 3862 8626 11450 15805 16124 
12991 12992 13249 13418 
151 2569 13982 15626 
562 15429 15627 15737 16066 
7001 12549 14283 15628 15985 
266 278 2534 4371 4437 9551 
151 152 5384 16095 
433 10630 11515 16025 16026 
9010 9269 12918 15633 
158 997 7330 8940 
855 10297 13037 15634 
3561 5705 15635 15783 
14559 14560 15666 16272 16718 
4272 15668 15845 16874 
16 5017 8010 11555 
1176 10567 15669 15670 
6166 15671 15672 16006 
15673 15674 16302 16592 
12996 15675 15676 16624 
3643 6416 14730 15679 
15680 15681 16599 16600 
360 13497 15682 16717 
1661 1662 6922 15809 
1467 3749 11357 11379 15685 
892 1169 7510 13598 
308 1333 4688 10876 16432 
4566 12140 13091 15905 
151 828 2825 4499 
1226 8906 12033 14439 15719 
15723 15724 16127 16326 
15726 15727 15827 15895 16486 
8312 15731 15732 16046 
24 691 9187 9573 
15739 15740 16310 16528 
5435 15754 16038 16431 
1115 1144 1812 14483 
10464 11740 15761 15762 16374 
2774 4570 4571 15765 
51 2171 6688 11818 13241 13262 
702 1937 3604 15977 16149 
3664 3665 9760 15770 
2333 4614 10623 12635 13095 16002 
16 150 8449 10752 
15789 15790 16400 16463 
7862 15796 15797 16112 
167 4261 15799 15900 
15800 15801 16383 16791 
810 4709 8358 8718 8985 
848 1333 3075 13354 13421 
30 643 7664 15836 16216 
1282 7297 10804 12505 
3840 7040 7296 15844 
314 4786 12242 14028 15858 
13374 14246 14420 16715 
355 9457 13845 15868 
15869 15870 15939 16128 
794 1596 10435 13643 
2436 2533 9351 15872 
5358 13772 15887 16634 
920 921 8881 9245 11690 
1093 4359 6144 7719 
1015 12408 15903 16220 
1467 1735 6370 8170 
12492 15913 15914 16663 
6370 15679 15923 15975 16501 
1047 9644 13301 16835 
886 1155 15354 16301 
422 7996 13304 14869 15528 
739 2869 5032 12555 
3471 3761 6503 15953 
192 3392 8472 13316 
52 4631 15961 15962 16359 16460 
997 3214 3223 5514 
5655 5656 13327 16164 
984 8429 8976 12833 
9281 13334 14083 16390 
1660 9875 15991 16154 
3166 4786 10794 15993 16263 16315 
2739 3217 16011 16786 
116 11700 16024 16110 
627 675 3745 4721 
5670 16040 16427 16698 
573 4942 11448 16062 
82 2989 4647 7043 11551 
2337 6219 12362 15209 
4537 5290 11625 16089 
41 3954 4806 7453 16113 
62 6476 16125 16665 
304 7855 8983 14407 
16139 16140 16339 16562 
308 617 1446 1939 11511 
468 2636 13453 13825 
808 7420 13472 13772 15824 
13086 13087 13438 13439 16165 
8099 9509 16179 16283 
8301 16184 16744 16745 
9296 9422 16212 16485 
2042 3317 8729 11099 
387 790 954 4430 14725 
1666 4051 9220 11023 15187 
604 855 5827 9285 13037 
3368 9254 9993 16396 
4008 5134 16261 16308 
1284 2462 4347 11666 15336 
308 362 1333 14919 
1219 3107 13417 15222 
51 1137 5060 16273 
1449 3374 16290 16413 
2234 8547 16298 16505 
4566 16312 16313 16704 
278 2021 2534 7465 16325 
62 2211 4059 12638 16125 
523 3063 5253 16331 
943 3352 7311 14902 
2337 5973 11092 12185 16075 
657 7340 11021 15619 16393 
892 6277 10227 11382 
192 488 3178 5737 16083 
28 4648 11392 15699 
1209 2163 4633 9682 
5626 16451 16536 16585 
209 3642 3731 16579 
9420 9559 13273 15526 
3154 6072 11175 12999 16780 
475 6370 8170 15798 
317 587 892 14196 
597 952 3292 5911 10400 16251 
7395 13895 15079 15652 
2377 9704 9705 14780 
829 3652 13320 15373 
698 1741 4748 6080 14613 
2183 2790 3749 14788 
1531 8152 11507 16185 
5864 10604 16007 16540 
7361 14186 14751 
7106 14206 14207 
11330 14208 14209 
14211 14212 16423 
77 78 149 
468 3123 11821 
981 14216 14236 
1128 4417 6127 
4786 10767 14225 
14229 14230 16391 
9367 14244 15365 
14248 14249 15173 
1389 14254 15312 
677 14266 14267 
2835 14270 16741 
14278 14279 15410 
6714 9844 10270 
14284 14285 15392 
3717 7807 10758 
7130 14298 14299 
7204 11545 15851 
14326 14327 16700 
2801 13954 14340 
14365 14366 15944 
14399 14400 15586 
1264 14410 14683 
7019 9924 14415 
14418 14419 16760 
14435 14436 14583 
14440 14441 15854 
2763 11988 16488 
14450 14451 15121 
7144 14475 14476 
13468 13960 14479 
5436 12693 14486 
873 14491 14492 
9271 14494 15188 
12997 13100 16708 
3439 5137 10005 
1071 14533 15152 
3862 7971 7972 
14547 14548 15331 
1155 14549 14550 
495 14570 14571 
14579 14580 15852 
1144 12131 12132 
11122 14604 15735 
1217 8067 12170 
2909 14622 14623 
14640 14641 16107 
412 12194 12195 
14653 14654 15847 
13564 14655 14656 
5435 14658 14659 
8795 14660 15223 
14661 14662 15023 
14684 14685 16177 
8 3559 15052 
14700 14701 15667 
1119 5369 9486 
14703 14704 16524 
5138 14706 15943 
14715 14716 15906 
1121 1287 12250 
5180 14729 16363 
14735 14736 15044 
14747 14748 15877 
14771 14772 16561 
12392 14778 14779 
14789 14790 16673 
14792 14793 15579 
34 6705 14446 
1711 5444 6245 
4324 9267 14822 
3030 9564 14829 
6812 9721 15544 
10832 14842 14843 
3650 3943 8213 
8552 14857 15698 
5094 5620 12941 
9123 10397 14867 
14882 14883 16334 
14896 14897 15606 
9733 14900 16553 
14905 14906 16344 
14912 14913 16844 
14921 14922 15399 
14935 14936 16150 
10303 14943 14944 
14946 14947 15006 
2462 5084 14949 
6749 7532 10331 
134 1009 10871 
74 12460 13741 
1449 7403 7965 
7596 12469 16381 
14974 14975 16009 
14976 14977 15879 
7261 14979 15221 
492 7737 14980 
14983 14984 15745 
2479 14067 15002 
15007 15008 15584 
1700 15010 15011 
2935 12662 15018 
15031 15032 16228 
2741 8362 15970 
3283 15051 15558 
14179 15058 16756 
5775 6274 15495 
1245 5680 15080 
14808 14809 15081 
863 8371 16475 
15090 15091 16416 
15112 15113 16196 
12208 15117 16778 
1428 8155 15124 
15128 15129 16282 
1380 9093 15142 
1718 15143 15144 
2192 2406 7306 
2830 12645 13812 
15159 15160 15883 
15161 15162 16613 
15165 15166 16454 
65 1068 10492 
15175 15176 16816 
15193 15194 15520 
916 5584 15195 
12887 15196 16027 
4631 12785 15197 
1113 15204 15349 
6640 7447 15208 
1308 15210 15728 
15233 15234 15409 
8217 9002 15236 
10272 15237 15759 
651 8105 15253 
11780 15262 15974 
12713 12714 15397 
15272 15273 16163 
2346 15274 15275 
943 8519 8520 
1799 12829 15301 
11443 15310 15311 
13044 15314 15315 
203 6949 11237 
3129 15328 15329 
1603 14043 15332 
15345 15346 16342 
7961 15359 15360 
1255 12779 16444 
8946 15364 16815 
840 15368 15369 
15370 15371 15791 
257 15378 15379 
4718 15381 16247 
1997 9247 15395 
2213 15406 15428 
2805 3778 15415 
15416 15417 15927 
15418 15419 15988 
15426 15427 15653 
8525 14702 15434 
15439 15440 16137 
1660 15442 15443 
3956 15448 16644 
6416 14237 15461 
531 4786 12858 
15466 15467 15753 
4844 15470 15794 
10706 10707 16146 
15482 15483 16198 
15505 15506 15720 
836 5750 12917 
1653 11042 15523 
7636 11061 16385 
1207 1864 15561 
517 15570 15571 
15572 15573 16238 
12848 15580 15581 
2062 15588 15936 
7247 9722 15594 
6047 15597 16361 
2743 15601 16543 
3985 4794 15730 
6355 15611 15612 
10312 10471 15632 
15640 15641 15722 
3224 13038 13039 
15657 15658 15745 
10834 15663 16072 
3194 3506 16269 
1520 15686 15687 
15688 15689 16142 
935 15691 16502 
4118 4119 15846 
3038 3039 15716 
1444 12330 16034 
15717 15718 15986 
961 15746 16467 
4700 11841 15748 
3049 13829 15751 
3067 15756 15979 
15105 15758 16636 
9262 9377 15760 
2546 15764 16288 
15766 15767 15896 
1823 5993 6172 
15776 15777 15989 
388 1430 9061 
2941 3289 3447 
2666 15164 15817 
2106 10501 16371 
15818 15819 16426 
820 840 15403 
5021 11298 13219 
9727 9728 15857 
15875 15876 16118 
6175 15892 15893 
5728 8495 12871 
5465 7051 9029 
945 15908 16039 
8488 15920 15921 
15934 15935 16357 
510 15942 16345 
1280 14427 16840 
5340 8078 13903 
15968 15969 16420 
1066 1096 15523 
6606 9978 11556 
532 5284 16598 
15982 15983 16134 
16019 16020 16601 
829 16032 16033 
867 9112 16625 
27 3493 13371 
6741 9889 14601 
367 14143 16047 
16052 16053 16719 
4479 16054 16714 
1207 1983 11118 
785 16070 16071 
1347 1682 11124 
1155 6003 16076 
16079 16080 16197 
10293 13546 15966 
16090 16091 16578 
16099 16100 16695 
15363 16101 16102 
191 5763 11139 
107 1119 16121 
16122 16123 16685 
1471 4055 12725 
2893 16132 16133 
5665 5852 13449 
13229 13482 13927 
4271 8776 11989 
806 10036 16173 
16174 16175 16506 
491 1904 10788 
740 11196 11279 
5665 13536 16181 
16194 16195 16538 
3123 9902 16223 
320 16226 16798 
1816 2167 16230 
16231 16232 16750 
2558 5578 12499 
16233 16234 16304 
3425 4717 16237 
6229 16240 16241 
16249 16250 16853 
2830 13123 16253 
16256 16257 16733 
16267 16268 16436 
34 946 12540 
16270 16271 16549 
1379 16277 16278 
1099 16306 16721 
447 722 13650 
16213 16316 16317 
1741 14708 15453 
1705 10145 10221 
535 9155 12606 
10260 13809 16354 
13582 15825 16362 
6944 13378 16365 
11315 16367 16368 
2666 4035 16369 
192 9506 9696 
16372 16373 16464 
72 2029 11364 
16375 16376 16759 
583 15719 16377 
151 2393 16389 
4361 16392 16831 
16394 16395 16701 
11501 16399 16593 
16401 16402 16532 
16403 16404 16703 
15605 15917 16405 
917 16407 16879 
2495 10026 16408 
5391 9407 16616 
2780 13527 15660 
5551 9361 16558 
1763 16169 16443 
16457 16458 16675 
13746 13776 16742 
3075 5906 14341 
2246 4501 16462 
252 384 16466 
8650 8651 8821 
2624 5917 14046 
16498 16499 16630 
4220 16487 16503 
14359 16515 16516 
16522 16523 16622 
16533 16534 16883 
4363 16556 16818 
3040 4648 13868 
5958 5983 12927 
7959 13870 13997 
15801 16564 16565 
216 952 13005 
14285 16324 16567 
16570 16571 16709 
16586 16587 16647 
5332 15041 16453 
16595 16596 16629 
13386 16180 16597 
16607 16608 16627 
6631 16611 16612 
1395 7718 12149 
5670 16318 16545 
712 8343 15980 
893 6672 16293 
6675 12686 16642 
2492 5705 16546 
2704 16643 16770 
16656 16657 16781 
1743 16661 16662 
6944 7281 16615 
16671 16672 16765 
8182 11376 13044 
13791 15841 16677 
1331 9953 16889 
1303 16153 16349 
349 2875 10878 
7719 14116 15909 
952 13422 16045 
1220 1481 16003 
4272 16459 16712 
4942 16518 16691 
16726 16727 16808 
14438 14439 16749 
15199 16366 16507 
10985 15578 16774 
5491 16064 16605 
6541 9344 16758 
913 14217 15902 
14774 15062 16797 
1363 3472 10445 
10133 12605 16769 
82 15548 16560 
5086 5708 16806 
9644 11101 15405 
6418 11538 16252 
590 1474 14916 
4935 5955 10805 
533 7081 15950 
2285 9126 10293 
6142 14710 14711 
790 2252 15997 
4785 5819 16864 
12639 16839 16870 
2463 16819 16873 
6799 10902 13839 
3396 16348 16882 
13396 16552 16849 
739 11145 15436 
3968 10224 15563 
16694 16695 16779 
151 8875 16450 
11077 16785 16804 
524 597 12874 
4261 13675 16410 
