1 2 81 89 743 82 1399 
7 8 812 813 371 370 
9 10 119 126 127 138 404 434 
15 16 122 123 135 150 224 251 958 1246 893 892 949 
17 18 416 492 1283 
19 20 520 521 922 1136 
21 22 349 447 448 588 635 
23 24 225 526 1346 
25 26 795 889 985 
31 32 174 223 382 412 82 1399 1640 
33 34 338 799 946 
35 36 69 70 75 76 144 145 153 154 175 180 181 186 234 337 454 727 433 639 254 
37 38 464 579 580 742 
39 40 975 976 1417 
41 42 301 788 1125 
44 45 46 758 759 43 
51 52 730 854 582 
53 54 400 401 544 
55 56 189 840 1126 820 839 
57 58 73 74 193 194 361 689 715 
59 60 120 121 428 429 847 947 1202 
61 62 108 109 289 720 1245 70 180 254 
63 64 915 1135 
67 68 575 673 1160 1218 
71 72 176 177 571 646 698 846 884 384 
77 78 149 895 1412 
79 80 143 307 512 607 608 716 753 1021 
81 82 115 116 169 816 192 1144 314 
96 97 110 619 
102 103 280 362 471 266 
104 105 467 468 574 
78 111 112 1348 
113 114 117 118 262 332 357 391 668 
124 125 267 623 663 664 1401 
130 131 459 683 
132 133 602 1091 
51 134 1468 1587 
139 140 417 605 
141 142 834 835 
101 146 414 744 1123 
155 156 695 696 
157 158 632 633 957 997 
159 160 1016 1367 
161 162 516 1315 
163 164 274 275 327 365 1129 
165 166 724 845 
167 168 192 1161 82 1399 
170 171 222 860 988 1194 
172 173 914 1356 
178 179 270 271 991 
182 183 728 729 
195 196 272 273 746 882 
51 199 200 745 582 
201 202 396 1334 1340 
203 204 986 1165 
213 214 276 277 343 534 1179 1060 
215 216 331 886 1000 1155 
217 218 439 440 598 719 731 
219 220 283 284 751 752 948 
109 221 288 289 312 313 108 639 
226 227 879 1358 
228 229 293 294 415 578 648 717 723 
230 231 476 482 1211 
232 233 1251 1364 
239 240 411 640 
241 242 420 606 634 1276 70 180 
245 246 887 892 1014 1569 893 
169 249 250 285 1006 1028 1155 1144 116 399 
253 254 804 832 1452 180 
255 256 1485 1523 1597 
65 257 258 265 266 278 362 478 888 951 308 892 
258 261 470 1134 1250 308 1446 
62 70 175 279 292 639 1415 433 108 180 
281 282 866 1320 1572 
87 286 287 569 777 1395 
295 296 457 458 1050 1257 1384 
159 299 300 1367 
177 302 384 515 583 371 370 383 410 
303 304 1105 1106 
305 306 426 427 535 880 1005 
308 309 486 1022 617 1333 
310 311 906 1052 
265 316 317 481 892 1479 1569 893 
319 320 340 824 848 849 1049 1148 510 865 665 
325 326 1011 1012 
341 342 874 1070 
222 344 522 686 254 
345 346 783 1349 1440 
3 347 348 529 1162 777 
354 355 1332 1576 
31 82 116 356 399 443 444 517 591 782 1399 1640 
363 364 863 1377 
374 375 1229 1381 
376 377 505 631 734 770 996 
378 379 599 711 768 
380 381 638 1189 
385 386 831 908 
397 398 1164 1516 
412 413 877 1270 
418 419 794 1143 
78 112 435 436 453 681 682 1163 
437 438 477 984 1203 266 
65 441 442 647 1050 1257 
449 450 483 1407 
451 452 833 1038 1368 
455 456 469 487 627 
460 461 859 1100 1322 
31 462 463 1113 1210 116 1640 
100 101 414 473 1034 
479 480 836 972 1260 1571 
192 278 488 1142 266 
490 491 672 881 977 
499 500 660 1101 1235 
82 116 506 800 1084 1088 192 1399 399 
507 508 943 944 
315 518 519 913 314 912 989 1116 1124 
156 522 523 911 1087 254 
524 525 740 764 765 
527 528 1357 1389 
540 541 567 568 1344 
550 551 803 1341 
554 555 896 897 900 
558 559 1033 1192 1200 
562 563 805 1493 
315 517 564 1053 1124 314 
555 570 897 1069 
349 588 589 1074 1491 
590 591 718 1242 116 
352 353 594 595 1055 
609 610 622 627 793 1010 
405 611 676 1365 
254 522 615 616 180 
433 626 1092 1228 
627 628 674 675 
422 644 645 699 700 821 421 
15 72 522 648 1056 16 254 
649 650 697 769 1449 
658 659 690 998 1078 1277 
669 670 930 931 1291 
671 672 714 881 1044 
693 694 928 929 
122 703 704 1190 1212 810 811 16 
3 733 1475 1525 777 152 
735 736 1095 1593 
749 750 956 1269 
756 757 867 1416 
308 617 771 1156 1333 103 258 
772 773 822 999 1204 
796 797 1079 1458 
573 808 809 864 
648 818 819 903 
825 826 1215 1278 
841 842 861 862 1345 
843 844 1329 1466 
194 850 851 1392 
604 855 856 1526 1527 
82 215 586 587 1399 399 
242 740 765 878 
8 677 678 823 813 423 
179 883 987 1041 1042 1423 
13 14 767 798 
314 315 932 1124 1197 870 1144 
522 933 934 1330 254 
952 953 1253 1254 1492 
790 954 955 995 789 992 
257 959 960 1067 266 258 
967 968 1316 1405 1540 
969 970 1195 1196 
973 974 1184 1498 
978 979 1099 1145 
70 606 994 1465 1524 180 254 
4 286 777 1400 151 152 
1025 1026 1191 1296 1297 
412 877 1027 1247 
281 1031 1032 1426 
1058 1059 1453 1619 
1089 1090 1214 1273 
371 1109 1110 1353 370 384 
1114 1115 1139 1467 
51 582 1137 1138 65 
1140 1141 1292 1494 
1171 1172 1312 1480 
1240 1241 1461 1496 
151 935 1193 1331 952 
254 763 1347 1459 180 
1112 1354 1355 1538 
432 433 1092 1397 1670 
1444 1445 1585 1622 
584 585 1022 1085 308 
358 359 1120 1528 
536 923 1209 1321 84 537 1363 
254 1061 1374 1682 
5 6 732 1057 395 394 1295 
11 12 1265 
27 28 1473 
29 30 1488 
90 91 252 
94 95 1086 
98 99 185 
106 107 902 
128 129 472 
136 137 1149 
147 148 1017 
187 188 1430 
190 191 509 
188 197 198 
209 210 1102 
211 212 1261 
235 236 612 
237 238 817 
247 248 766 
259 260 489 
297 298 1305 
84 318 360 1209 
321 322 339 
323 324 1378 
329 330 409 1375 
333 334 526 
335 336 1427 
368 369 1566 
372 373 1268 
402 403 679 
407 408 1414 
430 431 1018 
465 466 1366 
474 475 1448 
484 485 1663 
493 494 1530 
497 498 1472 
42 503 504 
510 511 665 151 777 1148 
513 514 1239 
532 533 1284 
538 539 901 
542 543 1262 
547 548 1352 
560 561 1660 
596 597 1213 
600 601 1226 
613 614 1166 
629 630 800 82 
641 642 1225 
651 652 1578 
653 654 1570 
655 656 657 
684 685 1043 
687 688 750 
691 692 1130 
701 702 1478 
705 706 1288 
721 722 791 
737 738 1133 
747 748 885 
754 755 990 923 
760 761 950 
603 604 776 
778 779 792 
786 787 1667 
801 802 1075 
814 815 971 
827 828 1506 
852 853 871 
857 858 1298 
868 869 1222 
872 873 1234 
875 876 1327 
890 891 1553 
909 910 1037 
916 917 1693 
924 925 1557 
926 927 1686 
940 941 1533 
980 981 1308 
992 993 1470 789 
1001 1002 1170 
1003 1004 1543 
1023 1024 1606 
1035 1036 1207 
362 1046 1047 266 
405 406 1048 
501 1054 1369 
1065 1066 1096 
888 1076 1077 266 
1103 1104 1396 
1121 1122 1287 
1180 1181 1429 
1185 1186 1642 
1187 1188 1201 
1198 1199 1625 
1216 1217 1676 
1219 1220 1481 
29 1223 1224 
1230 1231 1457 
1237 1238 1311 
1207 1208 1252 
1255 1256 1395 87 88 
1258 1259 1404 
1263 1264 1548 
1266 1267 1497 
1271 1272 1692 
1279 1280 1420 
1285 1286 1406 
1293 1294 1620 
24 1313 1314 
1153 1317 1360 
1325 1326 1547 
1327 1335 1336 
1337 1338 1509 
1072 1339 1499 
1361 1362 1607 
1383 1384 1413 1257 
1390 1391 1502 
983 984 1051 266 1584 
115 1408 1409 
1424 1425 1595 
1433 1434 1514 
1222 1432 1436 
1442 1443 1541 
383 1045 1454 384 
1462 1463 1542 
729 1411 1484 
1517 1518 1600 
1521 1522 1567 
1183 1537 1582 
1549 1550 1577 
1387 1559 1560 
849 1015 1221 
65 66 1590 581 
828 1117 1359 
794 1515 1596 
184 185 1460 
292 1610 1611 
992 1169 1546 789 
72 1536 1627 
691 1009 1628 
354 1469 1641 
65 351 1579 581 
625 821 1583 
1226 1227 1447 
590 1474 1677 
382 1678 1679 
256 1503 1601 
679 680 945 
