1703 1704 1870 1871 2054 2177 2178 2273 2564 2622 2632 
279 412 1260 1705 1706 
1707 1708 1725 1753 1754 1780 1781 1787 1788 1789 1791 1792 1806 1807 1827 1828 1829 1830 1832 1836 1846 1912 1913 1934 1944 2038 2104 
806 807 1150 1709 
82 151 935 952 1193 1331 1710 
222 258 704 819 1050 1251 1276 1375 1428 1705 1711 1717 1824 2089 2222 
1712 1713 2429 2430 2549 2573 
1714 1715 2346 2436 2440 2533 
517 665 1716 2806 
37 38 464 580 742 
387 790 1711 1718 1719 1720 1741 1742 1820 1867 1874 2033 2045 2210 2258 
1723 1724 1872 2082 2083 2229 2287 
3 1726 1727 1757 
61 62 108 109 289 720 1245 
327 1728 1729 1854 2410 
1730 1731 1865 1866 2246 2639 2802 
1733 1734 1762 2574 2751 
627 1736 1737 2403 2468 
1738 1739 1875 1883 1884 2117 2146 2345 2362 
1141 1740 2016 2334 2493 2572 
37 327 464 1744 
824 892 1148 1745 3010 
712 1746 1927 1928 2262 
1319 1748 1953 2301 2344 2367 
65 1749 2602 2838 
722 1696 1750 2131 
1751 1752 2646 2723 
44 260 1755 2409 2817 
825 1278 1756 1931 2236 
1758 1759 1859 1860 1986 1987 2010 2017 2023 2088 2233 
103 280 362 739 2393 
801 1071 1765 2095 2219 2310 2442 
192 265 278 362 1766 1767 1810 1916 2029 2163 2255 
106 1165 1768 1769 
648 1056 1772 2551 
828 1773 2068 2176 
1776 1777 1945 1946 1971 2008 2140 
1782 1783 1930 2001 2002 2071 2072 2198 2263 
31 462 1113 1784 
1785 1786 2464 2866 
285 536 923 1089 1155 1947 1948 2268 
973 974 1184 1793 1794 2022 2102 2130 2312 2444 2461 2918 
1795 1796 2117 2118 2343 2379 2778 
1800 1801 1894 2216 2217 
115 116 816 1766 1802 2483 
170 171 222 860 988 1194 1929 2084 2168 
1804 1805 2266 2267 2721 
382 888 1813 1985 
1279 1280 1420 1814 1815 
674 1819 1978 2187 2208 2209 2351 
428 947 1821 2049 2373 2374 
868 869 1222 1822 2085 
1825 1826 2205 2517 2582 
270 1831 2230 2298 
62 175 279 292 639 1415 
293 1835 1845 1911 2224 2247 2327 2720 
32 1127 1128 1837 
756 757 867 1842 
873 1843 1844 2633 
1847 1848 1910 2384 2634 
1851 1852 1856 2359 
65 192 1251 1853 2458 
78 112 435 436 453 681 682 1163 1855 
1861 1862 2259 2329 2742 2832 
1207 1863 1864 2114 
1061 1682 1685 1823 1873 2039 2100 2150 2445 
437 984 1876 2685 2762 
824 1148 1877 1878 3010 
857 1879 1880 2232 
163 274 365 1129 1854 2157 2410 
803 1881 1882 1899 2175 2237 
1885 1886 2057 2058 2120 2306 
665 946 1889 1890 1932 2117 
984 1512 1893 1954 
394 395 1295 2138 2226 
1895 1896 2018 2030 2128 2129 2139 2481 
1897 1898 1972 1990 2180 2264 2265 
1902 1903 2238 2311 2390 2901 
491 1904 1905 2398 2401 2885 
387 790 1908 1950 2252 
230 231 476 482 1211 1909 
774 775 848 2243 
20 1285 1914 2284 2285 
920 921 1151 1915 1966 
651 1064 1917 1918 2207 
1919 1920 2062 2597 
1906 1921 1922 1943 2024 2188 
19 426 427 952 1244 1923 
19 151 521 952 1925 
675 1273 1363 2050 2093 2094 
739 953 1253 2276 
188 1935 1936 2683 2730 
522 911 1056 1729 
15 72 156 1087 1938 1953 2148 2473 2486 
801 1940 1941 2199 2571 
1090 1510 1942 2887 
1367 1951 1952 2096 2323 
315 518 519 913 
169 570 1069 1955 1956 2079 
1590 1957 1958 2702 
1959 1960 2788 2798 
317 824 1148 1962 2270 2361 
452 1038 1342 1968 
1897 1972 1973 2204 2292 
253 254 804 832 1452 1974 
82 1084 1735 1977 
104 105 468 574 
30 1924 1979 1980 
230 482 1211 1984 2077 2078 
687 688 750 1722 2614 
893 949 1883 2510 
531 778 1872 1991 
237 1992 2305 2655 
179 991 1998 2505 
82 517 1732 1999 2000 2113 
1015 2003 2004 2789 
237 1207 1924 2005 
169 1144 1900 2006 
176 177 646 884 1056 2417 
768 1167 2009 2903 
1063 1330 2011 2767 
796 2019 2020 2535 
47 2025 2026 2053 2385 
298 2027 2028 2548 2665 
2034 2035 2433 2443 
2036 2037 2331 2713 
320 2047 2048 2352 2388 
44 46 758 759 2409 
82 410 557 1808 2203 2611 
382 698 1678 1813 
433 1092 2059 2366 
771 2063 2064 2163 2563 
604 855 1526 1527 2065 2223 2347 2454 2488 
2069 2070 2110 2111 2116 2196 2542 
2075 2076 2253 2472 
610 622 627 793 1010 2877 
1050 2086 2321 2749 
1251 2021 2091 2439 2757 
710 1623 2092 2974 
1141 1292 2099 2132 2455 
1072 1073 2103 2313 2353 2428 
1689 2112 2407 2408 
1906 1922 2115 2143 2188 2283 
460 461 859 1100 1322 
315 573 864 2231 2261 
2124 2125 2422 2805 
72 1363 2133 2134 2202 2322 2397 2669 
169 778 1900 2137 
155 2141 2809 2933 
169 1144 2142 2531 2532 
16 122 135 150 224 2156 2330 
156 695 2149 2227 
315 912 913 989 
888 2151 2761 2779 
180 2152 2225 2394 2395 
37 340 1222 1351 1546 2193 
192 232 278 943 1251 
2161 2162 2555 2604 
1306 2166 2167 2315 
32 2169 2200 2782 
103 280 687 2170 
51 134 1468 1587 2171 2172 2320 
151 828 1117 1359 2121 
1291 2179 2348 2701 
1213 2183 2184 2503 
754 755 990 2679 
2194 2195 2254 2593 
70 433 1797 2197 
286 1026 2241 2581 2689 
82 116 517 591 1735 2290 2291 2664 
824 1148 2214 2215 3010 
536 888 923 1209 2220 
665 2234 2235 2295 2499 
24 1219 2244 2478 
2256 2257 2586 2619 
169 597 2260 2724 
257 959 960 1067 
72 942 2269 2733 
79 512 753 1021 
2036 2271 2272 2617 
824 1015 2047 2388 
1093 1094 2396 2849 
1202 2278 2279 2371 
1375 2286 2606 2860 
2299 2300 2342 2954 
358 1992 2304 2305 
257 1251 2021 2309 
438 477 984 1203 
432 1092 2314 2366 
1065 2354 2355 2518 
190 1724 2823 2938 
2369 2370 2717 2718 
2377 2378 2462 2463 2801 
2380 2381 2386 2387 2583 2624 
1971 2008 2391 2909 
218 731 2392 2432 
254 2405 2738 2931 
762 763 1347 1459 
888 2420 2421 2476 
1626 2423 2424 2600 
100 101 414 1123 2684 
2425 2426 2516 2636 2871 
2434 2435 2715 2716 
349 588 2437 2674 2722 
2225 2457 2630 2656 
2469 2470 2744 2753 
2479 2480 2676 2703 2897 
2066 2067 2494 2495 2783 
103 687 731 1722 
992 2500 2501 2833 
959 1635 2509 2983 
317 892 920 921 2758 
257 362 1156 2497 2534 
151 952 953 1253 1492 2881 
1210 1824 2540 2647 
194 850 1392 2769 
62 2558 2559 2631 
2579 2580 2641 2699 
192 278 488 1142 
32 2607 2876 2951 
299 475 2609 2709 
2615 2616 2687 2839 
2094 2637 2638 2708 
159 160 1016 1367 
24 65 192 2326 2915 
349 2705 2875 2936 
1578 2293 2294 2419 
362 2163 2497 2725 
32 2714 2747 2772 
278 488 2729 2781 
2736 2737 2775 2776 
407 408 2357 2837 
480 836 972 1571 2843 
450 1068 2660 2661 
34 799 946 3009 
82 116 192 1732 1766 1833 2928 
1906 1907 2349 2759 
169 1144 1342 2790 3020 
308 617 873 2880 
87 88 1395 
797 1079 1743 
1366 1763 1764 
1770 1771 2031 
1774 1775 2745 
1778 1779 2033 
349 1747 1799 
705 1803 2869 
1263 1811 1812 
1816 1817 2546 
1838 1839 2940 
1840 1841 2160 
1849 1850 2613 
1857 1858 2527 
335 336 2953 
1868 1869 2784 
1887 1888 2650 
1891 1892 2046 
421 422 644 
355 1576 1933 
966 1568 1963 
1964 1965 2895 
1099 1967 2621 
1969 1970 2949 
1975 1976 1993 
4 1981 2657 
1982 1983 2438 
613 614 2891 
1547 1988 1989 
1994 1995 2504 
1443 2007 2368 
658 659 998 
2012 2013 2981 
2014 2015 2605 
5 732 2389 
2055 2056 2106 
2073 2074 2245 
1490 2080 2523 
790 1430 2081 
1605 2087 2982 
562 563 805 
2097 2098 2537 
2108 2109 2892 
2126 2127 2218 
2135 2136 2603 
736 2147 2863 
14 798 2785 
2154 2155 2850 
2158 2159 2414 
659 2164 2165 
2173 2174 2958 
2181 2182 2867 
2185 2186 2592 
2191 2192 2406 
691 1009 2350 
2239 2240 2932 
1555 2242 2360 
2250 2251 2686 
2274 2275 2840 
2281 2282 2711 
576 1323 2441 
2307 2308 2629 
2316 2317 2924 
2318 2319 2498 
888 2324 2325 
1486 1487 2328 
778 2332 2333 
2335 2336 2363 
418 2339 2340 
1423 2341 2882 
1216 1217 1676 
2375 2376 2859 
1335 1336 2979 
826 1931 2144 
2411 2412 2482 
213 277 343 
981 1308 2418 
1383 1384 2966 
2450 2451 2925 
888 2228 2456 
2459 2460 2984 
225 2471 2904 
2474 2475 2545 
909 970 1037 
1046 1222 2477 
1547 2484 2485 
1567 2487 2957 
2489 2490 2864 
2049 2491 2492 
28 1473 2846 
590 1474 1677 
29 30 2506 
2507 2508 2618 
535 2511 2934 
2512 2513 2956 
729 1411 1484 
590 2520 2521 
55 840 1126 
1411 2524 2525 
2528 2529 2666 
1269 1398 2530 
1326 2536 2879 
173 1356 2541 
2543 2544 2739 
103 1937 2550 
2202 2365 2553 
1288 2560 2950 
2561 2562 2608 
1255 1554 2576 
2208 2577 2578 
2590 2591 2978 
2595 2596 3019 
1263 1264 1548 
1387 2610 2878 
1092 1439 2519 
2625 2626 2700 
32 1798 2640 
1424 2642 2643 
372 373 2649 
2651 2652 2800 
1603 2667 2989 
455 627 2671 
2677 2678 2799 
308 2119 2682 
560 561 1660 
2693 2694 2755 
2696 2697 2750 
2105 2106 2712 
24 1476 2726 
2740 2741 2822 
1997 2756 3001 
828 2364 2402 
2765 2766 3012 
729 894 2768 
2770 2771 2828 
2791 2792 2955 
2810 2811 3002 
2812 2813 2926 
299 300 2820 
1402 2829 2990 
661 662 2865 
2835 2836 2845 
2841 2842 2906 
2019 2620 2777 
2861 2862 2868 
349 1074 2668 
412 413 877 
308 618 1333 
2794 2870 2935 
522 933 934 
1932 2090 2145 
295 1050 2886 
888 2206 2431 
2201 2202 2465 
828 2302 2905 
2807 2913 2914 
1207 1208 1252 
91 1520 2927 
2929 2930 2973 
358 1528 2943 
627 672 2947 
299 1561 2466 
2488 2941 2944 
736 2221 2447 
383 583 2977 
2994 2995 3011 
3 1525 2467 
2612 2613 3022 
2546 2547 2946 
1072 1499 2698 
648 1939 2760 
1605 2787 2976 
