121 148 157 181 197 
89 104 105 196 
29 45 46 48 50 60 91 92 95 109 113 149 150 153 168 177 178 192 
112 148 157 207 
18 117 146 169 184 
1 7 8 13 14 26 30 47 63 72 73 75 76 77 78 85 86 100 102 110 122 136 158 167 174 176 199 200 205 
16 19 25 32 94 97 101 118 129 171 187 190 204 
3 4 5 6 19 22 23 31 32 34 36 40 42 51 64 65 66 68 69 81 82 88 101 115 124 125 127 134 137 139 156 170 173 175 188 190 195 203 207 208 
33 89 90 105 
6 32 33 111 
5 11 30 51 52 152 
17 22 30 53 55 83 84 130 140 162 183 
2 10 89 204 206 
18 53 54 58 83 87 130 169 183 
11 20 30 49 101 
2 25 94 108 136 
6 11 30 39 76 111 119 143 
32 33 94 185 189 
148 157 204 206 
11 30 49 54 57 87 
2 15 27 67 94 123 136 204 
5 52 69 128 133 
