3 4 5 6 11 18 19 20 21 23 30 32 33 34 40 41 51 54 64 65 66 68 69 79 82 83 87 88 96 101 111 115 124 125 127 128 131 134 137 139 144 152 155 156 162 170 171 173 175 177 185 188 190 195 201 203 207 208 
1 7 8 13 14 25 26 30 38 47 63 72 73 74 76 77 78 86 100 102 123 136 143 167 176 199 200 205 
19 29 40 45 46 48 50 60 91 92 95 109 113 131 149 150 153 168 177 178 192 193 203 
9 10 13 14 15 25 27 32 44 59 70 94 101 102 103 107 108 123 135 136 171 185 191 204 206 
17 18 58 83 147 169 194 
53 54 83 84 147 
39 49 119 204 207 208 
2 19 97 101 204 209 
9 13 72 85 158 167 191 
16 43 126 166 194 208 
89 90 104 105 196 202 
148 157 170 181 197 207 
30 55 83 147 
67 101 129 162 204 
5 22 52 83 140 147 
30 38 75 122 
112 148 207 208 
67 148 157 204 208 
43 83 146 161 162 166 186 194 
32 57 74 199 207 
