3 4 5 6 19 21 22 23 24 25 31 32 33 34 36 37 40 41 42 51 52 54 56 57 62 64 65 66 68 69 74 81 82 88 96 101 111 115 120 122 124 125 127 134 137 138 139 142 144 148 151 152 156 164 170 173 175 177 188 190 195 201 203 
9 16 19 32 87 97 101 118 129 134 171 187 190 204 
29 45 46 48 50 60 91 92 113 149 150 177 178 
1 7 8 13 14 26 30 38 47 63 72 73 76 77 78 85 100 102 136 167 176 199 200 205 
9 10 13 59 72 85 94 136 158 191 
38 39 75 76 86 122 
46 48 95 109 113 149 153 168 177 192 193 
17 58 87 130 169 183 
17 18 99 146 184 
18 22 53 54 130 140 183 
121 157 181 197 204 
22 43 64 147 183 
11 19 20 32 93 
9 13 27 44 70 204 206 
43 56 64 147 184 
2 9 15 27 44 136 204 
17 54 87 105 
