10 25 27 39 55 70 73 75 78 86 111 119 123 143 185 199 208 
29 41 45 46 48 50 60 91 92 95 109 113 131 149 150 153 168 178 193 
87 117 146 169 
18 22 53 64 83 147 
11 39 51 54 87 208 
90 185 196 206 
3 5 19 34 40 51 64 68 69 96 101 115 131 139 207 208 
30 83 106 146 147 
17 55 90 101 162 197 
58 64 75 83 117 169 
90 105 129 206 
14 38 47 49 200 
39 49 115 208 
39 54 67 101 199 
72 73 76 100 167 
74 101 126 166 197 
2 9 70 119 204 
1 14 102 158 199 
2 9 14 26 59 70 136 
10 25 74 101 206 
5 22 23 40 88 127 
121 148 197 
