9 17 27 43 44 83 99 126 141 145 165 169 184 
3 4 5 6 11 12 16 17 19 20 21 22 23 24 25 30 31 32 33 34 36 37 40 41 42 49 51 52 54 55 56 64 65 66 68 69 74 79 81 82 86 87 88 93 94 96 97 101 111 115 116 118 120 122 124 125 127 128 131 133 134 137 138 139 142 144 145 148 151 152 156 164 171 173 175 177 180 184 187 188 190 195 
14 49 99 126 
1 2 7 8 9 10 13 14 15 25 26 27 30 35 38 39 44 47 49 59 61 62 63 67 70 71 72 73 74 75 76 77 78 85 86 93 94 97 100 102 103 107 108 110 111 114 119 122 123 135 136 143 158 159 167 174 176 180 185 191 194 
17 18 22 30 53 54 55 58 74 83 87 90 101 104 105 106 130 140 145 146 162 169 183 
28 29 50 60 91 92 113 131 150 178 
55 80 106 116 117 141 145 146 162 165 166 172 179 184 
23 36 61 112 132 148 157 
46 48 95 109 192 193 
116 148 157 179 196 
83 84 114 130 198 
114 121 132 148 198 
46 131 149 192 
36 132 139 170 
72 85 144 155 
