44 55 99 114 126 141 145 162 165 
28 29 31 45 50 60 91 92 150 153 178 
1 2 6 7 8 9 10 11 13 14 25 26 30 38 39 47 49 59 62 63 70 71 72 73 74 75 76 77 78 85 86 93 94 100 102 103 108 110 111 119 122 136 143 158 167 174 176 
3 4 5 6 9 11 12 16 17 19 20 21 22 23 24 25 30 31 32 33 34 36 37 40 41 42 43 51 52 56 58 61 64 65 66 67 68 69 74 81 82 87 88 93 94 96 97 101 108 114 115 120 122 123 124 125 127 128 133 134 137 138 139 142 145 147 151 152 156 164 173 175 
2 9 13 14 15 27 35 36 39 44 61 67 73 93 102 107 110 119 123 135 154 159 
36 121 132 157 170 
30 55 80 106 122 162 
17 58 106 130 140 146 
72 93 144 145 155 
57 61 101 118 129 
43 113 145 165 169 
18 22 130 140 
31 46 120 131 174 180 
154 160 182 186 
54 101 116 117 145 
22 83 114 130 
36 61 112 148 157 
16 57 101 118 187 
31 154 161 182 
54 75 117 145 166 
