1 2 6 7 8 9 10 13 14 15 25 26 27 30 35 36 38 39 43 44 47 49 52 59 61 62 63 67 70 71 72 73 74 75 76 77 78 85 86 93 94 99 100 102 103 107 108 110 111 119 122 123 135 136 143 154 158 167 174 176 
3 4 5 6 11 12 19 20 21 22 23 24 32 34 36 40 41 42 51 52 56 64 65 66 68 69 79 81 82 87 88 96 101 115 120 124 125 127 128 131 133 134 137 138 139 142 145 151 152 156 164 173 174 175 
9 61 97 118 129 
16 19 25 32 33 37 52 64 74 93 94 101 
43 99 126 145 
28 29 31 45 48 50 60 91 92 131 178 
18 55 80 106 145 162 
18 116 117 166 
72 138 144 154 155 
9 126 141 145 146 
17 58 99 145 147 
5 58 137 140 163 181 
36 132 170 
