7742 2605
5886 46
4620 7743
1587 7744
7745 4135
801 3050
7746 1716
7747 1255
4135 7748
6679 151
7749 3770
7750 1213
7751 1609
7752 7753
7754 7755
1253 7756
7757 1155
7758 7759
7760 4911
7761 2142
4472 2289
7762 7763
4806 7764
5918 5862
7765 1924
3090 165
1616 7766
1719 7767
7768 7769
3100 192
7770 7771
7772 7773
354 7774
5585 7775
5705 7776
7777 7778
7779 657
7780 7781
4453 4454
7782 942
7783 7784
893 3396
1552 5933
5616 7785
7786 7787
7788 7789
7790 7791
7792 7793
4183 5250
7794 7791
2636 7795
6310 7296
4806 7796
7765 7797
7798 7799
7800 7801
7802 480
923 3114
7803 3731
5946 1077
6502 7804
7805 7806
1137 5952
1444 470
7807 3717
151 7808
3485 7809
7810 7811
7812 7813
3761 7814
6723 7815
7816 7817
3307 7818
4499 3964
7819 7820
1837 32
7821 710
7822 7823
7824 984
4505 4506
7825 7826
7827 440
7828 4005
886 134
7829 2605
7155 1735
7830 7831
1089 5984
7832 7167
7833 1493
7834 3780
4511 4512
4243 7818
6905 7835
7836 665
7837 46
7838 7839
4474 7840
7789 7477
7841 1644
1414 7842
7843 4874
1072 4518
300 3571
7844 5489
2659 7845
7794 7771
1219 7528
7656 7846
778 4520
3197 1325
163 365
7847 1124
3198 3199
4957 7848
7849 7850
1253 7851
1778 7852
7853 2363
488 3647
7854 51
2170 5491
2637 7855
7118 317
349 4135
3656 7856
777 7857
7858 175
394 395
7859 3429
113 7860
7861 7862
7863 2653
7864 103
1659 7865
2781 1273
278 7866
7420 256
7867 7868
7869 7870
7830 7871
1929 7872
3983 7873
7874 7875
31 7876
7877 3647
7878 7879
447 448
7880 7881
7882 923
7883 2807
2773 7884
61 7885
6036 3516
7886 7887
3264 103
7888 6485
1568 7889
7890 7891
2748 5750
5540 587
7892 7893
1942 7894
1610 4590
7895 7896
1017 7897
7898 2807
151 4005
6575 7899
1114 952
4593 134
2636 1253
409 7884
4602 317
7900 3453
1714 7901
7902 7903
7549 7904
4137 7905
1144 893
7906 7907
151 2393
7908 7909
4461 4618
7910 15
7708 826
7911 7855
37 997
1519 71
7912 2060
2417 4625
4574 7913
1090 1716
7914 6777
7915 1757
7916 84
990 7917
2364 1506
5363 4041
933 4634
4964 7918
1803 7919
3197 7920
7557 5857
3885 6078
7921 7922
7923 7924
7925 7926
6047 7927
6038 7928
617 618
7929 7019
4324 7930
7931 7932
2669 3285
7933 2258
7934 7935
7936 7937
7938 1345
7859 7939
7923 7940
1924 2005
6096 712
3331 3332
7941 3729
7880 1345
3219 2087
7942 7943
7944 7945
7946 7947
7948 7949
7950 7951
7952 634
488 7953
7954 7955
5488 4942
245 317
7785 2451
24 1333
7956 7957
3489 7958
682 78
7959 7960
6115 122
5530 1244
7961 7962
7963 7964
7965 5490
3362 323
3884 1063
7966 7967
7968 2871
1096 1165
7969 7970
7971 7972
7973 4284
4709 4710
7828 152
254 357
151 665
6127 388
151 7974
6130 44
7975 1155
657 7976
7977 7978
4617 4398
1757 3551
5517 5952
6134 265
7855 7804
5173 6884
7979 7980
7981 819
3489 6140
7982 7983
3252 4522
810 7984
7985 7155
7986 5952
7987 1092
7944 4460
2155 7988
7989 7990
3357 4856
7991 7992
7904 1632
7993 7994
3462 1062
72 3177
7995 7996
7997 724
1887 7998
7786 7999
3954 8000
7615 8001
6163 6164
1148 8002
8003 8004
8005 8006
3427 573
1493 7705
8007 1069
1477 8008
8009 8010
1719 8011
6173 1605
6036 72
5857 7439
7933 1493
8012 4616
8013 8014
820 6964
6176 3781
5294 8015
8016 8017
5027 5952
8018 3198
8019 8020
674 8021
1555 724
8022 4472
8023 5509
7755 8024
6183 2769
3869 2417
7915 349
51 5952
3214 8025
1568 8026
349 8027
8028 51
2637 1270
8029 438
8030 3761
801 8031
8032 8033
8034 7799
8035 32
8036 3030
8037 5142
3754 913
8038 382
1357 8039
215 886
8040 8041
4803 1476
1144 2142
8042 7763
8043 7861
100 5523
16 122
675 1270
959 278
8044 819
778 7760
6208 6209
8045 8046
8047 22
8048 1942
6212 362
7019 8049
7880 8050
8003 8051
8052 3271
1800 4823
7805 8053
1718 8011
8054 8055
6223 6224
8056 8057
8058 8059
8060 5000
6861 8061
6374 46
8062 6341
6229 6230
8063 4542
7482 8064
1481 5867
8065 8066
8067 164
2337 2769
2991 8068
8069 8070
5144 7981
4284 8056
7810 1213
659 8071
8072 983
3166 2871
5286 8073
19 6243
8074 1144
892 265
951 258
886 216
3559 8
8075 8076
412 2907
8077 8078
1449 8079
2420 810
6754 8080
4856 3293
3646 8081
8082 8083
8084 8085
2012 8086
5 3528
8087 440
8088 974
8089 8090
8061 3761
8091 8092
2683 4666
517 1659
2063 8093
8094 8095
314 8096
2857 8097
1033 8098
78 4882
7270 8099
6127 1127
4810 1033
8100 8101
984 8102
3331 7885
4496 4883
8103 8104
8105 8106
8107 7940
4983 5886
7565 8108
8109 1076
8110 8096
8029 477
8111 946
8061 5152
1046 4964
8112 8113
6277 6278
8114 8115
855 2223
8116 264
7820 8117
8118 8119
8120 8121
8122 8123
8124 3510
7868 8125
8126 8127
7745 8128
8129 8130
8131 3781
130 5152
4957 826
1714 7664
5580 984
7948 8132
3570 3571
8133 5225
8134 1796
3572 3573
8135 369
8136 944
8137 8138
8139 7785
1096 8140
8050 8141
763 8033
7881 8142
8143 6905
1148 718
810 888
7792 913
8144 8145
8146 8147
8148 8149
8150 8151
388 1128
8152 8153
7774 8154
1428 8155
8109 8156
8109 8157
7980 8158
5530 6308
7820 8159
1660 8160
224 6310
2637 6502
7784 7328
8161 8154
2781 8162
8163 1915
3570 82
1057 6
2636 8164
8165 8166
3741 2211
6886 8167
8168 8169
2391 8170
8171 8172
4935 192
8173 8174
888 8101
797 739
985 8175
6320 1722
3374 3603
8176 8177
816 8178
412 8179
4948 14
855 4740
1729 6329
1887 4949
5190 997
1722 7879
8180 1333
8181 819
8182 8183
8184 4817
2211 3331
1082 1083
256 4956
8185 7876
8186 8187
3615 665
923 360
824 4960
8188 8189
5125 8079
8120 8190
8191 8192
8157 8193
8194 8195
8196 8197
8198 974
6346 4312
2857 3196
8199 4617
199 8200
8201 531
8202 6963
675 6047
94 4712
8203 257
7118 892
810 7791
4983 4616
8204 8046
8205 5339
902 8206
8129 438
4991 4992
6366 6224
340 8207
3518 1765
4250 8208
659 998
3212 646
134 8209
7893 6140
6038 1800
2062 8210
8211 1632
7944 8212
3943 8213
8214 8215
8216 1413
8217 8218
2163 278
7771 8193
771 2063
8219 394
5009 2029
4496 8220
3614 886
7929 8221
237 1924
923 2534
984 477
1802 115
5138 4647
3658 3199
8222 886
5027 51
3165 4522
4768 8223
2393 7924
8224 8225
946 3328
2675 639
5190 8036
8226 8008
2193 4620
8227 832
8228 8229
7975 317
3985 8030
4368 246
1105 130
1347 8230
8231 8232
8233 8234
5391 32
7870 8235
4368 8236
7833 7933
8237 7371
942 6329
8238 8239
8240 8241
8242 8243
8244 3489
1748 2344
2859 8245
7975 7437
1883 8246
8247 1890
8248 8249
7749 4283
8223 3894
8250 8251
280 8252
8101 8157
2900 8253
7658 7888
8254 8255
8122 8256
7848 826
7944 8257
1666 8258
1395 8259
4752 653
8260 8261
8262 8263
8264 8265
8266 116
1207 8267
1849 8268
3985 3761
6437 3361
8269 2990
861 8270
2157 278
2359 1851
6438 4922
8271 7973
4392 826
1071 8272
3069 2822
7511 8273
1808 3771
8274 8275
1719 3708
1800 1083
8117 8276
7761 8277
7091 8278
8036 8093
8279 3973
7843 8280
6446 6447
8281 8282
8283 8284
8285 8286
2372 5060
4620 5107
1313 8287
6826 1026
3862 8288
8289 7934
1378 8290
151 7923
8291 7841
933 8292
8293 2136
8294 8115
8273 6839
3485 8295
8296 8297
2372 51
8298 6562
7761 8299
115 8300
8200 7899
5190 3464
7731 5152
2094 3739
8301 7821
3741 3331
7789 8302
2857 3212
8303 5514
6308 1244
4246 3708
8304 8305
8035 8306
8307 448
8308 1392
805 237
893 952
8309 651
8310 8311
8312 8209
4786 8313
8314 8099
2014 2659
5142 1413
8315 731
7973 8057
4278 6473
299 5149
4012 965
5276 8316
8317 8065
2743 8069
4649 369
888 8318
6484 6485
84 384
6486 942
4803 24
2116 8319
8320 7293
8321 2857
6316 6489
8107 8004
8322 8323
5166 3379
8324 8325
8326 1864
8327 3779
3729 3348
1602 2346
8328 7875
8185 22
7035 3252
8329 8194
1942 405
4511 5182
4219 8330
6673 8331
8332 8333
8334 8051
8277 8299
3768 3086
245 5186
1222 1141
1333 103
2395 8207
1656 8335
8336 8226
8337 8338
2609 704
935 3770
8339 5234
8340 8042
8341 8342
679 402
6510 6223
3564 8008
8343 712
1137 5209
8050 8142
8234 8344
6117 8345
7994 946
7075 6409
8346 8347
3389 3673
1714 8348
8066 8349
5705 8350
8351 8352
1127 832
8353 68
299 2330
327 176
8354 8124
4785 72
702 3462
7954 8355
5221 5075
4769 317
5225 5226
873 362
175 8356
8005 8357
8215 4522
8358 8359
8168 8360
151 3779
44 8361
682 4882
3268 8362
8363 8364
2482 5184
8365 2410
8366 1124
1747 8367
7035 4522
845 166
8368 8369
580 8226
31 8185
1467 3749
2748 6541
8098 8370
1084 5130
8117 7801
8371 863
19 5152
8372 45
6130 46
7968 2425
3292 4461
8373 8374
8375 8376
6759 8377
8378 8379
993 8256
8380 5388
6516 3729
8034 8159
8381 8117
8382 7839
8383 1799
3884 6078
5333 952
6409 6224
8384 8385
2442 1765
8386 7801
1952 1367
5509 8387
1851 3392
5301 1716
2211 8388
72 5261
3089 573
6486 1729
1711 1536
6548 1727
1357 8389
8390 8391
8392 8393
8394 8356
8088 3748
8395 8396
8156 7791
1800 643
4848 8397
7782 7161
32 8306
6191 4616
3292 4520
8398 8399
2163 362
8400 8401
5705 8402
163 8067
7950 7949
6081 8403
6553 6554
8404 951
8185 8405
8406 8407
5094 5272
3815 582
6559 4283
8405 22
6679 8408
30 5008
1151 2558
991 8085
8409 8410
6562 6171
8411 3706
7794 8156
4845 4803
1747 8027
8412 5665
2981 8174
8114 8413
1084 587
1408 2495
7923 2393
3741 6568
7664 8414
8415 8416
8417 7804
8418 4520
8283 4736
3561 8350
8419 7956
5335 8223
1766 6447
8420 8421
8422 7769
447 3729
1747 8423
6573 6574
115 8424
5144 4646
8425 2631
8426 7893
4522 8427
199 6575
8428 6886
997 158
151 8064
8429 8430
4709 2421
8279 6723
8431 5906
5551 1347
8432 8433
2974 8434
805 8435
4095 826
1800 8436
8437 8438
1151 7360
8001 2611
1924 2305
8439 3781
727 3464
8440 8441
3673 861
8442 7708
8443 8444
1519 8445
1757 21
1823 6596
7909 528
1033 3491
4453 8446
8416 2628
8447 7908
176 4218
8409 1367
855 3840
8448 32
8449 2156
7982 517
6402 1307
8450 2559
1548 1408
8451 7876
8452 8096
1757 8453
3027 1900
7745 349
8454 362
3555 24
771 4633
265 278
8455 8186
8456 8457
8400 7902
2211 8458
7656 8108
2249 704
8459 8460
8461 6371
6603 1176
6102 8462
2495 8463
2170 1367
4522 2871
8271 8057
6444 8252
8464 8465
6607 3464
8466 6536
8467 8468
888 176
8469 8470
2170 8064
3781 573
3876 8471
1727 8472
7916 1706
362 317
8473 7567
801 2130
5946 4183
8470 8474
2417 3084
8003 8334
5225 8475
8476 8477
1929 5955
6626 6627
8478 1331
6628 6629
8479 8017
8480 1659
5244 5654
8481 8482
8483 8318
7877 8081
8484 8265
5225 4650
1127 8485
8257 2225
7833 7705
3214 8130
51 8486
8487 1685
15 5279
8488 8489
1468 51
1411 1484
3564 8336
5981 8490
2516 2426
3884 3885
1144 952
5324 4472
4505 32
4827 8073
8491 3485
8492 8493
7915 8494
5190 8495
5225 8496
8442 8497
52 5209
3351 1682
4183 71
1074 16
8343 8498
1673 5333
8499 1255
134 8500
2781 8396
254 6651
8501 8210
4840 8502
8060 8503
7769 7326
84 8504
8476 1602
6679 1631
8168 8261
810 1076
8505 5841
7749 6559
8506 8216
8507 8508
6628 6666
8341 2116
8509 1092
8510 8511
8434 710
8512 8041
3848 1020
4721 6047
8118 7937
2391 7155
370 8513
7948 7951
7854 5209
8514 4472
8442 826
8515 4430
8516 8149
828 1506
24 471
805 8517
7770 8101
6673 6674
6672 893
2868 8518
1253 952
8519 8520
7802 8521
2130 1765
7035 8427
8522 8523
8067 365
8524 8417
8525 8049
3138 1141
5027 3086
1190 8526
2985 438
295 8527
4368 8528
3075 6047
179 8529
8403 913
8061 8530
151 1673
8531 8280
222 762
4785 771
5705 8532
2278 946
7902 8533
4159 8081
855 8534
1050 5142
1148 518
3212 3464
8535 1207
151 1144
4769 7866
7940 8536
3937 7439
3643 984
8537 8538
6686 2213
394 8463
8128 4135
6688 1468
8539 8540
8541 1666
1548 8542
5458 8543
8360 8261
1411 729
8109 8544
8524 8545
8546 2101
1071 3586
8516 8090
8448 8331
3374 3173
8547 8548
8549 8550
8524 7804
8551 7947
8552 8553
115 816
7489 8554
8389 8039
8040 8555
3846 6705
8556 590
8557 6112
8558 8559
7850 8560
6707 3348
8561 5886
314 1124
8562 8563
8447 8039
3943 3650
24 6711
2241 965
8214 4522
1151 216
8564 8565
8566 7296
8567 8568
7869 8235
7035 8291
8569 643
265 1948
2264 976
590 4801
1114 5317
362 976
3946 82
8570 590
2575 1808
6716 5140
3913 8571
8572 8573
8574 8575
1350 8576
440 921
6631 984
340 8577
8578 8579
8580 8581
8582 6172
156 522
8583 5032
1887 6722
1074 122
4183 1077
8488 8584
6723 6724
8585 1347
4748 4518
215 935
973 7776
8586 4844
8587 5650
8588 5491
2782 8306
8589 8590
2211 6568
2087 651
262 1141
6489 6450
7745 8591
314 3396
256 7296
1906 8592
8593 8594
8595 8596
8597 4408
845 165
828 3964
8598 8599
8600 8046
82 557
155 8601
8595 8602
2550 103
7950 8603
763 3063
7968 3166
7762 8042
7877 3646
215 4593
8604 8195
7876 8405
5665 8590
8605 8606
8113 4710
2063 5059
5521 5561
2550 5457
3361 6743
8607 8497
4284 8069
8608 3198
6127 1837
8609 2410
1324 8610
1142 278
5286 3737
7770 7791
8611 657
8612 8613
911 7167
1313 6747
8614 939
199 8549
8615 6078
8616 3429
8617 8618
8619 8
4120 8620
8621 4848
8622 943
8623 8195
952 3973
1673 8624
8100 7794
71 8625
6753 6754
8293 8626
4982 2575
7938 8142
1757 8494
8589 5665
8627 8
8191 8137
8034 8117
7881 1345
1509 1338
388 8628
1467 8629
1766 8630
845 6112
8631 8632
8633 8634
8635 1796
6166 266
8636 7961
7892 6140
8637 8638
1084 935
8639 304
8640 8641
8533 7903
8642 7902
8643 8411
8644 8645
8646 8647
6449 8648
8023 8649
8149 8089
8650 8651
8652 8243
3981 1350
8653 8138
2632 8654
8195 8655
8656 8657
7771 888
8125 8658
8659 7966
8660 1367
8661 780
4370 8662
659 801
8663 8664
8665 7021
8453 3150
1015 5467
4462 4898
6770 6771
8666 4650
828 8667
7979 8668
7848 105
224 16
771 84
5785 935
810 8318
31 1113
8669 2534
7880 8670
646 3196
7940 8051
762 8671
8484 8672
4511 1714
8527 8673
4319 8674
892 587
675 7804
8675 8676
872 175
8389 7909
15 6299
2636 2426
6782 6783
8442 8607
8109 8101
6288 514
5216 2773
1140 8335
8677 7988
6563 8678
8679 8680
8205 4716
2344 934
8681 8682
5926 3506
8683 6918
8684 7155
4496 1155
8685 7296
44 6374
1046 7953
122 6796
8595 8145
8686 7821
5488 15
6808 8687
224 6796
122 2609
5119 5490
8602 8688
8689 3166
19 7731
8391 8690
4899 8691
8692 517
8693 974
557 8694
8695 8041
2653 2654
7794 810
4724 387
7311 1384
8696 8697
2636 7851
8698 8699
199 8550
8700 8373
2927 90
8143 8701
798 8702
1718 1719
8703 8704
8629 3749
8595 8705
7932 8706
365 4138
6486 6329
4827 8707
510 2330
6081 3708
6805 665
7770 8157
2225 4460
8132 7949
3427 517
2868 46
164 5798
3705 2868
317 1155
382 8708
3973 750
7984 4218
543 6811
8709 8710
8228 2748
8711 8712
2833 8540
8713 7938
1008 8714
8715 8064
8653 8137
2442 7998
8716 8624
4767 360
8293 3862
3262 8717
3222 8718
8335 8719
5911 8720
8721 1883
7596 8722
8167 6024
7783 7328
4183 8445
8349 8723
8279 6724
122 8379
2433 6880
8724 8725
8726 8727
2637 8545
8728 8698
8729 438
6502 8524
1657 8730
3154 6176
2675 1384
8731 8732
254 861
5521 3656
8322 8733
4319 6919
8160 964
2503 587
8301 8686
5526 1050
8544 8193
4462 2330
7161 8734
8735 7918
8736 8737
6067 8738
6821 2744
8495 771
8739 5970
3705 6364
7931 8706
1222 869
1076 8157
7727 7854
8740 8741
2036 1741
2521 8742
1137 7986
1313 8743
810 8157
8684 1735
6880 8716
8744 503
2208 8745
1165 1615
7816 8746
6826 3708
8087 7827
7403 8444
1414 8747
8748 7853
1148 8547
6888 468
8749 8537
7858 8750
778 4712
8751 8752
2375 8753
2748 4398
288 109
7965 8754
8755 1438
8282 2393
517 573
246 8756
2354 8757
1548 8363
1682 5166
2611 8758
8759 5305
8760 5388
8100 1076
8761 8762
4983 46
1114 8629
8763 1165
4365 4045
8670 8141
2060 8665
3154 5317
8088 2093
6673 4506
3100 278
7400 4577
8764 8479
8765 1602
8766 8767
7981 8044
6522 158
6883 8768
8769 7916
6944 8770
151 1304
8102 438
8771 6118
8772 4816
8773 8753
4806 8774
8289 7935
151 72
580 8008
8775 8254
8045 8204
865 4408
8461 3770
8776 8777
5339 4716
8778 8779
8542 8780
8640 2208
7931 8781
758 46
1287 8782
8695 8783
8784 8568
1682 3379
8110 1124
3655 5561
8785 8786
8440 5849
8718 8359
477 438
8787 8788
3429 8789
4845 1476
1347 648
2782 8035
4399 8790
2409 758
8791 8792
6502 8417
3252 1644
7750 8163
8513 1448
8165 8793
8794 7469
135 6310
3489 3429
433 8795
46 8361
6770 7330
8796 5944
8797 6
8798 8799
90 8800
6861 6862
90 6346
6759 8167
8191 8138
8037 5526
5751 6172
8088 8693
2859 8631
8597 865
265 317
3464 646
8556 2975
3429 893
300 82
3705 8801
8339 5170
8802 8435
1069 8108
8564 7942
8803 8174
8442 8397
1714 8637
1114 2532
7815 8804
8197 8275
5258 8306
8805 8613
7907 8737
8128 7748
8769 1706
8182 2504
8376 2358
8806 8462
8807 3730
8808 8809
8100 888
2748 8229
3338 324
1605 433
7791 8544
2857 6607
5225 6879
3351 1823
6880 3977
4748 8719
2442 2130
7761 1144
963 1144
8810 4005
256 8811
8709 8233
6734 8617
805 8812
8681 8813
2983 4365
8814 1555
8469 8815
1924 6884
7906 8737
7043 8258
3564 8226
8816 8465
8817 2534
6886 6024
37 8036
1717 2559
8818 8819
2748 5098
1046 2502
6516 5738
8792 8820
8821 8650
72 648
7905 90
8822 3348
4424 2479
8569 30
8823 8824
7993 946
8696 8825
8826 317
8827 5744
8582 1823
8828 8424
1047 2393
6735 3489
8645 3234
8829 1468
8830 8831
8112 810
2488 1141
4714 8575
909 8097
2818 158
8832 810
8055 8833
7790 7794
8834 5610
8835 7148
8794 8600
942 1729
7764 7796
8280 216
4250 8180
4095 105
2338 2769
2726 24
5009 7963
8836 2410
340 8837
1057 5567
8838 8839
8840 5852
6038 8841
8842 7857
8843 8844
8845 8393
1951 3913
5926 3557
8203 2534
942 4447
5521 7856
4250 1741
8588 280
5521 7253
2636 2516
8846 8647
517 4097
6610 1062
8215 7841
8847 8675
8848 8849
1020 8850
7253 7856
8851 8852
8271 4284
8853 8158
8854 6963
19 151
5585 8529
51 52
8855 6686
2718 8295
71 72
8856 8857
2521 5489
4845 24
705 8432
8240 1636
280 5491
8568 8858
702 8859
1490 5608
8860 5226
3570 7840
8292 4723
963 8074
7389 21
5324 2289
8501 2062
1408 6920
1662 6922
7929 8049
8861 2093
1033 6923
4122 7021
4370 3396
8862 1735
778 3424
8169 8261
6925 100
1906 1922
8863 5610
8864 3024
8865 6229
4250 471
1015 8866
151 152
6928 6929
7187 8867
4228 8445
8443 7403
8643 3706
165 166
8689 2425
3464 8868
8309 8105
7790 888
8869 8760
8870 8246
475 587
5458 480
1796 8871
6607 8868
7880 8142
2495 394
4590 1611
935 8461
7122 8872
8077 8873
8522 8874
8875 8876
8877 7999
5305 7884
7819 7799
8878 8879
2748 923
4786 8880
2666 8881
6563 7801
4785 8882
5670 1660
993 4421
888 8193
8109 810
4786 8883
8884 828
6102 8885
8886 7925
8887 8000
2780 107
992 6685
6938 6939
7140 8888
3489 7893
8389 7908
3489 8841
5018 722
8140 1615
8682 8813
7911 8417
5276 8889
627 8890
8390 8690
7750 1915
33 8891
8863 8565
7864 3264
8892 868
21 349
8618 8893
265 1155
354 355
31 8451
2156 2344
7330 3571
2060 237
8604 8351
8894 8895
3252 7841
677 8627
8896 72
8237 8897
387 388
2907 8006
2495 6920
8877 7787
389 390
8898 8117
105 8899
8555 8695
8242 8900
8901 7946
8902 8255
1800 4605
6484 8720
8530 5152
2532 5317
8903 8033
7953 4138
8904 4397
8905 6629
8906 2676
8437 8312
8793 8907
4748 1072
8908 2410
8909 384
8910 7814
34 8891
7942 5610
8911 3247
8912 8913
810 3934
8914 722
8915 8471
8297 8916
1660 963
437 2393
8917 8918
8364 8780
349 8494
7877 4159
8919 8920
8921 8922
6172 5993
5042 8923
8924 5955
3981 5234
3936 4040
8765 2346
7790 8157
8925 8926
2532 266
8927 8928
8929 570
8930 8117
8931 8932
8933 358
4025 8031
6212 976
5567 6
8934 8411
2249 2609
150 2344
8378 122
7886 5970
8935 1924
698 8708
562 563
8794 8046
8577 8207
1915 1144
3489 7032
1411 8876
6036 648
3551 349
8125 8936
6563 7800
4504 648
8358 8718
2376 8631
4709 8112
8835 4823
8121 8187
8937 7983
3087 6102
8107 8536
8394 7858
774 1403
8938 8571
8287 8939
8759 7884
4246 1026
90 5598
1207 2114
8940 8941
8942 8943
7984 8081
8391 440
16 6796
8283 8944
6987 531
8945 8946
109 8947
1706 384
8948 8326
30 643
8826 265
8949 8950
437 151
8457 8951
175 8750
536 8952
4173 3792
3489 7633
7892 1307
6686 8953
8350 7776
71 3177
72 2733
7875 7995
8071 185
4786 8954
8415 2628
8128 349
8955 6563
8212 4460
2442 8956
8564 7943
759 8957
4460 2410
7880 7938
8255 8385
8958 8959
8122 2193
708 8960
4991 5691
5317 3781
7351 8961
395 6999
5335 3894
8130 438
7827 731
8012 4736
7002 7003
8962 163
3086 51
8211 7904
8363 8963
8964 8965
8480 8966
8175 1953
8297 8967
4709 8113
5951 8968
8938 3913
2488 1222
1596 8189
7236 7988
8713 8969
5950 813
8970 8971
8251 4942
6371 3770
7187 8879
7793 913
8562 8972
1347 8863
1350 580
4785 6329
6510 6224
8973 8974
8231 8020
8975 8885
1273 8162
5517 51
8430 8976
8713 8050
155 8734
8977 8727
43 759
370 4217
8161 7774
7770 8544
8034 7798
8978 531
933 4723
2359 5866
892 1948
7848 4890
1350 8226
8363 8542
8060 8979
8980 8456
5633 8702
8340 7762
2060 7021
8834 7943
8981 8920
7882 360
2614 151
8982 8983
3559 8619
2241 1808
3049 8572
8346 6685
1800 718
6320 5223
1076 8101
1144 3396
2811 8984
943 8519
657 185
8985 8718
1719 4837
8030 7814
3489 7928
2859 2376
8736 7906
8986 8259
3365 1061
8987 8988
7836 8774
5190 771
8539 2501
8034 7819
8989 8261
82 587
8887 3954
7841 4522
8990 8991
3489 4605
2171 6688
8992 8447
1363 8993
8713 8670
5662 6724
6920 6999
8994 8792
8150 2379
8995 828
8996 8997
6879 5226
8796 7862
8418 4712
7838 8998
176 6752
7866 587
5479 4593
5585 179
8056 964
6402 665
7936 8119
8616 8789
8999 32
7040 6230
1207 1864
7789 7170
4311 9000
8469 8474
886 4593
2857 646
8736 2492
1050 9001
9002 8218
7750 7811
911 522
810 7770
8603 7951
8219 6920
576 9003
8806 6102
801 657
9004 2348
6038 4605
9005 9006
9007 293
33 1932
3491 6923
8222 216
9008 9009
9010 9011
5465 7051
727 646
5457 7864
8389 8447
7958 7926
8785 2807
9012 4922
94 4618
46 4616
5984 8993
7534 921
7827 8690
185 2586
9013 9014
8257 2395
7770 8156
1531 2892
952 953
6381 116
9015 1489
8972 9016
7790 8109
6402 9017
5517 5209
8437 134
8769 8504
237 5565
810 8156
8279 750
8726 8254
9018 9019
2152 357
9020 7989
192 278
9006 438
1616 6554
8007 8108
4159 3646
2521 9021
82 7840
7792 3754
6666 6629
299 5988
5561 7856
6130 8361
5485 4949
9022 5951
8238 8782
6574 9023
7855 3745
4646 819
8394 175
8529 7775
7061 7062
7764 9024
9025 7125
7851 7795
9026 5650
7743 5107
155 7066
6874 8313
8358 8112
7982 8937
8653 8192
189 9027
9028 2391
8036 1706
8524 675
7325 8422
9029 7051
9030 9031
4767 8229
4284 9032
7770 8193
5835 8929
7836 9017
984 9033
2093 8723
327 9034
4882 435
7784 1942
6449 1071
8165 9035
9036 8733
3741 1717
5173 9037
6510 6366
8847 9038
9039 2482
308 2669
447 5738
8380 9040
8292 4634
1046 1047
9041 2094
942 4045
9042 8938
3647 8081
8567 8858
771 8093
7916 8909
7975 892
8980 8951
935 6371
37 8495
33 946
257 266
7855 675
7328 7894
7986 51
8936 8658
1823 6172
8960 5876
6212 278
3485 2718
4609 9043
122 704
8775 8255
5626 5523
1367 9044
7351 9045
7075 6366
1069 7846
2225 8837
4055 9046
9047 832
7549 1207
5578 921
857 9048
8039 528
9049 9050
8181 8813
8301 8434
2833 2501
8600 7469
8059 8396
5305 409
1395 3862
4390 7823
1333 471
354 8161
8215 1644
3673 254
9051 2653
9052 2162
8646 8846
4183 4228
9053 8610
9054 4583
9055 9056
1033 4718
9057 8770
8977 8255
562 7833
9058 4319
9059 8803
7944 2395
5749 4213
2990 6644
5237 9060
1430 9061
9062 9063
5981 6777
9064 2769
8377 6361
8524 7855
8389 528
9065 9066
9067 7818
674 1333
5580 9068
8668 8853
215 82
5485 1887
155 9069
6081 913
8750 8356
9020 7755
3154 573
6675 4654
682 435
6310 122
8522 9070
1148 824
9071 4247
7867 8658
2278 7993
2562 6918
4768 9072
8819 9073
3219 8309
9074 8132
16 6310
6668 2808
9075 1555
5751 1823
155 942
5199 8705
8126 9076
1017 614
6627 8680
2907 923
9077 3429
3252 8291
7809 3348
7754 7990
771 3196
1605 9078
7792 8403
6905 8701
2744 2912
727 3212
6370 8170
8024 7990
8141 8142
9079 317
8364 8542
8171 9080
1714 4512
8367 8460
1609 9081
1757 349
9082 28
7874 9083
4250 1333
6510 7075
3089 517
7296 8811
2492 8737
7325 9084
740 8144
9085 1924
1090 7900
888 4218
618 9086
1717 819
4246 1719
7099 966
1114 3779
9087 4469
612 9088
9089 9090
9091 4556
9079 1155
9092 9093
9094 2223
8309 9095
7939 9096
7874 7995
370 1448
9097 8885
7940 8508
8999 4505
31 8405
8019 8231
9098 799
9099 9100
9101 9102
1757 8027
4250 24
8686 2974
9103 5700
758 44
9104 9105
9106 9107
6886 8377
8862 7155
923 254
9108 7920
8677 7236
264 9109
9110 2094
7855 8545
5094 7027
7389 349
4399 6642
5763 191
280 9111
9112 867
6575 9113
8136 9114
383 7114
8637 8927
9115 8468
2358 9116
8784 2611
6381 3781
3555 471
810 8718
5819 7917
8670 7938
873 9117
9118 34
8992 8039
8530 7731
5769 5770
9002 8217
9119 8513
8390 9120
8088 8198
9121 9122
8794 8204
5560 8164
2682 2669
9123 9124
8710 9125
3513 3805
3292 4618
2859 2375
2981 8803
8141 8969
6559 3770
8071 657
1593 9126
8296 9127
3489 7926
5226 8496
8710 8234
8749 8538
9128 5353
8083 9129
3708 4837
9130 4883
1741 471
8336 580
7131 5886
8474 8815
2837 2357
8985 8359
9131 9132
3389 1321
8180 471
3507 3216
5502 5584
3492 1555
8555 8783
836 9133
8135 4649
1706 84
1076 8156
7756 3862
15 4942
237 2305
4806 665
7140 7141
9134 9135
8726 8384
3522 7872
1748 934
1548 2495
8328 7995
8143 7835
8977 8726
1926 1062
9136 1851
2337 3586
8449 535
222 1729
4823 7148
1047 9137
8003 8536
2719 388
5819 6644
9138 7247
9139 9048
8493 1384
8107 8334
9140 9141
9142 691
1148 4960
872 9143
4025 3050
2985 8729
8832 8483
6770 82
1673 1144
2982 9078
5160 9144
6920 8463
1800 8431
9145 8430
9146 9147
1363 5984
8551 7946
9058 6919
7961 9148
7482 3196
8327 1144
8685 8566
614 7897
8238 8031
8040 8512
9149 9150
2264 934
9149 8419
9151 9152
9085 7797
5779 1283
1449 9153
6081 7792
8699 8833
8593 7325
8050 7938
9154 1605
8981 8919
8254 8385
3921 2631
1350 5234
1137 5517
8670 8142
2372 52
6736 9155
5819 2990
1883 8871
6809 7061
3705 8518
8032 8903
8875 9156
9157 6929
8164 468
5144 4404
8449 2344
1144 5333
9158 7901
7167 750
1345 8142
4633 84
8061 6862
8050 8670
224 704
7883 9159
4785 4633
1994 7175
8100 8109
6673 8999
4461 4712
9160 8897
9161 9162
9163 9164
71 4228
8281 1367
7951 8132
9165 6679
9166 6202
9094 855
8605 9167
304 8982
9168 9169
8083 8799
520 9170
7768 9084
2225 2410
8012 8283
7798 8117
32 8762
8036 158
9171 7823
8100 810
7923 8508
9172 2506
34 1932
9173 9174
8110 9175
8117 7799
9176 1327
278 317
828 5793
8100 8193
5258 2782
9177 7403
8830 9161
9178 8978
68 7167
4752 4899
6686 9179
916 7991
8131 5467
8518 8467
355 7774
2014 7845
7868 8658
7179 4863
3298 4964
615 1690
9180 9107
9181 9182
9183 8848
4233 3884
412 9184
774 9077
394 6999
7447 8770
7534 5578
9185 9186
9142 9187
9188 9151
3862 9189
8078 8873
2719 6127
4816 869
256 8648
674 1939
8390 440
9190 5892
9191 3247
9192 798
72 3516
9115 6364
9193 9194
4592 722
7118 7866
8280 1124
9195 1338
1757 3150
8456 8951
4324 9196
8927 3155
3614 517
8749 9197
9059 2981
1705 9184
9194 3368
4617 9198
8987 8058
2575 965
4982 2241
9143 8356
2277 24
5365 9199
8665 4122
8392 8845
7791 8157
3374 9200
798 5633
9201 9023
308 1446
1476 471
8028 2372
163 5798
3464 158
7794 8101
5759 8964
9202 5643
8827 9203
6212 2163
9204 9205
116 1727
1047 674
222 9206
8233 8344
6003 4496
4002 9026
9207 8981
5924 6163
9208 2833
3698 4577
6805 9209
7848 4392
9210 722
6278 9079
2337 9064
9211 9212
8495 3196
520 9213
349 7748
9214 8471
8959 9215
7933 7705
9074 7948
4259 867
9216 7946
657 7195
8398 9217
3128 1072
9218 9219
6438 8290
5805 1761
7043 9220
8388 8458
4384 433
9221 9222
5365 8017
1531 8153
2193 7743
9084 8422
9223 9224
9225 8999
8431 1083
7437 1155
9226 8928
7002 7198
9227 2592
9228 9229
1705 412
7781 9109
9230 8638
7910 5488
8029 984
8036 3196
9097 8975
9231 8730
2006 116
771 5059
2669 3472
3779 952
4890 826
94 4520
134 582
7201 1599
8424 9232
3673 84
8487 9233
8303 3223
2393 8064
1926 3462
7203 3787
8050 7881
9234 6699
653 1520
9083 7996
1071 9235
2807 9159
3424 4520
382 9236
7950 8132
590 2975
5610 7943
8003 7940
562 1493
9237 9108
1336 9176
9238 9239
6673 32
997 2818
3884 8615
6610 9240
2372 5952
9241 9242
8295 7809
8264 8672
1333 724
557 6771
9233 1685
9243 8146
7118 265
7975 265
7658 8720
9244 8913
8376 9116
278 5505
1213 1144
9245 731
9246 9247
2376 9248
2748 7882
5560 468
2980 1490
718 1900
3943 9249
9250 1761
1602 8477
4803 1741
1800 7148
675 8545
7833 2258
8810 82
8682 6082
387 8515
9251 9252
8229 360
9253 9198
9193 9254
2982 1605
9255 2401
1748 976
3464 3196
9256 5502
2129 9257
952 2790
731 8435
2148 9258
8977 8775
2558 3396
8595 8688
8058 2781
8985 8112
712 8498
8101 8193
2887 5244
1209 9259
1255 7236
3570 4474
3729 448
8195 8352
3331 6568
9054 7753
2985 984
9260 9261
8139 5616
4605 1083
9262 8124
362 9263
8882 5261
9049 9264
9265 1716
7915 21
532 8941
8854 8202
8803 9266
8036 771
7131 4983
9214 8915
246 8528
8190 8187
2927 8800
517 116
9196 9267
1106 9046
3710 6310
2155 7236
8603 7949
9268 8543
2106 3271
9269 7032
8524 1270
68 911
9270 1690
9271 9272
8237 9160
9191 893
1887 5143
9273 9274
150 976
7817 8746
7945 2225
4247 7941
7746 3216
9260 9275
828 3698
8798 9129
3846 5536
5144 2898
3655 7253
7790 7770
9276 2393
8687 9277
8649 9278
7819 7798
8303 9279
7155 1255
1089 1716
1666 9220
7254 7255
2029 7963
990 819
8018 3199
1124 395
9280 1537
5755 3839
9281 9282
4650 5008
8626 3862
488 176
9283 8372
3427 1548
4890 4392
8988 8059
8822 6707
5458 9268
9284 8553
5616 2451
4657 7778
8430 4817
9285 9024
290 9286
9245 440
9188 9287
8003 8107
8181 6082
1284 2998
8607 8397
151 1367
2117 8150
1714 8927
6719 179
8105 9095
4337 531
2528 8881
1548 6920
6460 7761
438 9033
8898 7801
9288 6536
6154 536
1347 2898
6038 1307
992 9289
8381 7801
9249 3650
9290 9291
4908 557
8603 8132
362 1333
6017 1098
165 6112
3107 1219
440 731
216 395
2021 5144
7138 813
8204 7469
1428 8578
6673 8448
5647 5749
8574 4631
657 9292
422 7487
8551 8901
2748 410
659 185
8280 8366
7202 9257
4816 9293
9294 8
82 3021
9295 8660
8709 8344
4081 9296
2060 1924
3614 215
8973 9297
135 6115
7997 7624
8251 42
9298 9299
4721 3075
9300 8598
7911 3745
8711 9301
2375 9248
9302 580
6747 8743
8215 3252
8606 9167
8212 2410
1705 6938
9303 863
8592 9304
8329 8195
8459 1747
9305 9182
924 7001
7942 8565
7987 8509
3846 151
8945 9306
763 8229
5144 8044
9120 731
8031 8239
5098 6541
2393 8508
1735 8170
6381 5317
8317 2093
1304 1144
357 5846
5272 7027
7819 8159
536 1953
7765 9085
7911 7804
984 438
5130 935
991 9307
9074 8603
9308 9309
8071 801
6607 3196
6223 6409
8048 9310
4384 8795
4060 7902
9311 9312
8367 349
6675 4657
8948 1864
9313 3658
8390 7827
3214 3223
5119 7965
9314 9315
9316 9317
5365 8016
7794 1076
9318 8731
9319 9320
562 7933
116 9321
6679 665
1296 2575
8188 1490
9322 8663
576 8584
9323 2822
8557 165
3247 893
7259 9324
8775 8902
7816 9325
9020 7990
8404 258
3485 3348
7754 8024
2372 5209
4993 5798
1347 5610
2093 8693
653 4899
1717 9326
9327 9328
3020 9329
7289 7290
1207 1252
984 52
2743 9032
3114 8229
892 3216
37 3464
6723 9330
2810 8984
4272 9139
2375 8773
9130 4496
115 9232
7293 6845
1719 6826
9331 1915
7838 8382
1548 394
9332 8526
6629 7296
861 9333
2907 9184
3292 778
7834 3252
1851 5866
9334 2833
9335 9336
362 587
2637 8417
8429 4817
911 156
9337 3166
3489 9010
4957 4392
904 4039
7788 7170
2258 7705
7565 7846
9256 5584
888 7984
3768 51
3572 9338
8185 8047
4810 4718
1916 265
7328 1942
8867 8879
9339 8839
1284 4609
1033 8370
8712 9301
8419 9150
7118 8826
9273 4844
648 3516
9340 8931
1923 1244
2264 2344
7549 1632
2887 5654
8512 8695
8034 8930
2718 3348
8284 4616
8175 399
9341 9342
8122 993
9343 9344
1699 107
1887 7733
6949 8263
9345 5970
3489 9269
1719 1026
2193 5107
3107 7529
176 3646
8966 7865
6607 3212
1548 8963
6081 3754
7274 5226
4060 8401
7956 9150
9136 5866
4712 4520
1342 9329
9346 1690
4786 9347
8992 7908
158 3196
510 5577
7747 1735
3114 360
3708 913
8219 1548
8327 2142
5551 8230
6808 9277
2528 2666
9348 6374
3027 718
7270 8314
2451 9349
6573 9201
6223 6366
8379 704
9350 100
7758 3781
1384 317
774 3489
34 3328
9351 2436
151 3781
9125 8234
7186 9099
9138 7281
3779 1144
1661 1662
6553 7766
2637 8524
1605 9352
9353 8014
943 7311
2974 710
8156 8157
7923 8064
8644 3234
3165 2871
8475 8496
8875 1411
8353 911
774 8789
3392 5866
8395 8059
8713 7880
4392 9354
562 9355
828 9356
1333 1555
8713 7881
740 8595
3331 8388
8652 8900
3223 9279
9357 7985
8599 5880
9358 16
295 8673
1747 21
8546 1190
9359 4397
8659 7967
8759 409
8440 1673
888 2476
8922 252
4890 105
8388 3332
7747 7155
2931 4735
8504 8909
9360 635
9237 1325
3405 615
32 4506
8473 1993
488 1684
6277 317
6349 1657
9361 2410
9076 8127
2006 573
9362 3862
997 3464
8012 8944
9363 8890
9042 3913
7758 3154
7325 7326
7892 8426
8004 7940
3489 1403
9032 8070
8740 9364
151 8508
1295 2226
3009 946
8428 6759
5526 1413
2463 4609
6166 1114
1673 8441
7985 6370
2169 9365
9038 8676
9007 4404
8512 8783
437 984
9366 933
774 8616
9175 314
7367 1144
8637 8414
5540 317
1148 1716
8084 9307
1255 7988
8751 8026
6191 4983
8351 8655
9367 4856
4721 675
8198 8693
5221 9368
4059 3805
3603 3173
8250 4942
7859 893
536 8175
3049 8573
357 384
3292 94
1074 6310
9369 5979
8107 8051
614 9370
8198 3748
8173 8803
6516 8807
8438 134
8118 7936
5879 691
9371 888
9372 4583
5216 21
9366 8292
116 152
8726 8385
1717 3331
9373 2739
2425 4522
8784 8858
4233 3885
3561 9374
810 8483
6502 8545
8365 6588
4032 9375
5225 9376
5365 9056
8368 8950
8766 372
24 1741
9262 9377
105 826
395 6920
2928 8927
9378 9226
9127 8916
8902 8384
4246 6826
7938 8969
576 8489
5560 2636
5347 2521
9020 8024
861 433
7551 9379
935 82
4785 6486
7796 9024
1714 5182
5144 1347
9253 8199
799 946
3038 3039
3292 9380
82 7828
1213 587
32 8331
3561 973
116 6548
9381 9382
9243 8147
4243 3307
9008 9383
9359 2748
2250 9384
2495 6999
828 4499
4593 8209
9385 888
4264 9386
1804 6939
9387 8112
2719 1128
943 1384
2225 869
8105 651
6310 6115
1929 3522
1673 3977
6173 9352
8832 888
8763 8140
8668 7980
9388 9389
1699 1700
8054 8698
8921 252
7040 6229
759 44
8961 9045
1137 5060
9390 892
8317 8349
8109 7770
7771 8544
7625 8768
1833 7808
8834 8565
2981 9266
868 1799
9391 9392
7435 9393
4806 1307
6438 9394
33 34
4283 3770
759 762
43 44
9395 1657
4397 4398
105 9354
1730 1731
535 2344
9396 6987
5946 2748
892 9079
8516 8089
6038 7893
9057 7447
9397 5170
8985 810
6460 8277
1747 349
8894 8502
1408 6999
6371 4283
5551 8564
8604 9398
8180 24
5751 5993
4874 216
8139 2451
7131 8561
7259 9399
7815 9330
1347 7942
659 657
6320 7360
72 9400
163 164
8195 9398
801 1765
9223 9140
7837 4616
9401 9244
3389 8903
8291 8427
2021 8044
5536 151
5610 8565
1071 2337
9402 188
8152 2892
155 3120
8386 8381
7882 3114
9403 9404
4471 4472
1150 1684
8524 503
9405 8607
1849 9406
2983 942
8082 8799
82 4474
9055 9291
2682 3571
705 1803
3593 8899
7771 8101
8807 3729
5391 9407
9408 6964
8141 1345
1047 151
9035 8166
3705 9409
1047 7362
2006 517
8570 8556
9410 7019
9313 3198
9324 9399
758 9411
9119 370
6003 8220
7902 9412
1833 82
8238 9413
5216 409
8785 9159
3165 3166
992 8347
1636 8241
8724 9414
8190 8121
2479 9415
9416 9417
7259 9418
886 587
1778 9419
134 1155
8406 9420
9034 6752
9421 1761
9413 3050
2781 8988
1322 4040
1333 9075
6796 704
7368 7210
9405 4848
9058 8674
9265 3216
5216 5305
8360 8169
2463 1284
7999 7787
9394 797
9296 9422
1890 5700
8691 9423
5199 8602
6548 8472
9424 2653
151 5333
8486 5209
2492 7907
1253 3862
7991 9425
8957 9206
2502 4138
8286 9426
8590 5808
8207 8837
151 8715
872 8356
5551 8565
6938 1804
7378 2305
8764 8017
1883 8635
3224 3225
8358 4709
2859 8698
7768 8594
8385 8727
7381 7311
8710 8344
8713 1345
934 976
659 4545
7881 7938
4631 8575
7829 7742
4548 2924
702 1926
9427 8393
7783 1942
100 7517
9297 8926
8977 8384
7957 9150
9006 477
9428 8097
5363 902
103 1937
9264 9429
9084 7326
8817 8669
7866 317
5060 5209
6861 19
8828 816
3936 1322
8720 6485
362 103
134 7757
2990 819
6502 1270
3323 9430
8525 7019
5098 9431
923 3063
5365 9291
8424 816
8832 8318
9409 8801
2157 959
4233 8615
135 1074
6130 6374
1837 1128
1046 4138
2719 1127
8698 8632
1548 8780
1411 9156
8889 3819
2376 8632
8391 731
3866 8272
7400 828
3292 3293
5365 9290
9175 1124
116 1144
5517 52
1284 9043
8423 7389
9432 9433
7897 9370
8016 9199
9145 4817
1292 643
8569 1292
6266 188
8824 9434
155 7161
4657 4654
5879 9435
3615 9209
175 8735
477 9033
9436 1936
1047 1333
4173 8864
7920 1325
9437 992
9098 946
6734 8893
1015 7364
372 3323
9438 8135
1887 9439
9440 9198
3489 893
8868 3196
9441 563
1213 7811
1127 388
4709 9387
5282 5750
471 6711
3337 3338
3489 9011
3332 8458
8672 8265
1322 3439
9171 7822
7664 8927
731 8690
8495 3464
151 9276
8412 9442
8295 3348
9443 9444
9445 9275
189 9446
4982 965
5221 5364
9074 7950
150 2264
1714 9158
7041 8872
9447 8918
90 5750
3050 8239
394 6920
1089 4041
2637 3745
7196 7420
9448 8316
7844 2521
888 8156
1800 4717
8684 6370
9288 8466
4390 7822
8439 8266
4577 8667
5607 8918
1347 8564
44 46
7167 3973
9325 8746
7938 8141
8616 9077
3745 7804
1071 7203
1165 9449
3392 28
3212 3196
5819 819
8574 4714
8708 9236
3708 7793
805 731
9283 45
8254 8384
9450 8477
6154 8175
8308 6753
116 3781
2636 468
9269 3429
9451 9452
2983 4045
4752 1520
2433 3977
3869 3084
9453 7727
8821 8651
9454 9455
150 934
517 9456
2534 7405
7325 8594
6510 6409
9457 1165
8607 4848
4806 9024
9458 1929
9002 9459
3425 7091
9297 8974
6176 952
8729 8102
2087 1605
9378 8927
1673 8716
647 1711
9460 9461
8692 1659
8267 9462
8069 9032
5317 266
8048 405
9463 739
7881 8969
6460 8299
8973 8926
1190 2101
9464 471
8540 2501
7351 9465
4233 6078
8244 7893
3298 8735
9466 9467
9468 2814
4718 6923
9245 7827
7155 8170
9469 7802
8186 8121
3884 163
8985 8113
3929 8472
1296 1808
2974 7821
2668 869
3292 4712
8564 8863
2395 8837
677 8
1906 9304
9470 9382
8347 6685
9262 3510
7997 1555
8266 3781
8506 1413
1071 4801
1796 4486
9438 4649
675 3745
2985 4631
985 1953
7437 265
5000 8648
8339 3981
1706 8504
8281 8409
8245 9248
374 7439
7882 763
3389 861
113 9471
5906 1083
151 6243
8879 9472
9473 257
8593 9474
647 9475
798 14
1151 6472
9178 531
7973 964
8238 8009
28 3493
8455 8187
4717 718
9476 3611
9477 1900
4159 7984
2395 7945
9478 9479
8048 7328
9355 9441
5186 317
5258 8035
647 1536
8774 9017
4837 1026
938 939
8637 9230
9028 6370
1151 4370
1660 964
2170 280
6484 7888
1176 4842
3337 324
8087 731
4816 2668
727 3196
4845 471
8114 8294
8930 7799
2614 437
8654 9480
4631 984
1129 5798
7253 5561
8394 9143
222 4785
9481 3030
9482 1098
8736 7907
9207 8920
7437 892
9319 5566
1015 7363
923 7405
9483 8896
7196 256
982 179
7917 819
8555 8041
4848 8497
8614 938
8442 9405
740 8145
6953 966
8109 7791
9104 826
3934 888
8281 1951
1140 4748
7330 82
9158 8414
8230 7943
4137 365
2211 1717
1296 965
7453 757
8630 6447
116 3929
9377 8124
8228 360
9011 7926
759 222
9131 9484
187 8679
8866 7364
7187 8878
8863 8230
8244 6038
3564 580
151 3021
7771 8157
9313 3199
9361 8836
4899 1520
8912 9244
872 7858
7929 8525
8586 9274
4631 4714
8884 8995
4810 3491
517 30
9469 480
9263 103
7882 8229
5979 9293
8966 1659
8715 2393
433 70
4922 8290
2249 122
8452 9175
8183 2504
2748 9485
2780 9486
7624 1555
7867 8125
5027 5209
8047 8405
7803 209
582 8500
1568 8752
5946 5250
5467 3781
3492 7997
3610 3611
5253 6134
3021 557
4955 9487
21 8494
34 8111
8937 9456
8840 9488
1313 8939
8649 8387
412 9489
7281 7247
6554 7766
615 9346
9083 7995
8019 8232
6277 1155
1685 4542
7810 8163
9490 3862
187 6626
7836 1307
1587 9101
8545 3745
9491 2106
9492 5353
1127 1128
9005 477
1129 164
9305 9181
6753 1392
1501 9493
163 4993
9494 9495
8853 7980
9496 9106
7790 8101
382 2683
9485 6541
2611 8567
9231 1657
9385 176
9016 8563
8057 964
7843 395
6673 4505
5250 1077
1747 1757
5000 256
3635 1244
9395 6349
7843 1124
8181 8681
8683 2562
8271 964
8148 8089
8564 8230
9119 1448
828 4577
4769 278
8395 8988
8120 8455
2393 2170
3646 3647
1114 1144
872 4964
1213 1915
778 4618
2558 5017
3655 3656
2314 1092
2550 7864
8441 5849
810 8193
2318 2319
7817 9497
8428 6024
7768 7326
8892 8383
265 3178
9091 4259
8713 8141
9498 7919
1331 1255
9499 9500
9490 9189
3708 1026
8281 8660
3848 8850
3389 254
1800 5906
216 1124
1820 1660
9097 6102
488 4138
52 5060
3650 8213
1209 9501
8063 1685
6675 7778
935 6559
2337 2338
8268 9406
3087 8806
103 9502
5981 7914
9457 9449
8927 8414
9464 6711
387 2081
6759 6024
1717 3332
1033 1200
299 4898
7478 2326
2081 790
9503 304
9504 7727
8221 8049
8228 7882
5207 8286
8988 8396
9505 5067
8622 8116
8700 8374
888 9505
3610 9476
4634 4723
9506 7579
5551 8863
762 1321
6038 8426
7482 304
9507 2289
3572 9508
828 2364
9389 9271
8227 9047
1284 9509
7750 1144
30 1292
6628 7296
5675 7859
9096 704
9510 6209
7790 8544
5027 1137
8514 8022
3729 3730
8018 8608
6449 5000
4060 9412
8785 9511
8526 2101
2748 8904
5551 8834
9055 9290
1304 952
8539 2833
9102 7744
4785 5261
771 9512
4964 8735
8962 3884
1705 1804
324 8305
5457 811
4803 471
8855 9179
8625 72
8577 8837
2375 2376
3705 8468
8452 8110
7798 7820
7488 531
8167 6361
7764 9285
8985 8358
8507 7940
7482 158
1074 6115
8201 8978
9513 9009
7489 5700
9413 8031
8036 8504
9514 9515
323 6122
762 8957
8148 8090
5190 37
362 278
4032 5143
8728 8632
8296 8967
8352 8655
5144 819
16 6115
8544 8101
7908 528
314 3754
7488 6987
8541 9516
382 698
1114 3749
990 6644
2985 8130
8987 8059
21 5305
8054 8699
8480 7865
7487 9517
7186 9100
8281 3913
8307 447
8061 7731
4250 2277
7916 8504
3913 8660
1823 1682
6672 3247
6437 6743
5952 52
9508 3573
8818 9073
5190 158
9220 8258
2087 9518
5720 3749
4462 5988
3362 6122
9519 9520
9053 1324
3425 8278
2359 28
9521 7204
8470 8815
6472 216
4845 1741
7998 1255
5607 9447
9504 51
698 9236
4982 1296
8238 8010
9522 722
9523 9505
151 7828
1951 1367
8212 2225
7911 1270
2117 2379
997 7482
7785 9349
510 4898
9524 9525
7798 8159
151 952
374 3093
9526 1207
1673 952
8190 8186
5509 9278
659 2586
872 8735
3593 105
1951 8660
6154 399
105 4392
2790 3396
909 9428
304 8983
7914 8490
9527 8316
2682 300
8483 888
82 4005
9339 9528
3292 7760
3292 4911
8336 8008
264 7780
990 5819
8589 8412
9118 9098
763 360
9183 8849
7855 1270
3492 7624
5837 9529
3754 8403
3780 3252
3154 3781
7794 8109
9407 32
440 9120
5514 3223
9389 9272
51 5209
8352 9398
9070 8874
8977 8254
1142 362
4767 3114
4398 9198
8954 9347
4272 9048
134 8312
9530 9495
9064 2338
7819 8117
9072 3894
9438 369
8285 9426
7886 9345
8453 349
1169 7510
8488 9299
8338 9531
4032 1887
8871 4486
7624 724
9171 4390
9532 9533
8100 8157
199 7899
5223 1722
8036 2063
7325 9474
5253 265
8012 8284
8847 8676
9136 3392
5259 4312
5225 1425
8004 8051
9022 8968
3266 103
9217 8399
176 9034
3489 6038
1148 3027
387 4567
8177 384
3090 6112
82 9379
7118 1948
8191 8653
8394 8750
8283 4616
8282 3913
4060 8400
8440 4633
1089 8993
771 158
9380 4520
8686 710
9534 6222
872 8750
8603 7948
5279 3348
187 8680
2743 8070
9535 8757
5610 8230
997 771
923 763
8304 324
888 8157
5000 8979
8249 9536
7698 3489
8334 7940
1307 6140
9145 8976
8812 8990
9424 9537
7810 1915
2636 953
9010 7926
4827 5286
7876 22
9538 9539
5924 6164
8061 19
9070 8523
293 4646
9357 6370
382 1741
5027 7854
9074 7951
8643 8934
4709 8359
4522 3166
8214 3252
7511 6839
8041 8783
9290 9056
1852 9540
8490 6777
7917 6644
8363 8780
8064 3196
4247 447
8935 9085
824 8002
4398 9440
8715 7923
8139 9349
8949 8369
9394 739
816 9232
1071 3787
1714 8638
8341 9541
5911 6484
5728 8495
7835 8701
9084 7769
9056 9291
7528 7529
9416 1598
2136 3862
8869 9040
2006 3089
801 185
9180 9496
8100 7771
9542 9147
3768 5027
2463 2998
3866 3787
8061 8030
4964 4138
4283 7531
9543 9544
24 1476
1509 9195
580 1477
8074 964
6381 573
2359 9136
3614 1761
135 122
8531 1124
7997 1333
7790 8193
9376 4650
4936 8261
7633 3429
8321 9428
1378 7787
8423 8494
9421 9250
9543 9126
8208 9545
8834 8230
9546 1537
2171 51
1408 8463
3981 5170
9369 4816
4844 9274
9547 9520
9165 9548
1040 3789
6418 4956
8877 1378
8230 8565
4806 7836
3446 9549
8903 1321
1040 4202
1129 365
9302 1350
2653 9537
8429 8976
5551 7942
8859 3462
5225 9550
8018 3658
4769 9551
2093 974
9381 9552
8812 8991
3093 9553
399 1953
946 1932
8123 8256
5335 4768
2409 44
8760 9040
7786 1378
152 9321
9233 4542
8561 9554
9555 9344
84 861
9556 9557
1666 9516
254 384
9371 3222
4226 9558
2463 9043
9559 9454
8713 8142
245 265
5670 1820
8038 2683
9560 9561
155 7782
115 8178
9401 8913
257 2534
4989 2668
943 8520
8375 9116
2171 1468
1833 151
9295 3913
9562 14
2859 9248
4922 9394
952 3781
7989 7755
8388 6568
517 7983
5194 4935
2479 3446
8558 3546
8334 8004
8308 6754
9007 4646
3507 1141
4957 4890
245 8826
8917 9447
8487 8063
7917 2990
4399 6022
1350 1477
7378 7543
8281 8410
5094 9563
6928 9157
9042 1367
2931 2404
3222 888
8497 8397
6809 7062
6127 1128
1408 395
4709 810
7544 5867
4501 5914
1883 8134
8298 6171
9450 8476
1808 965
517 1761
1047 8021
6603 4842
8046 7469
778 4911
892 3749
9040 5388
6374 9433
5536 6705
1799 869
4785 84
774 3429
340 2395
7998 1331
6223 7075
4247 30
8902 8727
8554 1083
9225 6674
8378 704
5924 4138
8830 9162
1923 4145
8291 1644
2550 9502
9451 8421
374 3937
9164 9564
1929 9565
7549 2114
8355 7955
2274 105
6472 116
9566 7389
176 7984
8222 1155
3262 3436
9567 8968
8955 7801
9083 7875
7543 2305
8625 3177
8452 314
9568 943
8891 1932
9569 9311
9507 5324
8601 3120
8109 9570
6502 7855
9571 8596
8422 7326
5416 1282
9572 9093
8977 8385
510 4462
2264 1748
2726 9573
8320 6845
8592 9574
6082 8813
9575 9576
82 3571
9465 9045
7791 8193
9567 5951
985 8952
6446 8630
810 7771
4633 8441
8697 9577
1071 9155
7968 4522
7557 7439
37 3196
90 4312
9485 5282
8796 8043
82 7808
1061 3379
7186 7417
2807 9511
8004 8536
6925 5626
9377 3510
8944 4616
9254 3368
1682 6596
1711 3771
8434 7821
2152 5846
7549 8211
5234 5170
2773 409
2060 2305
9578 6308
8621 8607
904 1537
9460 9579
7849 8560
9580 2436
7942 8863
9581 9582
1071 3262
7565 1069
2225 8207
1993 7567
824 8548
8199 4398
9583 9584
8214 7841
8296 8916
3154 952
9585 9586
8989 8260
7339 657
8043 7862
3768 2372
264 7781
1803 8433
9351 9580
9587 4217
1378 6438
8775 8727
8013 9588
2036 2701
462 1113
1936 1809
8796 7861
8156 8544
4246 4837
8279 5662
9589 202
9334 2501
2093 8066
362 7866
9590 9591
4898 2330
340 2225
9067 3307
8202 7178
4060 9592
3089 116
8020 8232
2364 4577
9593 9575
9594 8015
8679 6627
1307 665
9362 9490
8163 7811
7783 405
7910 4942
7906 2492
6944 7447
6966 9595
5763 9457
824 518
8050 1345
3708 7792
8148 8516
824 1716
4250 9596
78 435
963 7955
8451 8405
7944 2225
4259 9112
5836 9529
9140 9224
3708 8403
9522 4592
8555 8512
9398 8655
8007 7656
8980 8457
2748 4397
1428 8579
8759 2773
8611 7779
9223 9141
9035 8907
8377 6024
7794 8157
9597 9598
6925 7517
911 1953
8196 8274
9008 9513
2155 1255
7575 7061
5705 9374
8351 8195
7544 1481
5365 8764
8339 8576
8354 9262
7819 8930
7360 1722
8007 7565
1350 8336
8428 8377
8689 3165
8709 8234
187 6627
3643 7824
3424 4911
9357 7155
6278 1155
1333 9263
5991 6953
7969 1093
8201 9599
9600 8927
4461 4520
8475 5226
9209 665
2442 801
7368 7578
1151 116
9577 8825
8489 8584
8962 1063
222 8957
3600 816
6310 6796
7075 6224
8428 6361
7790 1076
3212 8868
2476 5067
5199 8688
5457 4012
893 2790
8201 9178
362 5505
7790 7771
8301 2974
2046 5995
8545 8417
1717 8458
9601 6428
1144 7811
8585 2898
151 6176
349 2668
1924 7797
8447 528
8383 869
5276 9448
5294 9594
1213 317
3154 116
8868 646
151 7924
4370 921
7859 9096
151 82
7360 5223
1378 4922
2376 8728
8321 909
8423 21
135 16
7950 7948
1593 9544
8946 9306
5027 5517
362 6448
7788 7477
8357 8006
5186 1384
9507 4472
9602 9603
2614 2393
759 9206
4222 9604
1347 1321
1089 902
5465 9029
801 4025
8109 888
8328 9083
6753 8080
5759 8965
7772 9605
9606 9607
9383 9009
8585 5144
9180 9106
1333 9502
6559 7531
4709 8718
1747 7915
122 9096
9067 4243
2225 1222
3489 1800
9300 5880
6449 256
4404 819
535 2156
2376 8245
8985 4709
9396 531
7827 921
3564 9302
3557 3506
6770 557
9550 8496
9149 7956
1714 9230
2409 43
8863 7943
4982 1808
763 1321
7790 8156
9485 5098
9608 3033
9609 8491
370 9610
1568 8751
4711 9611
9456 7983
9336 9612
7551 82
6191 8561
6759 6886
9366 4634
7816 9497
8974 8926
7749 935
7517 5523
7745 7748
8386 8117
8901 7947
6402 8774
774 9269
1047 6448
8878 9472
8161 355
1531 8152
9613 7902
9390 587
4183 410
9614 949
892 3507
8021 1333
4397 6541
9508 9338
2611 8858
8722 7597
5190 3196
6191 9554
1378 9394
8565 7943
8156 8101
522 1953
872 7918
151 116
9615 1149
2503 317
8554 9103
390 2709
517 8937
8302 7477
9469 8521
1656 9616
2391 1735
6444 280
7253 3656
4461 778
4874 395
7944 2410
9346 9270
3298 175
9118 799
1883 1796
657 2586
9118 946
1923 3635
116 573
9523 888
8067 5798
4712 9380
8052 2106
8005 2907
1106 4055
7985 1735
9617 2756
8839 9528
1587 9102
7596 7597
3197 9108
2029 7964
8050 8969
71 8445
2170 8588
8738 6118
9618 4009
5173 1924
2391 6370
2211 819
9619 9605
8902 8254
8591 7748
8973 8925
674 9620
9621 9622
8308 8080
6277 892
8031 3050
8392 9427
8621 8497
9623 2709
5551 7943
42 4942
1519 4183
9624 2769
6364 8467
3214 8129
9381 9470
9385 7984
7794 8193
9375 5143
4173 3024
4625 3084
3154 7759
2339 8510
9625 3224
34 9098
4785 942
7989 8024
2781 8059
5149 5577
8250 42
2614 1128
5705 3561
8065 8723
9626 5226
8577 2395
7846 8108
9136 28
9344 9551
6888 2636
8828 115
4631 52
8354 3510
2859 8632
3489 15
3643 6631
4567 790
1616 6553
8120 8186
8777 4271
9385 810
1296 2241
9627 6606
873 278
1148 5301
2246 4501
8752 8026
7187 9472
6588 2410
8288 9628
8236 8528
9260 9445
9496 9107
5662 6723
1676 1216
8696 9577
9497 9325
9143 7858
9071 30
209 3731
8797 5567
4271 9629
216 1155
8159 7799
916 5502
3729 6707
9159 8786
2277 1741
116 952
2488 262
1596 1490
8994 8791
308 3472
5258 32
1071 590
9543 1593
370 9587
8790 6642
5517 3086
7911 8545
8243 8900
8192 8138
3913 1367
8176 384
6024 6361
9126 9544
84 8909
9630 9631
8163 1144
82 152
16 9632
2093 3748
6154 1953
3698 8667
9405 8497
4522 1644
2421 4710
810 8359
9101 7744
151 2733
9633 6799
2558 921
3492 9075
5970 7887
810 8101
1766 6446
8189 1490
9634 9635
8595 9571
8341 2410
4284 964
2375 8245
8763 1615
6067 6118
1716 902
9324 9418
9362 9189
8384 8727
8221 7019
31 22
8192 8137
8455 8121
7871 9636
90 91
952 750
8412 8590
8058 8396
8662 3396
1093 7970
5944 7862
9037 1924
8577 2225
888 8544
8196 8275
8930 7820
3214 438
6266 7310
9148 7962
7749 7531
8698 8055
8395 2781
9302 8008
2042 9637
9161 8831
868 8383
9638 9316
7843 216
389 9623
9165 1631
2748 3114
4816 5979
8958 9215
8386 8276
4767 923
6626 8680
8036 8495
3929 6548
3571 557
7178 6963
2980 8189
3128 4518
9461 9579
8426 6140
1071 3866
9345 7887
9295 1367
105 9639
9640 9641
3748 974
8198 2093
4250 9545
4115 4116
946 410
9394 8290
5623 4949
1741 1476
9464 24
7620 7543
8977 8902
3389 763
7788 8302
8567 8758
9428 2857
8199 9440
9427 8845
8055 8699
8562 9016
1083 9642
7863 9051
8128 8591
2748 763
1148 8548
9339 8838
1105 5152
7448 8345
8535 9526
8955 7800
8898 8386
2339 8511
2927 5598
6502 675
8834 1347
299 5577
5633 4948
9432 6374
222 6329
1350 9397
8892 1799
8986 1395
8604 8352
8524 3745
9313 8608
262 1222
2614 1127
4137 4138
9643 9644
8214 8291
8420 9451
8530 19
8681 819
5540 1384
8967 9127
9207 9645
1408 394
151 6705
8390 731
3507 3138
9178 9599
8220 1155
9292 7195
8036 84
8956 9646
387 790
6883 7625
4605 643
8910 3761
8517 237
8967 8916
8972 8563
8071 2586
5540 4602
9020 7754
4806 9285
1207 8948
8267 9647
9535 2354
8629 5720
1347 8565
9648 9122
5018 8914
8038 4666
8748 2363
8255 8384
7096 9419
9074 7949
8670 8969
8769 8036
8591 4135
7839 8998
8112 8359
3214 984
3266 1937
5647 4213
4960 8002
873 9135
3405 9270
2859 8728
9560 828
8502 8895
9649 74
1270 8417
3154 151
8328 7996
327 6752
462 7629
6887 526
4002 5650
9650 7904
9651 9590
916 5584
8834 8863
7880 8141
8475 9550
3705 8467
4545 998
3150 349
8228 3114
2773 5305
888 8718
9652 9653
3357 9367
3009 3328
19 6862
562 2258
1357 8447
8040 8783
1071 3436
1802 816
9042 8571
1802 9654
1357 7909
2907 8357
4159 176
8621 8397
1929 8924
21 409
9555 9551
6642 6022
9655 9515
4827 3737
9335 9612
3768 8028
9146 9542
8238 1287
279 8179
9656 718
8564 5610
1213 8163
8930 7798
2810 2811
8048 7894
5991 966
7632 1009
7330 3021
8707 8073
924 5835
8689 2871
116 8472
1747 7389
8677 2155
4989 349
9657 6563
8828 9232
727 6607
5675 122
9631 9658
7773 9605
3292 8418
902 4041
2211 3332
4617 9440
1151 1722
8842 777
7456 6849
8200 6575
5485 5623
2393 3913
7820 7799
8860 9626
6573 9023
8635 8871
8595 8144
7155 6370
8023 8387
1906 9574
8559 3546
9318 8732
3741 8388
2148 254
7615 2611
5365 9659
8775 8385
7003 7198
8608 3199
3090 845
8834 8564
7784 405
288 8947
8284 4736
9348 9432
9080 8172
5479 134
3154 5467
8165 8907
9660 1644
9075 724
8447 7909
9523 2476
805 8990
9661 1636
9662 9663
5027 52
9664 9665
21 7884
8439 116
7832 750
5160 9666
5988 4898
1727 1210
9503 7482
888 7791
5119 8754
8228 923
943 264
5514 9279
8594 9474
6666 7296
8892 869
7881 8141
8547 824
3571 7828
8007 7846
1716 4041
5944 7861
9050 9264
5952 5209
8353 7167
9010 7958
3107 7528
7664 8637
8096 1124
7932 8781
9667 265
7989 7754
122 7939
8451 22
5726 9668
9609 3485
7325 7768
9300 8599
8905 6666
32 8761
6154 8952
756 757
8380 8869
9669 2220
6674 4506
7780 9109
7517 5626
5540 362
762 763
4767 7882
9670 9586
7911 675
9405 8397
7954 963
9175 8096
4654 7778
8142 8969
3492 1333
8037 1050
4593 8312
1808 1711
7830 9636
4039 1537
8309 2087
1076 8544
8269 9671
9111 9672
4769 9344
8339 1350
1851 28
8944 4736
8402 8532
8381 8276
7876 8047
9342 91
2193 993
8682 819
8341 8319
34 799
9524 9673
8317 8723
873 9134
8955 8678
6674 32
4899 9423
8666 5008
4964 175
9674 9675
9039 5184
362 475
6724 750
8337 9531
5491 9111
382 4666
4002 8587
8400 9592
3937 5857
2748 90
9470 9552
8140 1165
9378 9600
8300 816
2773 21
8635 4486
7768 9474
4769 9343
868 869
9676 9677
763 3114
517 1548
935 587
3100 265
8949 8368
562 9441
4768 3894
9082 3493
5363 1089
8495 997
9678 1252
3292 9367
7998 1765
8769 8909
8710 8233
1207 9462
824 5301
7889 8751
8769 84
4059 3513
7041 7122
9565 3522
9679 7845
9240 1062
2319 7655
8886 7926
675 3075
9388 9271
4247 3729
1948 587
7664 8247
7801 8276
1717 6568
921 731
1137 52
9654 816
1347 6076
892 3138
7746 9265
3087 8462
7378 7620
5911 7658
2117 8151
1657 9616
9680 7221
990 2990
7982 9456
6310 704
8206 4041
8257 7945
1207 8326
8904 6541
9285 7796
6925 5523
9273 8586
8034 7820
963 964
6782 7659
3737 8073
8133 9376
3429 1403
5950 7138
7551 3571
9143 8750
2014 9679
3862 9628
2442 9646
9201 6574
9038 8675
340 9681
798 4948
8301 710
8492 1384
536 399
9648 9121
8897 7371
8336 1477
7855 8417
1114 5720
9207 8919
8600 8045
8454 475
6783 7659
317 587
7777 4654
7656 1069
8335 1072
9600 9226
3770 7531
8036 3464
8228 763
7909 8039
9378 8928
9498 1803
8720 7888
4454 8446
3331 8458
6366 6409
6688 8829
8451 8047
9682 1209
5706 5726
2636 3283
9683 966
7794 888
4854 8586
90 5282
8061 3985
778 4856
7575 7062
8382 8998
1090 4041
100 5626
8029 9033
997 6522
1706 8909
9684 9446
805 8991
8214 1644
705 8433
8693 3748
8552 9284
8537 9197
9477 718
1493 2258
31 462
2060 4122
5009 7964
8238 3050
9357 1735
1430 9685
8656 1083
8302 7170
8999 4506
9226 8927
33 410
916 9256
916 8072
8738 8771
9555 9343
3946 151
1140 1072
2682 82
9686 7019
9413 8239
9639 8899
1061 5166
9442 8590
8804 6724
1071 9534
7801 8678
8858 8758
1929 7813
6502 3745
7167 952
1071 8717
9687 9688
8017 9199
8654 4081
6154 985
1357 7908
9154 9352
8744 9689
4936 8260
7579 2540
8315 8802
5335 9072
8129 984
1089 1090
9690 7435
9332 1190
5317 116
7752 4583
9297 8925
8938 1367
4259 4556
801 3518
1283 369
9011 7958
3292 3424
9511 8786
9565 7872
9213 9170
3656 5561
7937 8119
615 9270
4311 9691
5800 1711
115 3600
9445 9261
8978 9599
372 8767
8418 4618
8130 984
8328 7874
4718 3491
4602 1384
8725 9414
7878 1722
5457 103
8281 9295
2682 3285
2021 819
7624 9075
9418 9399
8902 8385
6759 6361
675 8417
9149 7957
3745 8417
5551 5610
9692 7787
9333 8270
4983 8561
2495 395
6418 256
388 1837
2425 2871
570 7001
9036 8323
7658 6484
6067 8771
6003 1155
8254 8727
2857 3464
9678 1207
8022 4471
2682 308
8395 8058
2274 9354
8315 8435
8262 6949
8327 7761
5744 9203
1548 573
9693 9694
7874 7996
9217 9695
5199 8595
2608 9696
7810 7750
9697 2894
9193 3368
702 1062
7658 6485
4331 9698
7915 8423
1718 7767
4633 5849
6888 3283
8317 8066
1519 4228
61 3331
2637 7911
7880 8969
9651 9591
7877 7984
7170 7477
8721 8870
163 1129
3564 1350
365 5798
8514 4471
8341 8609
215 587
9267 7930
8531 8366
8092 1222
2985 8102
3489 7859
801 2586
8649 5509
1253 7795
9699 9700
8100 8156
3593 9639
5517 7854
4840 8894
2748 1077
9701 9702
1425 8475
9162 8831
2743 4284
6735 15
8294 8413
7096 7852
4874 8280
9348 9433
9041 3739
6096 7678
2420 888
9057 6944
1350 8008
2647 2540
9355 563
1929 4797
8987 8396
9259 9501
6038 7892
8334 8536
5479 8209
8571 1367
9703 9602
8604 8655
2550 1333
9704 9705
5835 7001
7794 7770
2130 3518
820 9408
9547 9519
8748 9706
5216 8759
8898 8276
9671 2990
8854 7178
9387 9707
9371 8718
6364 8468
1273 5581
9700 9708
4284 8070
5775 606
9689 503
7386 9622
7815 6724
1127 1837
5771 5444
9436 1809
1929 9709
24 9573
5216 7884
8779 9710
1350 5170
3869 4625
3165 2425
1046 9137
873 2766
8741 9364
5075 5364
7202 2129
3934 4218
8233 9125
9711 7781
7417 9100
9703 9603
4616 4736
7557 374
8707 3737
9253 9440
1392 8080
8545 1270
1714 8414
7827 9120
810 8544
8109 8193
7901 8414
9606 9712
6568 8458
9713 9694
9214 3876
9401 8912
5526 5142
8602 8705
9268 480
8576 5234
8726 8255
9585 9670
9322 8664
8423 349
37 158
9419 2506
8950 8369
5365 8479
896 555
9510 6208
3708 3754
7951 7949
191 9714
8876 9156
1395 9628
8707 5286
8264 8484
3021 3571
9359 8904
389 2709
762 9206
9567 9022
9593 9576
9104 7848
997 3196
6038 6140
9237 3197
440 8690
9715 9716
7565 7656
1378 9012
9172 9419
8907 8166
106 7248
1137 51
8045 7469
1140 8719
3840 8534
9108 1325
2782 32
7687 7688
3292 3357
8829 51
372 9430
7979 8853
9216 8901
8355 963
7827 8391
8621 9405
8223 9072
191 9457
9546 9280
7330 557
1929 7812
8156 8193
8051 8536
1730 9717
5276 3819
7752 9054
8546 8526
150 1748
5130 587
9619 7773
8776 4271
4183 2748
9143 175
8689 4522
6166 2532
9718 6229
8487 4542
8561 4616
8454 587
1357 528
189 9684
1467 5720
4095 4392
4272 857
4120 3446
1336 1327
2550 3264
8281 2393
5616 9349
1833 3021
9307 8085
8100 7791
6886 6361
6735 7698
176 8081
8813 819
8729 984
8775 8384
6316 6450
7883 8786
9275 9261
8961 9465
2314 8509
365 164
9719 9720
819 6644
6880 1673
763 8903
1425 9550
7629 1113
8869 5388
9636 7831
8120 8187
4957 105
1833 3571
4992 5691
3389 84
9569 9312
5479 8312
107 9486
14 8702
9721 8856
9439 6722
2793 9124
8679 6626
8461 4283
935 4283
4816 5254
8877 9692
7753 4583
850 1392
3405 1690
2246 5914
510 299
810 4218
9059 9266
7777 4657
8524 8744
1137 7854
8705 8688
1661 6922
963 8160
6082 819
9721 8857
9722 9723
7381 943
1883 4486
1823 5993
9724 9725
8280 395
9278 8387
4797 9726
16 704
9727 9728
1716 3216
1682 2445
399 8952
8084 991
7066 9069
8775 8726
951 470
447 6516
886 7693
8112 8718
8488 9298
8221 8525
7942 8230
8827 9729
8255 8727
4797 5955
8934 3706
805 8315
151 2170
9730 349
8197 8274
4368 8756
8358 8113
510 5988
9036 8322
7664 5700
9550 5226
886 1155
3885 8615
9125 8344
2748 648
8321 8097
576 8488
3741 8458
8053 7806
9541 8342
422 9517
8670 7881
9711 264
7842 8747
7782 8734
8228 4767
9233 8063
888 5067
246 8236
9050 9429
8013 9353
94 8418
3561 7776
5675 9096
5182 4512
7759 3781
805 5565
3981 8576
9630 9658
1114 151
3292 4856
1050 1413
4854 9273
8709 9125
9367 3293
3754 3396
480 8543
1213 2503
7871 7831
4854 9274
5199 9060
4748 8335
1378 9692
9450 1602
7664 1890
8804 9330
9363 627
1548 8364
8450 9326
9717 1731
2442 3518
7339 7976
8517 5565
8359 8113
9709 8924
8622 264
7771 7791
5706 9668
8576 5170
2376 8698
8149 8090
2793 9123
5633 14
8686 8434
115 9654
1047 9276
4810 6923
1144 964
1219 7529
4284 8057
886 7757
7984 3647
8091 1222
8598 5880
1656 1072
7968 8689
3219 651
8082 9129
3600 8178
8726 8902
2314 7987
8058 8988
3154 8131
8432 1803
3745 1270
4767 763
5607 8917
3090 8557
2344 976
258 470
7386 9621
9031 9731
9514 9655
9237 7920
8123 993
727 2857
1347 6077
1915 7811
4404 4646
798 9562
2748 360
8544 8157
8835 1800
9453 51
9732 9733
3789 4202
8668 8158
447 3730
8554 5700
175 7918
9734 9735
8175 8952
1076 7770
8620 3446
4806 9017
4856 7760
8279 952
6674 8999
7859 122
7770 888
4633 1673
9525 9673
1994 2029
2208 8641
8929 7001
7768 8422
6150 1092
9030 9731
5017 3396
1808 2296
5194 192
5952 9736
2479 9549
3996 3656
8557 845
6449 7203
8399 9695
9619 7772
34 946
8300 9654
9600 8928
9159 9511
7794 8544
4797 8924
1605 9518
1071 6222
390 9623
1395 8288
4797 9709
7448 6117
6164 4138
245 1384
9711 7780
8867 9472
9596 471
9638 9317
9163 9564
8797 1057
6516 3730
8036 5059
8219 1408
5431 3456
892 317
5125 1449
2719 1837
8794 8045
691 9435
9471 7860
1114 266
810 176
7363 5467
872 3298
9375 1887
4911 4520
8421 9452
7905 2927
9068 984
8698 8833
4081 9422
8380 8760
4856 4911
179 7775
302 9737
5581 8162
3332 6568
8674 6919
9379 3571
9077 8789
8790 6022
2277 471
2611 8568
8133 4650
909 2857
985 536
1605 861
2857 8868
9235 6222
7986 52
3570 3021
9099 7417
7777 6675
1887 5623
562 7705
199 9113
15 3348
4618 4712
6724 9330
5491 9672
1347 7943
2359 3392
8040 8695
6723 8804
8215 8291
9738 9617
6381 3154
4081 9480
9739 9740
9483 72
916 7992
8952 1953
8100 7770
9741 159
1089 1363
8626 2136
3792 1139
9381 9742
7924 8064
8657 1083
651 8106
4370 5578
8784 8758
222 942
5365 9055
9743 9744
8117 8159
1148 1900
935 7531
8032 763
9684 9027
7786 8877
9713 9693
4173 1139
5566 9320
8816 8464
1802 8300
9745 8956
3768 5209
9552 9382
7118 587
3710 7296
3929 1727
8065 8349
3283 468
2504 9746
9005 438
8391 9120
2869 5032
2433 1673
8495 158
8930 8159
9043 2998
8442 8621
9341 91
9478 9747
8612 8805
2869 8583
9485 5750
8242 8652
1151 6320
8181 8682
9245 921
5705 973
8066 8723
437 3643
9748 9749
9750 9467
6770 3571
631 9751
9477 9656
8199 9198
1096 1615
9523 5067
5944 8043
9466 9750
3368 9752
7939 704
8291 4522
4817 8976
4769 362
7968 3165
8350 973
1270 7804
8570 2975
354 8154
5746 2769
811 965
163 1063
7328 405
727 8868
8719 1072
8109 7771
4398 6541
5836 5837
1114 1467
51 5060
7883 8785
8718 8113
4948 8702
9534 9235
8898 8381
8247 5700
9753 8052
7325 7769
7698 15
2278 7994
8054 8833
7875 7996
9485 90
7911 8524
7992 9425
8888 7141
5835 570
6588 8908
2409 46
985 399
916 983
9028 7155
8582 5993
9484 9132
8354 9377
8582 5751
4767 2748
651 9095
8110 314
1076 888
9385 4218
8036 997
387 4430
2928 3155
8987 2781
5590 5808
7998 7733
9304 9574
9754 9755
1047 362
4840 8895
532 8940
3646 7984
771 3464
7096 1778
6736 1071
712 7678
43 46
9656 1900
5457 965
1596 2980
355 8154
2274 4392
8697 8825
8891 946
9506 2540
308 32
9160 7371
8329 8623
3138 3216
2379 8151
9756 6017
9396 7488
9313 8018
4159 3647
5276 9527
9359 6541
9281 9757
1307 7893
9738 2756
5225 7274
349 8591
1017 9370
9105 826
2575 2241
6402 7836
8882 72
2036 382
7390 218
7997 9075
8721 8246
9442 5665
9187 691
857 9139
5027 8486
34 3009
9216 8551
8358 810
7771 8156
811 4012
9129 8799
8452 1124
1090 3453
5911 6485
3741 3332
5988 2330
9712 9607
1610 1611
1345 8969
5911 7888
28 5866
1757 7389
3749 317
1951 9295
9343 9551
8754 5490
1757 8423
952 3396
9253 4617
7790 810
8617 8893
1735 1255
1076 7771
7557 3937
4371 9475
6402 4806
6809 7575
7973 8056
1673 5849
8323 8733
1705 2907
7800 8678
517 9758
8636 7962
9691 9000
9759 9109
9208 2501
8593 7768
7915 7389
3664 9760
9761 2066
9679 2659
8459 349
8100 8544
1144 2790
8408 1631
3429 7032
2637 675
4964 7953
480 8521
5853 2342
2425 3166
7389 8494
8398 9695
8030 8910
9506 2647
9747 9479
828 9561
9253 4398
8987 8395
5800 647
8681 6082
3768 8486
9599 531
9459 8217
9282 9757
8226 1477
8023 9278
3658 3198
8600 8204
805 8802
1705 6939
254 9258
8670 1345
8793 8166
2021 7981
7786 9692
2193 8256
9302 1477
617 9086
8083 8798
923 8229
5207 9426
924 570
4854 4844
1304 116
8728 8631
9559 9455
1939 9620
237 2005
1717 8388
192 265
8823 9434
8715 7924
1915 9762
9497 8746
8838 9528
2718 7809
2637 7804
3405 9346
8112 9707
2558 5578
758 43
9711 9109
1342 3020
4786 6874
9763 175
374 5857
8279 7167
9197 8538
9513 9383
280 9672
9555 4769
9764 5008
5852 9488
1929 9726
944 9114
9120 8690
2404 4735
7817 9325
8116 943
774 7032
1076 7791
9554 4616
8677 1255
9492 9128
8419 7957
1596 8188
9340 8932
6173 9154
5800 1536
992 8346
245 7118
8874 8523
9765 9766
8781 8706
7859 704
1096 8763
447 7941
2985 52
9767 1501
5317 573
9745 9646
8123 2193
8219 2495
8507 7923
4404 293
3351 6596
1384 639
8351 9398
7905 5598
2807 8786
2171 8829
5199 5237
1656 8730
7727 51
3658 8608
6163 4138
2005 2305
8439 3154
8589 9442
3223 8025
9768 4259
8503 8979
3298 7918
7972 3862
1833 4005
7767 8011
6805 3615
9769 9770
1735 6370
1656 1657
6688 51
8271 8056
7693 1155
9771 9772
8115 8413
8190 8455
9699 9708
9756 1098
1666 7043
7400 2364
7858 8356
224 122
7928 8841
8503 5000
6754 1392
8340 7763
5207 8285
7810 1144
9366 4723
2395 2225
2393 1367
6826 4837
7999 9692
1071 3029
7868 8936
6607 646
2647 7579
8037 1413
9764 30
2420 4218
2748 5250
942 4365
8756 8236
8756 8528
6374 8361
8925 8974
8698 8631
9650 1632
6895 6024
1307 8426
3673 923
7911 6502
872 8394
2318 7655
8036 8909
8459 8367
7877 176
1378 7999
8082 8798
848 775
4368 2479
1609 9773
2093 8349
8297 9127
9145 8429
1747 8494
7731 6862
2780 1699
405 7894
7791 8101
6734 8618
2748 4504
9709 5955
4324 9267
8778 2950
9331 9762
510 5149
9012 6438
8784 8567
9302 8336
374 9553
6166 5317
3614 587
9208 9334
156 1953
176 3647
9194 9254
9650 7549
8282 1367
7624 1333
151 3643
2558 4370
1425 5226
2420 3934
6861 7731
5059 8093
9302 8226
2559 9326
447 8807
9196 7930
6277 9079
8248 9536
8375 2358
387 8628
8568 8758
8867 8878
8014 9588
9758 30
647 4371
222 6486
4618 4520
3154 8266
7832 6724
8371 9303
8915 3876
7908 8039
265 587
2868 8467
9151 9287
1367 8064
8407 9420
9494 9530
8438 8312
6102 8975
708 5876
8188 2980
412 279
9035 8793
5675 704
8307 3729
7489 9103
7175 2029
8420 9452
299 4462
8944 8284
7867 8936
9650 8211
8404 470
31 8047
4709 9707
9596 24
1076 8193
2558 8662
37 771
8067 1129
1682 1061
8451 8185
7578 7210
916 9425
1656 9231
756 7453
4983 9554
9527 9448
9353 9588
3492 724
9388 9272
4609 2998
778 9380
7790 8100
31 7629
1367 8410
2060 2005
729 1484
3357 3293
924 8929
5675 7939
8802 731
2093 8065
3252 8427
7979 8158
6674 4505
4936 8989
1253 953
405 9310
8778 9710
1883 8870
8759 21
2442 9745
8036 7916
9165 8408
3573 9338
3921 8425
7971 3862
810 8113
7986 5060
5952 5060
7437 317
3040 3041
7755 7990
9473 266
7740 7741
8834 7942
9369 9293
4874 1124
6076 2898
5457 3264
9141 9224
8173 2981
8400 9412
254 84
8545 7804
8590 5590
3564 1477
8623 8194
8442 4848
8463 6999
2748 5282
8450 1717
7620 2305
9417 1598
8636 9148
9049 9429
7883 9511
