1 2 81 743 
824 1148 1878 4376 4437 4960 
1062 1347 1889 3546 4377 4396 4486 4509 4566 4903 
1555 2242 4378 4379 4442 4443 5024 5308 5378 
4380 4381 4490 4667 4668 5579 
4382 4383 5506 5508 
315 519 913 4384 4913 
1906 1922 1943 2024 2759 3987 4386 4635 5039 5314 
1071 1765 2442 4387 5210 
803 1341 4388 5697 
33 34 410 946 
665 1716 2295 3268 
38 580 742 1477 5497 
4389 4390 4426 4427 4448 4489 4529 4530 4584 4591 4866 5006 5074 
382 648 1678 2748 3516 4237 4391 4504 4521 
790 1718 1719 2156 
116 3154 3155 3781 3934 4392 4556 5099 5445 
1350 3981 4393 5169 5170 5233 5234 
85 789 1547 1605 1989 2982 4087 4477 4502 4538 4572 4574 4597 4624 4651 4706 4711 4950 
387 388 790 1026 1711 1719 1720 1742 2045 2081 3555 3708 4246 4394 4430 4567 4724 4725 4837 
2748 3444 4397 4398 4435 4617 4878 5191 
128 472 4399 4400 4411 4412 4427 4788 4789 
1313 4403 4413 4790 
935 4404 4405 4645 4646 
51 52 1137 2372 3782 4631 4714 5060 5209 
2978 4406 4407 4759 5274 
865 1015 4408 5663 
3819 4414 4415 4921 
1193 1710 3710 3711 
19 151 952 4833 
32 2280 2782 3966 4416 4505 4506 4720 5258 
1128 4417 5041 5181 5223 5401 
360 763 3113 3114 3673 3715 4418 4419 4730 4767 
3080 3081 3802 5511 
169 1144 1900 2006 4420 
319 320 340 4421 
4422 4423 4766 4933 5129 
1763 4428 4429 4446 5605 
1199 3247 4431 4895 
299 510 2330 4432 4433 4462 4463 4533 4534 4578 4807 4898 
794 1143 1596 4434 4630 5213 5278 
165 845 2766 3090 4225 4436 
4438 4439 4475 4476 4558 4663 4905 4962 5297 5318 
789 1292 3995 4440 4441 4456 4457 4880 
446 4444 4445 4841 
192 265 278 3100 4574 
156 222 522 523 762 933 942 1536 1711 3034 4365 4447 
14 798 4449 4516 4517 4527 4665 5283 
4451 4452 4703 5157 
1072 2103 4455 4748 4897 4901 5079 5080 5171 5193 5267 
722 4458 4592 5018 5185 
2611 3918 4459 4495 5646 
257 266 278 1251 2534 2757 
1602 2939 3009 5483 
1778 1779 3387 4176 
340 2225 2395 2410 4460 5115 
414 770 778 2102 3292 3293 3357 3424 3489 4461 4520 4618 4675 4684 4697 4712 4758 4806 4811 4830 4856 4911 5330 5715 
524 740 765 4465 4466 4543 4544 4594 4658 4659 4707 4708 4907 5118 
340 2193 4214 4468 4620 5107 
71 72 2669 2748 4721 
8 437 984 4470 
3429 3489 4471 4472 
65 265 317 587 
1378 1395 1666 3362 3445 3862 4473 4922 
279 1210 3140 3141 3419 3500 
2258 4478 4479 5818 
2357 4480 4713 4799 5429 
819 4294 4295 4481 5316 
387 388 4483 4579 5235 
357 1061 1685 3285 3378 3379 4487 5166 
82 151 152 1735 
84 471 771 1520 2063 3147 3785 4491 4494 4785 5059 5190 
4492 4493 4769 5090 5504 
82 151 1331 1833 3021 3946 5782 
3348 4496 4497 4916 5263 
828 3964 4499 4577 
1488 3429 3489 4500 
2246 2910 2911 4501 
1395 2425 3165 3166 3283 3862 
245 4507 4508 4602 4927 5186 
37 156 522 911 976 3177 4510 
32 84 90 254 302 384 648 819 
1714 4511 4512 4874 5182 
2267 3187 3534 3535 3582 
436 4513 4894 5364 
316 3216 3749 4514 
606 2719 3190 4334 4846 
1072 4518 4747 4748 
935 1331 3770 4261 4283 4904 
1347 2898 4519 5187 
163 365 2157 4243 
4523 4524 5001 5630 
299 1561 2330 4525 4898 5068 5069 
3610 3611 4078 4526 5114 5165 5196 
2234 4528 5148 5661 
533 1269 4169 4792 4853 
394 395 1408 2495 
308 617 618 2606 4535 4686 
383 384 410 5472 5591 
708 921 4417 4539 4903 
921 984 1151 3643 4540 4912 
230 231 476 482 1211 1909 
658 659 998 4545 5241 
4051 4052 4241 4546 4547 
4549 4550 4763 5312 5441 
1299 2714 4551 4552 
3 347 2296 3973 
2128 2129 2481 4565 4938 4965 4980 
2773 2774 4570 4571 5305 5699 
103 739 1253 3264 
90 2502 2643 2927 
4580 4581 5063 5306 5405 
254 763 2148 2404 3063 3389 3590 3673 4735 4831 4996 
4585 4586 5061 5285 
4587 4588 4699 4787 
805 1610 1611 4590 5565 
134 215 4593 5479 
4595 4596 4791 5016 5494 
1367 1951 1952 5113 5385 
4598 4599 4613 4741 4772 4886 
3714 4603 4604 5507 
1800 2662 3075 4605 
1133 2628 2736 3604 4835 4836 4914 
4607 4608 4676 4813 4838 
1284 2998 4609 4610 
169 317 1962 5667 
163 2277 4611 4993 
113 262 357 4984 
921 1151 1966 4912 5578 
382 698 984 1678 1688 1813 2036 
778 2333 4614 4619 
409 3179 3229 3294 3295 3468 3607 
46 4615 4616 4736 4737 4983 
156 695 2417 3084 4625 
4627 4628 4963 5078 
84 771 1209 3288 4633 
522 911 933 934 4634 4723 5093 
179 4637 4638 4781 5585 
299 2609 2709 4639 5139 5140 5682 
265 2376 2994 4643 4644 5291 
279 923 1428 2833 4012 4647 5258 
1119 2830 4648 4649 5381 
2185 4650 5225 5226 5439 
116 4652 5362 5797 
32 308 1047 1333 
115 816 1802 4664 5026 5103 5396 5609 
1304 4669 4823 4997 
176 888 4670 4671 5067 
3331 3332 3741 4773 5231 
1661 4672 4673 4751 4941 
3104 4677 4678 5030 
4679 4680 4925 5356 
4681 4682 5205 5273 5398 
2346 4684 4702 4749 5546 
1994 4685 5311 5434 
82 1809 3570 4474 5087 
3411 4689 5058 5323 
2093 2094 4690 5310 5391 
4691 4692 5382 5586 
82 3490 4693 4871 4884 5373 
674 675 1063 2404 
437 984 2818 3271 5553 
78 435 682 4882 
103 1367 1952 2227 2393 3356 
1063 1270 2011 2222 3636 
4704 4705 4726 5275 5518 
1106 3227 5137 5530 
3491 4718 4719 4810 5124 
1808 3373 3771 4722 4982 
5 732 3320 3528 
4731 4732 5264 5319 
2558 3396 4734 5775 
279 412 1705 1706 2267 3189 3582 4683 5654 
1093 3911 4739 5019 
151 855 2825 4740 5575 
314 4212 4742 5357 
65 1068 2163 4745 4746 5535 
770 1794 2102 2130 3518 4750 5154 
2106 2712 3470 4219 4753 
1935 4754 4757 5065 
304 2106 2690 3271 3936 
587 920 4760 4852 
4761 4762 4834 5238 
4486 4764 4765 5105 
3894 3895 4768 4780 5227 5335 
4770 4771 5386 5421 5695 
55 820 840 3559 5023 5280 
358 1528 2943 4786 4893 
632 646 1672 2417 3195 3464 5413 
151 952 1193 3710 
252 384 1915 3204 4793 
869 2668 4816 5254 
2276 4017 4794 5686 
169 1144 2142 2532 2790 
4808 4809 5573 5574 
317 587 892 1331 1716 3463 5130 
122 704 3065 4812 5358 5639 
4814 4815 5581 5620 
4816 4817 5538 5566 
51 199 3782 4822 
4825 4826 5365 5524 
819 4827 4828 5286 
898 992 993 4421 4832 
1141 3138 3507 3508 
3512 3513 3805 4059 
280 1151 2170 2558 3396 5017 
536 888 923 2220 2397 3301 
4692 4849 4850 5382 
4859 4860 5345 5702 
754 755 819 990 
4872 4873 5596 5637 
4875 4876 4896 5224 
2950 4877 4934 5576 
923 1089 1948 4829 4879 5363 
992 993 2501 2833 4467 5393 
169 1144 1155 2790 5552 
2136 3862 4887 5414 
105 4095 4888 5560 
826 4889 4890 4917 5062 5178 
3695 4892 5121 5211 
103 1308 2393 2614 
763 1321 1347 3389 4900 
882 3677 4902 4999 
1089 1090 1363 3112 
1631 2691 2692 3949 
1804 3884 4233 4920 
2143 4923 4924 5116 5117 
383 3472 4926 5146 5242 
8 984 2985 4928 
278 362 1959 2255 
65 1590 4929 4930 
211 4931 4932 5325 
192 4935 5194 5195 
187 805 992 1430 4937 5081 
349 3151 3814 4943 4989 4990 5100 
14 798 4948 5633 
1887 4949 5485 5486 5623 
1714 2067 4951 4952 
156 751 2551 4045 5493 
665 3615 4195 4196 
2213 4958 4959 5046 
192 265 1766 1916 
158 4185 4961 5200 
4967 4968 5152 5563 
1714 4969 4970 4994 
597 1015 3185 4976 5467 
1714 4716 5339 5340 5756 
1105 1106 2690 4055 
4985 4986 5251 5372 
29 30 2506 4796 4987 
1924 1979 4995 5173 
317 587 5002 5641 
1071 3029 3262 4801 
278 362 2163 5505 
5011 5012 5040 5758 
169 1114 1144 2790 5317 
1089 3112 5013 5363 
3655 3656 5521 5561 
280 921 1151 5020 5491 5766 
811 1673 3303 5333 
103 1367 5022 5056 5457 
51 3086 4819 5027 5517 
992 1169 5053 5331 
1473 3140 5031 5032 
778 5036 5037 5176 5177 5180 5232 5299 5309 
1929 4797 5038 5593 
647 651 1578 2492 
1773 2068 2176 5047 
5049 5050 5476 5613 
279 1824 5057 5141 5473 5688 
984 2985 5064 5635 
657 1423 2341 5271 
3303 5072 5073 5343 
5075 5076 5221 5424 5425 5453 
427 1923 2584 5082 
873 2208 2795 5084 
1216 1217 1676 5509 
5095 5096 5461 5638 
491 5108 5109 5315 5478 
447 3348 3729 3730 
4770 5126 5127 5421 5537 
2599 5128 5451 5783 
1050 1413 5142 5526 
1113 1292 5145 5304 
576 5147 5160 5161 
299 510 5149 5577 
122 704 2834 3065 5164 5639 
5174 5175 5417 5603 
51 199 745 1137 3086 3768 5640 
5207 5208 5468 5551 
286 2375 2376 2859 4012 5384 
2124 2805 3777 3778 
2451 5214 5215 5477 5616 
1796 1883 2117 5754 
1647 2708 3789 5220 5543 
1929 3513 3522 5222 5269 
116 1715 2436 2533 3931 
3040 5243 5557 5622 
2887 5244 5245 5423 
5247 5248 5599 5600 
276 534 5250 5252 5351 
5255 5256 5456 5510 
314 778 1124 5260 
116 3348 4497 5554 
1071 4801 5262 5300 
317 824 1148 4960 5301 5302 
1375 1376 2044 2748 5282 
1001 1002 5294 5295 
308 329 409 5762 
531 778 4497 4916 
1073 3832 3851 4197 
2346 5303 5546 5607 
447 1727 5313 5634 
349 588 1074 1491 
975 976 3478 5344 
24 471 1448 2726 
892 3899 3944 5430 
308 478 1068 1766 
597 952 5192 5368 
72 2269 2733 3930 
163 2157 4041 4993 5798 
921 1915 3347 5578 
5134 5437 5438 5448 
722 1750 5018 5185 5440 
665 2005 2060 2305 
223 5498 5499 5629 
916 5501 5502 5584 
317 362 587 3749 
587 1213 1716 2503 
317 362 892 5540 
395 697 769 5567 
5614 5615 5678 5692 
2518 5655 5656 5796 
122 704 3065 5639 5675 5780 
849 1015 1221 5676 
4991 4992 5691 5789 
5374 5375 5426 5427 
188 2683 4385 
4401 4402 5104 
2305 4409 4410 
2479 4424 4425 
194 3921 4450 
4453 4454 5083 
557 2822 4469 
1476 4498 5033 
1040 2546 4522 
750 4503 5773 
1443 2989 3744 
176 488 3647 
2029 3208 5009 
3217 3218 5492 
4536 4537 5290 
1273 2781 4964 
3233 3234 4033 
2924 4548 5525 
125 4553 5700 
830 2046 3235 
4554 4555 5668 
4559 4560 4589 
1714 4561 4562 
155 4568 4569 
106 3967 4573 
4582 4583 4641 
4600 4601 5681 
1046 3103 4138 
1975 1976 1993 
1490 1612 4621 
4622 4623 5790 
947 4632 5707 
1481 4636 5270 
4206 4207 4642 
4653 4654 4657 
1717 2211 2559 
4687 4688 5745 
966 3317 4694 
4695 4696 5544 
3371 3372 5550 
91 3035 3795 
1208 2651 4727 
4728 4729 5555 
3224 4743 4744 
1709 4774 4775 
4778 4779 5395 
2052 4784 5592 
3289 3446 3447 
292 616 4800 
4804 4805 5832 
1455 4818 5480 
1176 1609 4842 
1207 4847 4848 
4854 4855 5618 
820 4857 4858 
4321 4861 5028 
4862 4863 5542 
2050 2093 4864 
1092 1439 4865 
4869 4870 5719 
2191 2192 2406 
59 633 997 
691 4881 5376 
893 4906 5334 
1852 4915 5617 
4944 4945 5736 
4946 4947 5672 
4953 4954 5392 
372 4955 5809 
256 4956 5394 
800 1088 5367 
1623 4966 5471 
1066 1096 4971 
582 4972 4973 
4974 4975 5428 
4977 4978 5369 
1888 2650 4981 
422 780 4998 
1244 1923 3635 
5003 5004 5748 
771 1156 3621 
5007 5008 5383 
5014 5015 5406 
82 4820 5025 
3485 5029 5738 
5034 5035 5539 
5044 5045 5570 
615 1690 5048 
1660 1820 4205 
5054 5055 5433 
797 1198 4226 
1025 1191 5562 
2337 2338 5855 
260 489 5066 
630 800 2739 
2335 2363 3696 
5085 5086 5708 
465 5088 5089 
2666 5091 5717 
298 2028 5092 
3593 3717 5536 
712 5106 5487 
4008 5112 5466 
5119 5120 5490 
2516 5122 5123 
963 5138 5645 
82 4032 5143 
5150 5151 5549 
1366 1763 1764 
5167 5168 5677 
2482 5183 5184 
3846 5201 5202 
1656 1657 5206 
2774 5216 5217 
330 616 5230 
5239 5240 5489 
514 1761 5246 
514 1239 5257 
3819 5276 5277 
2179 3976 5359 
1667 5287 5288 
2743 2744 5289 
3838 3839 5755 
5292 5293 5657 
21 349 1757 
647 4488 5296 
1071 3787 3866 
959 1635 2509 
15 3348 5279 
1099 5322 5703 
1050 5212 5327 
5328 5329 5842 
475 1448 5332 
2094 5337 5338 
2528 2529 2666 
336 3328 5541 
5341 5342 5475 
1615 2453 5346 
590 2521 5347 
5349 5350 5619 
1248 5354 5355 
647 4371 5268 
5133 5134 5377 
1383 5379 5503 
857 2648 5380 
5387 5388 5774 
374 5399 5857 
5403 5404 5693 
5407 5408 5474 
42 5409 5410 
1063 5348 5415 
2094 4662 5432 
4798 5435 5436 
855 1527 5179 
5454 5455 5721 
651 5458 5459 
5469 5470 5606 
1253 2426 2636 
5495 5496 5823 
1347 1446 2928 
2488 2944 5500 
4709 5513 5514 
5121 5236 5516 
4035 5520 5819 
5522 5523 5626 
300 308 2575 
1935 5397 5529 
405 5533 5534 
124 2250 2686 
801 1723 5548 
24 902 1741 
923 2907 5094 
5571 5572 5648 
5589 5590 5808 
1800 4717 5597 
191 5604 5763 
657 1325 1988 
888 2456 2476 
5627 5628 5761 
1605 3282 5631 
2246 4464 5632 
82 1755 2409 
4213 5647 5749 
5665 5666 5722 
547 548 1352 
5673 5674 5824 
5679 5680 5701 
1139 3792 4173 
2252 3554 3555 
3183 5698 5822 
5705 5706 5726 
1700 5710 5711 
1072 1499 5307 
81 4988 5725 
4316 4509 5724 
2094 5694 5729 
5731 5732 5776 
5733 5734 5739 
2029 4795 5528 
5742 5743 5794 
2769 5746 5747 
3818 3819 5716 
1722 4417 5249 
1824 2540 2647 
8 813 4576 
2094 2908 5685 
1211 1984 5727 
1114 1467 5720 
1929 2084 5664 
151 517 5077 
3 1525 5662 
1739 5792 5821 
1520 4752 4899 
647 5799 5800 
763 1459 5807 
1891 2046 5564 
5033 5723 5744 
769 1449 5125 
280 5527 5658 
3172 3374 5828 
3283 4125 5515 
2276 3761 5412 
712 5587 5838 
4715 4716 5843 
1490 2080 2523 
265 3178 5253 
32 2169 2200 
199 605 5788 
2376 5199 5237 
1685 5610 5833 
340 5326 5804 
1015 2004 5759 
4511 5601 5784 
4841 5402 5684 
1255 1735 5366 
258 308 2682 
