1 2
3043 3044
3045 3046
1212 256
1705 1706
1709 807
3047 3048
3049 647
801 3050
3051 3052
3053 3054
3055 3056
2039 3057
3058 2971
2974 3059
3060 1061
3061 3062
1347 3063
1350 3064
77 78
3065 704
3066 3067
134 3068
3069 3070
588 3071
19 952
3051 3072
888 371
1666 3073
3074 3075
801 526
3076 317
3077 3078
355 3079
3080 3081
3082 3083
1046 3084
884 3085
3086 745
2167 1691
3087 3088
2758 1155
3089 134
2482 2195
3090 165
3091 3092
3093 3094
3095 3096
3097 3098
149 78
3060 3099
3100 192
1144 573
3101 3102
3103 278
3104 3105
895 3106
3107 355
3105 3108
3109 3110
3051 3111
1766 1767
1273 3112
3113 3114
3115 2036
2445 3116
1446 278
302 252
888 3117
1803 3118
295 3119
1778 1779
155 3120
1015 216
3121 3122
295 702
3123 169
32 2978
877 3124
135 3125
517 1144
3126 3127
3128 3129
3130 3131
562 3132
3133 3134
3135 3063
3136 3137
222 170
705 1803
2455 3138
3051 3139
3140 3141
3142 2843
2370 3143
1810 278
3144 3145
1209 1156
3146 3147
3148 3149
1818 807
674 1819
1820 1742
422 830
3150 3151
151 1735
2325 3152
2029 3153
1823 1061
1682 3057
3154 3155
1071 3156
3157 3158
3159 2870
832 1672
1833 82
1136 1834
3082 3092
3160 3161
2982 3162
3163 3164
3165 3166
3167 3168
3169 3170
70 3171
3172 3173
3174 3175
3176 3177
807 557
3178 1767
290 2195
1685 474
316 317
279 1210
3179 3180
1883 888
3181 702
3182 2358
3027 3183
3184 3185
682 1855
3186 582
2267 3187
266 3117
3188 1020
3189 1210
1823 1873
3190 606
3191 1210
2039 3099
1705 877
3192 3193
829 3194
3195 3196
163 365
3197 1325
3198 3199
2682 771
3200 3201
3202 3203
3204 3205
3206 3207
3208 2029
1924 3209
3210 3211
3212 910
3152 3213
3214 3215
2270 3216
19 953
1047 3084
3217 3218
1604 3219
169 1900
3220 3221
2437 3150
3222 3223
3224 3225
2156 2252
3226 3227
362 3117
1909 1211
884 648
801 1716
3228 1541
3229 3180
3230 3231
2923 3153
2781 1273
1151 1915
1916 1810
3232 755
3233 3234
3123 893
1276 888
3069 317
3235 830
3236 3237
3238 3239
3240 3083
702 1926
1929 171
3072 3241
1363 1273
3242 360
78 453
3243 3244
3245 8
3246 3247
3176 3248
3249 3250
3251 3252
3253 3052
1709 806
3106 1412
3099 3057
199 1137
2445 3057
3163 3244
3254 3255
1816 3256
3257 1115
3258 3259
3260 3261
3262 3263
1682 3116
3264 103
414 473
3265 1924
3046 553
3069 2758
230 476
3266 3267
2234 3268
481 317
37 3269
1 81
2482 1626
3270 70
2055 3271
282 3272
3051 3241
3273 3274
362 103
163 266
645 830
3275 3276
1947 1948
1372 3277
3278 3279
3181 1926
3280 3281
3162 3282
3166 3283
3284 755
1909 476
1209 3285
3089 3286
542 543
1682 1873
3287 3288
1964 1965
942 949
3289 3290
3139 3291
3292 3293
3294 3295
2551 3085
3296 796
674 1978
1353 3297
3298 3270
712 1928
574 104
524 3299
3300 913
3253 3291
308 3301
3302 3303
2325 3304
1253 3305
3306 3307
3308 1926
2748 3309
3310 832
3311 3163
4 1981
3082 3312
1883 942
1047 3313
362 82
252 3205
1984 1211
192 3183
3314 1087
382 1985
892 993
3146 1672
3315 3316
1991 778
349 589
631 377
2042 3317
3318 3319
2087 3162
635 349
3320 3321
2403 3322
1706 1805
372 3323
3324 3248
3325 3326
1685 1873
2142 1069
2006 1144
1705 1210
3327 3328
3329 531
192 82
1926 3330
3331 3332
3219 2087
2955 3333
3334 3335
28 3336
3204 384
3337 3338
3339 3340
888 819
3341 3342
1991 3343
3344 1155
293 474
3345 3346
3347 3348
562 3349
3350 1145
3351 1685
2021 1251
3352 3353
681 78
3354 3355
682 78
801 587
3356 1367
3357 169
2006 1900
1682 3358
3359 3360
3361 3244
1906 2024
3362 323
693 694
3363 3364
3365 3366
3074 3367
1810 2029
3368 266
3369 3370
82 3368
3371 3372
1808 3373
3374 3375
3376 3377
2036 2037
3378 3379
1685 2039
3320 3380
151 665
1276 2044
387 2045
3381 3079
3082 3052
1182 3382
3383 3384
1685 3358
3385 3386
3179 3295
5 732
3387 1779
2843 3388
675 2050
1209 3287
3253 3241
3389 1459
3390 3254
3381 355
3391 298
3392 28
3055 3393
1813 698
3212 3196
743 2
3369 3394
3395 3396
892 3397
1144 1900
3398 863
1978 1819
254 3399
3044 1155
3400 625
3139 3401
3402 3403
3404 3145
3204 3405
3074 3406
764 765
3407 2671
3408 3409
3410 1626
3253 3072
1276 371
2744 3364
3091 3083
2066 2067
3411 3297
308 771
1569 3397
3157 3069
911 3368
774 775
72 3177
3412 3413
3414 3415
3416 3399
1549 2234
536 362
3092 3312
3417 3418
3419 3140
3079 3420
2608 3421
3422 3342
789 790
3423 3424
1156 3288
3425 3426
3427 573
222 2084
3428 2162
285 3429
177 3205
942 3430
2087 1605
215 1144
1256 3431
2021 2091
3432 3433
3434 3435
3306 163
3436 3261
827 828
2093 2094
3437 3438
1367 2096
3439 3440
1339 3441
3442 468
1190 2101
2971 3443
3444 648
371 2880
3445 3265
3254 433
3446 3447
285 3043
3448 3449
3361 3243
1883 2107
3450 304
1883 362
3451 3122
3183 911
3452 634
192 3453
278 3453
3454 3455
3027 3368
3456 3384
2033 1742
3457 3420
177 371
3458 3459
3460 3461
3462 3330
911 371
801 3463
3052 3092
569 3078
3464 3384
3465 3466
745 51
2133 2134
888 3076
2137 169
24 3467
3294 3468
215 886
163 3027
988 2084
3469 3470
295 3181
1144 2142
675 2093
1071 3471
16 122
3472 384
3447 3473
3474 1137
3349 3132
77 895
959 278
3219 3162
3475 3432
3476 1256
3252 3477
3422 3478
3479 3480
1673 3481
3405 371
3482 3483
1331 1716
3484 3417
3485 3143
3313 362
798 14
3433 3486
3487 3488
3357 3489
2409 3490
3323 3491
3492 1990
916 917
801 2153
28 3493
3438 3494
1820 387
3058 2453
3397 317
3298 70
2157 365
3487 34
3495 3052
873 1844
3254 3270
3496 3497
3498 3499
279 3500
1993 1976
2161 2162
3354 3072
536 317
911 317
3501 3502
81 743
935 151
3503 3504
3505 3506
3507 3508
597 824
3232 3509
42 3510
1929 2168
3511 1906
3512 3513
3514 3515
1855 436
1984 230
3324 3516
3337 324
1823 2898
2810 3421
3517 349
949 893
3166 2871
1794 3518
3519 3520
951 258
3437 3494
3351 3379
3521 185
3484 3091
2148 763
3522 3523
1929 170
3524 3525
965 966
3526 3527
3111 3312
5 3528
3529 3530
3531 3370
3532 2872
1265 3001
1705 3533
3534 3535
824 3184
3534 2267
2358 3536
265 1767
3537 3538
3103 488
2191 2192
988 170
3539 1370
2194 2195
3540 3541
3542 3250
1684 3543
2719 3190
3458 3544
1089 3545
3546 3547
910 3196
3548 2037
3549 3550
3101 196
3495 3082
1278 495
2534 278
3475 3486
3551 3151
574 3442
3292 169
170 2084
2216 2217
935 3552
3553 573
1711 2886
3554 3555
3556 3557
2317 3558
3559 55
285 570
3560 1155
3070 3158
3060 3116
3263 3261
1794 3561
3534 188
3092 3401
1144 1155
1061 3099
3562 3352
3563 2586
3564 580
3565 3345
810 3301
3183 266
2403 3566
3093 3567
3568 3569
3351 1873
3570 3571
3417 3401
3572 3573
3253 3083
285 3044
3574 3386
3287 84
3575 151
3239 3547
3576 3577
62 1997
1073 3578
3579 3224
412 3191
4 151
3580 3581
810 888
1873 3099
3534 3582
910 1037
3583 3584
3077 3585
2550 2227
3586 1765
1719 2252
254 3063
3052 3072
169 1069
1148 1878
3466 3587
3588 3589
3389 3590
3111 3072
3146 3591
433 70
2227 3264
3370 3592
3561 2130
302 384
3593 3594
3355 3139
3595 3596
3083 3052
3597 3247
3092 3291
3570 82
2255 362
3598 3599
3365 3600
3522 1424
597 2260
3417 3253
3601 3602
3468 3180
797 739
3374 3603
1061 3358
3390 433
3604 1567
3605 3606
3607 3468
3608 3609
1823 3358
3610 3611
3612 3613
3614 192
3069 3366
1947 2093
3615 665
2163 2393
3592 1037
2274 2275
1766 192
3349 1493
682 681
285 1069
3209 830
3542 3249
192 3178
188 3187
3092 3241
3616 3617
422 645
3618 3619
3223 888
3620 3621
482 230
3409 3622
1089 3623
3458 3624
421 645
3625 3626
888 82
828 1117
821 645
3608 3627
3240 3082
3628 1282
3629 3328
882 3101
3630 3437
524 765
3499 3278
3216 317
3412 1997
3631 3300
3156 3015
588 3150
3473 3290
3632 892
3052 3312
3202 3633
3634 1819
3635 1244
2276 664
2302 828
1156 3621
3306 3636
1951 2096
3637 1597
3253 3092
3482 1677
3638 3639
3640 3147
2163 278
3641 3093
2277 362
3642 209
2393 2170
3643 921
3644 3645
3646 3647
3146 3640
2130 973
3648 3649
3650 3651
3652 3194
2807 3653
3654 590
1151 921
3655 3656
3616 3310
3657 3377
3248 3516
3621 3285
3658 3199
3175 3659
2316 2317
163 3636
3660 3617
3049 3503
681 1163
2322 1363
3260 3661
3616 3640
1115 1087
265 3178
3403 3459
163 317
421 3662
3141 3500
3043 1155
3663 1059
1732 778
1175 1176
3077 286
3664 3665
3666 3549
3667 3668
3669 3670
5 3671
3672 3502
2332 2333
3389 254
3074 1990
3157 2758
860 2084
3673 648
3674 3385
1182 3675
1156 3287
3676 3409
3390 3171
882 3677
3678 3679
3680 14
755 984
308 1997
3077 3681
3376 3625
3682 3683
3062 3587
2337 2338
3355 3082
1929 988
1144 3684
3685 3568
3686 3687
3688 3689
3105 3690
3691 3692
3692 3261
3693 3525
1033 1200
911 2886
536 371
3694 482
958 16
3542 3695
3313 869
2335 3696
3445 3073
3083 3418
1148 3697
1205 1206
3698 1117
3699 1155
1211 476
1520 832
3075 3700
3701 3702
1873 3116
3294 3180
3703 1424
1855 1163
84 3621
2354 2355
762 1321
3351 3099
3600 892
861 2358
156 976
3704 3549
3705 3706
2724 3707
868 1222
3082 3418
1719 3708
3061 3709
3710 3711
3712 712
828 2364
3713 3098
3136 3228
1687 1336
2148 3714
3715 3242
911 266
190 1724
2445 3379
1732 3716
3240 3091
3593 3717
3718 3719
2060 3720
3111 3052
517 3716
3313 3084
3324 3085
302 3205
569 3681
3721 3722
1549 665
3520 3480
2153 3050
935 116
1682 3060
3723 1636
1363 2133
3191 3124
3270 3255
373 3491
3358 2039
2060 3724
3410 2482
2267 3535
3466 3061
1114 3725
3623 3043
3726 3727
3392 3336
232 943
1151 731
3728 1552
3729 3730
3642 3731
3684 1155
674 3732
3060 2445
3733 526
2830 3734
3442 104
2372 51
1276 911
3735 2666
3591 1520
3736 3737
3560 3738
112 435
2094 3739
1840 3689
3740 1667
3741 3331
3742 2604
543 1262
3051 3240
2375 2376
412 1567
11 1265
3124 1210
1383 3562
824 1878
3743 3744
222 1929
3075 3745
3746 3747
3204 371
163 3076
2029 1767
3518 3748
481 3749
3083 3139
3750 3127
3432 3486
886 3699
1523 1597
362 278
3361 3164
3402 3458
536 3027
2383 869
588 3551
302 371
3751 3752
2385 2026
3607 409
3753 2586
286 3585
3342 156
314 3754
3755 3581
4 953
3756 3469
3069 3158
3027 317
362 2393
382 698
3345 3328
316 1155
3757 185
3758 826
2397 2134
1823 1682
1883 1276
3232 1321
828 2402
3759 3760
1766 2029
192 911
3640 3310
2376 3545
2276 3761
3535 3187
3729 3348
3361 3163
1909 482
3627 3609
3762 953
3607 3179
2750 3763
2276 3764
2191 2406
1253 664
693 3765
935 1331
2333 778
3766 3205
163 1276
1549 3767
3137 1541
3768 3086
2025 3328
3379 3099
3769 3044
892 1155
1682 2039
3308 3462
3052 3291
2411 2412
222 988
295 3462
1951 1367
935 3770
949 14
3359 3149
3560 285
308 2978
2134 3771
1648 1347
3204 3472
3367 3075
19 1253
3257 3772
1347 763
1883 3076
911 3076
2087 3282
3773 91
1089 536
522 1744
151 952
374 3093
3614 591
3490 1755
3378 2898
37 464
2898 1873
3774 3602
112 78
71 2551
3775 173
3027 82
3776 3702
488 362
3777 3778
3779 1069
3620 3287
437 755
763 360
278 3084
828 1359
702 3462
2033 790
372 3491
3780 3252
3154 3781
3474 3782
3015 3263
3783 1490
1909 3784
617 3785
3600 3158
778 3716
3495 3241
2397 3771
3576 984
3070 1155
984 3786
1921 3511
3530 3787
3204 3771
3097 3713
2029 265
3354 3092
675 1363
1677 3788
1151 3348
3789 3790
1089 1155
3791 1657
3104 3108
1209 771
3785 3617
2045 790
1823 3379
3516 3085
2255 2611
3417 3354
1823 2039
517 3286
3792 1467
1715 2436
3793 739
1648 1321
3489 3293
1190 3794
1736 3322
37 3795
387 254
1813 1985
2437 349
3219 2982
3274 3796
1089 2376
3027 266
3750 3126
2440 2436
1383 1384
1719 2330
2453 3443
2442 1765
3511 3797
1952 1367
3798 3119
1377 863
3273 3796
2695 3799
3298 3255
3091 3312
3800 3801
2325 3213
3802 3080
3129 1072
286 3681
1383 3353
3803 3804
1823 2445
3512 3805
1677 3483
3806 3728
3807 1518
299 3808
3365 3070
3368 317
3210 3809
1260 3388
3661 3261
2163 362
3116 3057
3798 295
3798 3462
3810 3414
588 2437
3811 3812
569 3585
254 790
3257 3813
769 3435
222 171
694 134
3814 3151
3027 3117
3442 105
1709 557
3815 582
3816 3817
3484 3241
1929 2084
3410 2195
3082 3139
3784 476
3818 3819
1151 2558
3820 3299
959 2227
3821 3822
3240 3291
796 3823
517 82
3824 199
437 3786
77 149
1096 1065
134 517
2029 3453
3157 892
3365 2758
355 3420
3825 3552
3064 3826
447 3729
3354 3241
3289 3446
1144 1069
1331 587
2100 2039
3715 3113
3827 3828
860 2168
2898 3116
3719 625
2781 3829
895 149
3265 830
3830 3159
3831 3832
1260 479
1685 972
3539 3325
3833 3834
2333 3835
77 3106
3082 3241
1093 1567
3836 3837
3291 3401
112 436
3314 3772
895 1412
3692 3263
681 453
3838 3839
2482 2412
3070 317
3355 3052
3072 3092
855 3840
3417 3083
1810 3453
3051 3417
3841 315
3709 3842
3843 3776
3844 192
3321 5
3845 1477
3846 3847
1395 3445
755 8
2406 2192
3188 3848
2148 2486
265 278
1794 973
82 1735
1265 12
3408 3622
3849 3850
3851 3832
3417 3091
972 3388
1473 2805
824 1384
1594 292
943 194
3522 3703
3478 3342
2170 1367
3375 3603
3091 3082
3692 3661
3100 2029
3577 984
3773 32
3753 3852
1682 3099
884 3516
3077 569
295 1926
2496 2094
3317 3853
3854 3855
3676 3856
1071 3787
1823 3099
1694 3857
949 3430
3195 1037
3015 3261
3858 3372
362 317
3859 801
3157 3365
3860 3861
1883 371
1276 82
252 371
3482 3654
2136 3862
3863 3864
3660 3591
3830 3865
2234 665
3866 3787
3123 14
150 135
3867 24
3652 3868
3240 3072
24 1476
163 888
580 1477
3869 3870
3223 3871
135 122
1635 2509
3324 3673
3872 3873
78 436
3874 3875
3876 3877
3498 3878
3405 384
3879 3237
3692 3260
3880 877
3654 3483
3238 3547
3766 371
2516 2426
597 3881
3882 3883
3180 409
3183 82
3313 2383
3884 3885
3559 840
3886 3837
3051 3484
3186 3883
1929 1194
597 3184
2520 2521
2522 1695
1685 293
2743 3803
3254 70
3351 1682
3516 3177
3351 2039
1363 2050
3076 3368
2050 2093
966 3887
3888 3075
8 984
2830 3889
382 942
2363 3696
3251 3780
3492 3074
1547 3197
3411 1353
3253 3312
3695 3250
771 3890
3891 3868
3682 3892
37 3383
2277 278
3893 3230
3354 3418
1339 1499
1706 3880
252 384
3395 2558
3843 3702
3848 1020
1022 185
2532 2142
3894 3895
2385 3328
3478 156
3189 3880
2533 2436
1156 84
828 1506
24 471
372 3722
257 2534
3485 2370
675 1273
3724 3896
1265 1997
1253 952
3897 3898
892 3899
3880 3533
302 3405
3138 1141
3556 3506
3900 3901
163 362
3902 3068
3903 3639
3904 2872
1061 3057
1209 3620
702 3905
3507 1141
3405 3472
3318 664
3174 3906
3083 3401
3907 3908
3909 3910
1767 3453
824 2270
2988 3663
1093 3911
2534 266
3163 3243
1833 1977
163 911
682 453
3912 3633
563 491
3052 3241
150 16
1744 2886
1061 3116
3181 3308
3495 3355
3913 1144
1636 3914
536 266
3222 888
3242 3114
597 3185
1766 278
2241 1026
3915 3916
3113 763
3900 3917
588 3151
3918 2611
2532 317
3496 3201
2482 3919
3920 3921
3595 3922
3183 317
3923 3924
72 1536
3925 349
1276 266
1276 3117
1071 3586
1493 563
3119 3462
2042 3853
3256 3837
3460 3926
3339 3927
2785 3928
3374 3173
412 3189
72 3929
3930 72
3931 2436
371 384
3932 2101
3933 1313
421 644
3154 3934
702 3935
3509 1321
911 82
3849 1689
2050 1273
3936 304
2560 1288
1276 72
374 3937
3938 3939
1547 1325
3940 3941
1499 1072
474 972
3942 2250
3418 3139
257 278
3157 3070
2170 103
3253 3139
3240 3052
1046 3313
3943 3650
3368 371
192 888
1151 3643
1766 3453
3366 317
3798 3330
3352 1384
3660 1520
3308 702
3944 892
3347 1915
3945 3622
2130 3748
3248 3085
116 2436
1685 2898
3235 2046
3418 3291
3262 3436
3946 82
3947 3948
3949 3950
3408 3856
3380 3671
2576 1554
3831 1073
3396 913
2898 3379
2267 188
892 3366
975 3951
3256 3952
435 1163
1148 1384
3169 3471
3953 3538
1114 3954
3495 3418
2046 830
2375 3545
1705 1805
2581 1026
3955 3280
3956 3864
11 1997
3957 24
2025 3345
3492 3406
2227 2277
3324 3444
3186 3958
3959 3941
3479 3520
3248 2551
314 3396
702 1567
3469 3960
3654 1677
211 3961
3962 3963
3465 3709
3310 1672
2322 2133
3814 3071
82 3571
845 165
828 3964
536 923
3965 3346
2445 1061
1144 3699
3389 2148
3147 832
82 557
116 3931
2550 103
763 3063
3484 3355
382 3147
163 1883
84 3288
175 3270
2097 3346
951 362
3835 778
2782 3966
2097 3965
3614 1144
1678 1813
151 953
1061 3379
590 3483
1142 278
1276 3967
3866 3586
1137 3782
1499 3441
2162 2604
3539 3326
3833 3203
3489 3510
3968 1321
3495 3291
1735 152
286 3078
2934 3440
1883 82
3969 3751
285 2142
3236 3970
943 3920
2830 3971
3972 3473
3600 3366
952 3973
3239 3546
3128 1499
3492 1897
1395 3073
412 3880
1353 3974
3975 797
860 1194
382 3301
1897 2180
1071 3262
3161 892
256 1597
3976 3765
116 1715
1823 3057
3814 349
3302 3977
3768 2372
3958 582
3978 1978
3692 3436
3833 3912
1823 1685
3977 3481
3979 3790
536 2093
3183 3117
3142 972
3351 2898
2569 665
3980 731
1855 453
3981 1350
3641 3094
648 3177
82 371
2488 3982
3983 3984
1600 1518
3121 706
536 3183
308 1333
2264 3492
1099 3350
3985 3986
1604 1605
191 1096
3511 3987
1492 3762
3164 3244
308 72
778 169
3133 3988
3915 3989
3607 3294
2398 3537
274 997
3769 3738
2482 2411
3178 3453
1810 1767
224 16
2533 2346
3263 3661
2397 1363
3072 3312
3402 3544
3284 3968
1614 3990
3978 3634
3320 3671
482 3784
78 435
3051 3291
1916 2029
245 892
3902 3286
3358 3057
1656 3791
3590 254
3991 3494
1251 2309
2636 2426
3992 3993
3369 3994
3428 2161
3495 3354
2241 2581
3212 1037
2406 3995
1714 2436
3996 3655
2142 570
3294 409
3206 3997
163 371
3891 3998
3580 3755
3314 1115
3691 3156
2351 1819
3410 290
3111 3083
3488 946
3999 4000
3383 4001
1276 3368
4002 4003
2522 3857
2084 2168
3157 3600
3833 3202
1071 3661
3666 4004
2255 278
3600 4005
3508 1141
3303 1673
1916 3100
3858 3371
4006 3319
373 2649
3183 3076
192 3076
3736 1960
1794 3748
3207 3997
1395 3235
1873 3379
536 1947
1820 2033
3348 3730
3806 1552
3053 4007
1073 3832
3157 317
2927 90
1212 3637
175 3255
3390 175
4008 4009
3071 349
3418 3241
4 2657
3074 2180
4010 3866
3680 3928
3262 3260
412 877
2142 317
3476 3431
1211 482
2662 2663
3262 3015
2881 3762
3427 517
1253 151
4011 3612
317 1155
3156 3263
3591 3147
3973 750
1093 3604
286 4012
3691 3436
1794 2130
2026 3346
3868 3194
2309 4013
3465 3062
3229 3468
669 3334
1273 3829
3803 2744
911 1744
4010 3530
3205 371
3544 3624
3549 4004
855 3736
151 82
4014 82
4015 4016
4017 3761
4018 4019
4020 702
4021 4022
1916 3453
2923 2029
3831 3851
3248 648
135 16
246 892
3300 519
3158 1155
285 3738
3251 3477
349 2674
1089 3738
3570 2291
4023 1176
877 1210
3640 1672
3220 4024
821 421
3498 3278
1883 317
3878 3278
1347 1321
801 4025
82 266
436 1163
1313 1647
3972 3446
3745 3700
414 1034
3240 3417
1648 1459
1222 869
169 570
3270 3171
648 3085
4026 2807
4027 4028
3958 3882
3146 3785
2208 3732
536 3117
34 4029
3314 3813
224 3125
254 3378
4030 3448
3110 4031
1015 1155
1022 4032
2479 2692
3089 3068
254 32
3234 4033
1395 2136
1711 522
3557 3506
3601 4034
3913 1155
308 873
2335 2363
2250 2686
763 1321
3051 3253
778 3343
517 573
3369 3531
4035 3075
3323 2649
2106 2690
949 3123
1253 3319
285 3623
3634 2351
3351 3057
4036 3666
3660 3147
4037 4038
304 2690
3117 371
4039 3413
3129 1499
2691 2692
2270 1384
3938 3192
3227 4040
3349 563
2695 888
3100 278
1378 323
3711 1193
412 1706
1619 1059
597 3707
3307 4041
3471 3170
1395 1666
1360 4042
3909 3686
1089 3043
3660 3310
151 116
1648 763
3766 177
3111 3241
2276 4017
3117 317
1719 2156
2393 103
4043 4044
3680 798
3493 3336
372 2649
2148 3063
3403 3624
3472 177
1883 3183
2194 2593
3298 175
1061 1685
3240 3092
3714 4045
4046 4047
4048 318
3893 3231
3722 3491
3456 3464
3043 3738
3495 3092
37 3456
1682 3379
4049 3871
1923 3635
3052 3418
3051 3355
4050 3394
1820 790
4051 4052
3555 2252
3844 3796
1137 2372
4039 1997
4053 3067
3248 72
3715 3114
3861 3969
1921 1906
3310 3617
4054 2628
1106 4055
1520 1672
4056 2649
1921 3797
4057 4058
3694 230
190 3801
163 536
3091 3241
3512 4059
3920 194
4060 794
3489 3429
590 2521
3856 3622
2250 124
3378 3116
821 3662
32 91
78 1163
3262 3156
3424 3828
2322 3771
2924 3558
4061 4062
3181 3462
3324 71
3354 3253
3355 3253
2148 1321
3392 3493
3636 3307
4031 4063
2586 3852
170 2168
2781 3112
1936 188
3130 4064
2719 606
2397 923
3834 3633
3590 1321
495 825
2750 4065
3912 3834
3981 3064
2084 171
3417 3052
3691 3015
42 3429
1855 681
824 4066
3436 4067
3880 3191
1089 1947
4068 665
169 317
4010 1071
3641 3567
4069 3426
3139 3241
3691 1071
3204 2133
3338 324
1455 4070
3620 84
4071 4072
997 633
2437 3551
3351 1823
1306 1691
4073 3446
2726 1476
4074 3549
4075 292
2264 1990
2758 3070
1276 317
1682 2100
2558 1915
2137 1900
3495 3401
3419 1210
1520 3617
3495 3091
266 278
3142 3388
34 3488
421 4076
4077 3449
597 2724
536 192
1520 3285
4036 3549
2299 3760
3489 42
3417 3312
1255 3431
488 192
2029 3178
3616 832
3082 3072
3623 1155
3484 3253
877 3191
2445 3358
2551 3516
3354 3312
765 3299
1090 2950
1883 192
1694 1695
3804 2744
3660 832
209 3731
3614 82
3417 3355
4078 3610
72 648
3612 4079
222 1194
4080 4081
3071 2674
2599 4082
190 3800
1363 2134
453 1163
216 1155
1823 3116
4083 116
2276 4006
1682 3378
116 952
4084 4085
3799 4086
4087 2112
1278 825
2486 156
3354 3091
3854 4047
3533 1805
3984 4088
2743 2744
4089 4090
4091 514
935 3825
3542 2213
657 3218
1211 230
4006 664
150 3125
4092 258
4093 3344
1813 382
949 2107
2227 103
2988 1059
3785 1672
4094 3894
2148 1953
4095 105
2726 24
1736 3566
1916 278
3718 3400
3389 1648
3436 3263
3565 2025
3756 3470
1211 3784
3365 317
3082 3401
82 152
3978 1819
2934 3439
308 3890
104 468
3630 3991
1918 652
3311 3243
3588 4096
2636 2516
517 4097
11 12
778 531
2558 921
82 3117
3829 413
3320 5
3660 3146
4020 3726
873 3145
3316 708
1335 4098
582 3883
19 151
1735 116
1997 2756
3240 3241
2364 2402
3685 3569
4099 3875
4081 4100
3111 3355
3477 4101
3132 491
3387 1778
71 72
2757 2091
3110 4063
4102 4103
4104 819
2758 892
3784 231
3156 4067
1395 2046
4105 3452
3534 3187
149 3106
952 750
90 91
3630 3494
1071 3170
3091 3139
3653 2808
3119 3308
104 105
765 3820
3987 3797
191 1219
4106 1467
3256 3886
299 475
4107 2355
3591 3617
3311 3361
3640 832
3355 3091
3866 3529
2719 266
4108 1342
4010 3787
412 3124
824 3216
169 4109
3460 4110
387 1742
3464 4001
150 122
151 152
3531 1037
82 116
3505 3557
1395 1378
2357 526
3262 3261
3785 1520
4111 169
170 171
3955 3281
265 3453
3918 2255
2255 2163
4024 3221
2084 1194
3987 2024
1071 3866
4112 192
1977 82
3376 3626
1892 2342
3766 3204
1800 2217
1824 279
3069 892
3210 4113
3111 3240
3195 910
3879 3236
4114 1636
4115 4116
3551 3071
4083 952
3083 3092
4117 3669
2093 1948
4118 4119
1432 3064
3343 531
4120 4121
1367 103
3389 763
412 1093
135 224
3318 3764
82 2291
732 3528
230 231
3100 1767
2440 1714
3429 3510
4122 3896
2133 3771
4123 3818
3640 3617
245 246
3701 3843
3296 3639
3130 3619
1061 1873
3830 2870
1800 2216
1873 3057
3860 3751
4124 450
1089 285
3562 1384
3116 3099
2780 107
2781 278
82 952
2200 2782
1370 3326
3291 3241
3657 3625
888 4086
3165 4125
3169 1071
4126 4127
4128 3922
4129 1541
522 2886
1069 1155
3495 3312
3484 3418
3115 3548
302 177
3798 3181
3346 3328
3705 4130
84 318
4027 4131
3063 1321
71 3516
3418 3092
4132 886
3358 1873
279 3141
4133 450
3531 3592
2805 3778
4134 3789
3661 4067
4135 4136
3355 3072
2785 14
4137 4138
1395 323
2227 278
536 888
4139 4140
21 349
1763 3993
4141 3033
254 1321
3507 3138
3298 3171
362 266
1331 1809
3175 3906
387 790
2681 4142
372 373
3098 4143
387 2033
2409 1755
3532 3904
3405 177
3498 3279
3121 1288
3616 1520
2208 674
387 388
4144 4090
4145 4146
4123 3819
4147 4135
3045 553
3451 1288
1395 3265
3377 3626
3600 317
4148 3674
3472 3205
3585 3078
1335 4149
645 4076
163 3117
2811 3421
3147 1520
2669 72
447 3348
873 2795
2264 3406
3146 832
4107 2354
1273 413
3692 4067
3519 3480
1046 278
1666 3445
435 436
4150 185
175 3254
3091 3418
3434 769
3484 3312
3268 151
517 3068
3625 3377
3060 2898
278 3178
4151 4152
3850 1689
3363 2744
884 2551
3484 3495
884 3929
3354 3401
3284 3232
2316 4153
2385 3346
3968 3232
3423 3828
3875 256
706 3451
482 476
3417 3139
3495 3139
3150 349
488 278
362 192
4068 2569
4154 90
536 3368
3298 433
1335 4155
3116 3379
3111 3082
3594 3717
3816 4156
3111 3495
272 196
3663 1619
3975 739
1071 3436
3631 519
3305 3764
4157 4158
4159 176
1253 3762
3072 3291
4160 3221
2021 2757
3466 3842
2650 1888
3060 3378
3152 3304
3362 1395
959 362
82 317
3358 3116
2807 2808
702 3330
2309 4161
2810 2811
3683 3892
3027 371
71 648
1151 984
562 563
2445 1685
1568 965
3590 3063
3969 3752
1688 3147
4129 3137
3347 921
3372 4162
4147 4136
3793 4163
3676 3622
3551 349
1089 3044
3780 3477
3748 973
3405 3205
3905 3935
3976 693
3448 4077
3358 2898
3111 3291
4164 3527
2486 4045
3692 3262
3204 2397
892 3158
4165 1083
4166 4167
3814 3150
3980 921
3660 3640
3370 1037
71 3085
2162 4090
3306 4041
3390 3255
3150 3071
4114 3723
4168 4169
3717 4170
984 2827
4171 3720
3166 4125
3061 3587
4 952
2148 254
3069 3365
3369 3592
617 382
373 3323
3390 70
3456 4001
1711 1744
3499 3878
30 643
3090 845
644 645
651 652
4036 4004
3822 4172
70 3255
4173 3792
71 3177
3878 3279
72 2733
122 2834
4074 3704
911 888
3636 4041
3140 1210
4018 4174
4175 3650
681 435
3052 3401
3691 3260
3240 3354
1924 830
3380 3321
163 3368
1778 4176
4177 3106
1855 78
3865 3159
3187 3582
984 819
1047 258
2195 2593
4043 4038
3131 3618
3409 3856
3294 3229
1210 3500
3086 51
3065 122
3171 3255
3312 3241
4178 4179
4180 4181
1417 3951
2840 2275
3362 1378
4020 3727
4182 3600
3554 2252
2290 4005
3590 763
778 517
3351 3060
1151 3980
3600 1155
82 1809
1347 2148
199 745
829 3998
3930 2269
4183 88
4184 3454
3242 763
3691 3661
3223 4185
1046 258
3220 4186
1071 3260
3293 169
762 763
3604 4187
1897 3406
3566 3322
3055 4188
3492 2180
3491 1149
2167 1306
763 819
4189 4190
3060 3379
4191 4016
3288 3285
192 1767
4010 3529
3495 3253
4020 4192
1763 1165
4193 1548
4194 2042
588 349
4079 3613
4195 4196
1997 2978
156 3714
1809 557
3631 913
3102 196
4197 3578
1916 3178
3168 4198
3572 4199
806 807
3381 3420
1716 587
4200 3889
3575 116
3436 3661
192 3368
285 169
1694 2522
855 1960
3561 3518
1766 1810
2674 3151
266 371
295 3308
2859 2376
2213 3249
801 1331
3484 3083
3074 1897
873 2208
1672 3617
222 2168
3411 3974
3365 1061
1685 3057
362 911
3183 888
2024 3797
3422 976
3341 3478
3349 491
3294 3179
1137 3086
3378 3099
3821 4172
222 860
3560 3043
3551 3150
3484 3354
3265 3209
868 869
1705 3124
3104 3690
888 3368
763 3114
3100 265
3884 4201
1212 1597
1278 4202
1015 3344
1766 265
517 3902
1810 3100
1210 3141
2982 3282
412 1805
3912 3203
943 3921
2039 2898
4015 4203
2397 536
1778 797
1991 531
774 4204
4205 2744
4206 4207
4208 4209
3076 3117
2551 3177
3360 3149
3156 3661
1647 826
3119 702
4059 3513
3140 3500
3785 3310
4210 203
1363 2094
3318 4006
4056 3491
904 905
4211 315
1 743
4013 4161
590 3788
911 522
3417 3291
254 1997
3968 755
314 4212
895 78
3121 3451
3051 3091
829 3868
4213 3951
2781 413
1313 2872
921 731
3551 2674
1816 3836
4096 3589
3465 3061
2372 3086
72 3085
825 4202
134 3902
3978 3732
2227 362
3995 2192
4006 3305
2719 257
4134 3979
3886 3836
3484 3072
952 953
2193 4214
3692 1071
3378 3057
3587 3842
362 3183
958 224
3027 911
4215 4216
888 3301
3623 3044
3535 3582
3429 169
1194 2168
3060 1685
617 3301
171 2168
105 468
3369 4050
2302 151
1148 2270
3158 317
4217 4109
3229 3295
3470 3960
32 1997
3320 732
4093 1155
192 278
2260 2724
958 150
3258 3986
3578 3832
4159 3646
574 468
169 2142
3253 3418
4024 4160
308 62
2148 1459
2944 3982
3809 4113
3355 3291
3637 256
4114 3914
317 587
1383 3352
3340 3927
4128 3595
3060 2039
37 2410
3394 3994
286 2657
3577 819
2455 1141
453 436
1148 3216
2671 627
942 698
279 3140
824 3185
4197 3832
3200 3497
2695 4218
1492 2881
4043 4037
3624 3459
3436 3015
682 112
4219 2106
4029 946
884 3176
3616 3147
4039 3412
3654 3788
1219 4220
3390 3270
4221 3414
1816 3952
3076 266
473 1034
3529 3787
4222 4223
892 2930
2692 3949
569 286
884 3177
192 317
286 4
340 4214
2060 4122
4036 3550
958 3125
3841 4211
4080 4224
308 2669
3015 3260
3179 409
1046 1047
958 135
3695 3249
3091 3072
2332 169
3090 4225
911 1711
1855 112
3108 3690
3136 1541
886 3913
675 2094
3404 873
257 266
1061 254
3718 625
3060 3057
3615 4196
2346 2436
308 1068
1331 3463
122 704
4122 3724
4226 3259
2029 278
3176 72
3713 4143
2660 450
3387 797
3436 3260
3607 3180
4080 4100
3341 976
3560 3769
3111 3092
2148 4045
3376 3657
2163 103
1883 266
3652 3998
3204 2322
644 4076
377 4227
1964 2895
1742 790
3091 3052
84 3285
1395 3862
3813 1087
3662 645
1605 3282
2137 1144
755 3509
536 1276
1816 3837
3296 3903
163 3307
4183 4228
1061 2898
82 1144
4085 750
3756 3960
3223 4049
1253 3318
3355 3312
2881 953
647 3503
882 3102
4229 4230
3189 3124
4231 587
151 828
3369 1037
3049 3504
1281 3628
3061 3842
771 3621
3468 409
2455 3507
1182 4232
4233 4201
3601 3774
3100 3178
3405 252
4234 4235
1167 4236
82 591
4073 3290
1144 570
3303 3481
3268 665
373 3722
3484 3052
1142 192
3070 3366
674 3634
2425 2871
3186 3882
2930 3216
2903 1167
3694 1211
536 1883
682 435
3417 3082
1685 3099
1148 824
3930 2733
3766 252
2758 3366
3446 3290
3491 2649
3759 2299
2264 2180
3387 4176
4237 3309
3425 4069
4188 3056
2682 308
3623 3738
1131 468
4046 3855
4148 3385
3694 1984
2758 3600
2910 2911
3297 3974
631 4238
3560 3623
4239 4240
2039 1873
3146 3310
4241 4051
4242 258
3636 4243
988 2168
1929 860
3183 371
1424 3523
4192 3726
3903 3638
1883 3117
3458 3403
4219 304
3027 3076
4244 4245
3518 973
2785 798
3089 517
55 840
1251 2091
882 4244
134 3286
308 254
3111 3139
170 1194
888 4218
3476 1255
3256 3836
1069 570
4246 1719
3709 3587
3576 819
3571 2291
3836 3952
951 278
588 2674
3298 3254
1909 231
4061 3744
3324 884
285 1155
3519 3479
2479 2691
4247 4248
3824 745
3217 657
3262 3661
2260 3707
3833 3633
1071 4067
3544 3459
674 3978
3769 1089
4249 4103
1253 4006
4250 24
1732 573
3769 3043
1467 3954
481 316
1604 3282
2437 2674
3972 3290
1685 3379
3634 3732
4163 739
3563 3852
4251 3923
682 1163
4252 4042
2130 3518
3856 3945
1015 4093
3680 2785
2234 151
388 1888
252 177
3382 4232
2924 4153
1567 4187
3058 3443
3985 3259
3565 3346
536 3076
4253 4254
519 913
4255 4256
580 3845
4047 3855
278 1767
4257 24
4258 2950
3060 3358
19 4
2317 2924
1255 1256
1037 3196
3262 4067
3513 3805
4259 4260
3371 4162
412 3604
2859 2375
3854 4046
935 4261
199 51
1090 4258
285 1144
1883 949
3785 3640
4167 4262
151 3847
860 171
2551 648
3934 3155
2486 1953
3772 1087
3629 3345
3418 3401
3261 4067
4191 4015
2369 4263
1281 1282
3607 3229
3419 3141
4160 4186
3131 4064
3861 3751
1755 82
988 171
37 4264
3389 1321
2875 349
2657 1981
3027 1276
706 1288
3785 832
2931 254
3122 1288
4257 471
706 3122
3240 3495
437 8
789 992
3703 3523
921 3348
882 4245
1883 3027
988 1194
215 1155
3355 3241
1648 254
3252 4101
2651 4265
3383 3464
4266 208
4267 913
4194 3317
1333 3621
286 1981
3495 3083
1322 461
1190 3932
1194 171
1137 51
1260 2843
3189 877
2442 3866
1883 911
3286 3068
1648 3590
3366 3158
4025 3050
3938 3193
3083 3072
116 3825
2050 2094
1395 4268
3292 3357
861 3536
2488 2944
1953 4045
435 453
2486 3714
3083 3312
3240 3312
3351 3358
1089 2093
254 763
1384 3216
3644 4269
3474 51
1148 4066
3259 3986
2930 317
1446 362
2376 4270
1855 435
4075 616
4266 3227
4089 4144
2264 3074
3484 3401
796 3638
3417 3241
1990 3406
1347 254
664 3319
2060 4171
3584 4271
3742 2162
1288 2950
2898 3099
488 2781
4272 857
4120 3446
3287 3621
3101 272
3167 4198
3119 1926
112 1163
2550 3264
3176 648
3457 3079
3292 3489
2576 1255
3532 1313
3147 3617
3769 1155
4273 4274
4249 4102
1096 1219
3749 316
3284 1321
3204 177
888 317
3662 644
682 436
3484 3240
163 192
3779 570
3422 156
192 266
536 1948
3341 3422
1144 591
2637 2094
3111 3417
3645 4269
302 3204
829 3652
3799 888
4200 2830
2682 3890
1375 1376
4058 4275
258 278
4276 3047
4048 84
4277 4278
3681 3078
293 972
4279 4280
2397 2133
3447 3290
3466 3062
3808 475
2936 2875
4281 4282
2093 1273
3303 3977
1711 790
935 4283
88 4228
3851 1073
850 1392
4284 4285
3697 1878
1706 3533
362 3076
4286 4287
3109 4288
884 3248
3133 4289
3758 1647
1242 4290
4264 3269
2299 2954
2437 3151
4291 4292
1978 2351
3321 3671
1682 2445
3351 3378
4251 3924
1549 4293
4099 256
3972 4073
4294 4295
1212 1523
149 1412
3091 3291
387 1888
4233 3884
362 371
1089 4270
373 4056
4296 830
2213 3250
886 1155
4019 4174
3979 3789
798 3928
3766 384
1211 231
4149 4155
3233 4033
3164 3243
4121 3446
3482 590
3358 3099
4265 582
4078 3611
3263 3260
4297 3067
4075 1594
4298 3881
845 4225
4133 2660
4050 3994
4199 3573
3351 2445
3903 3823
3111 3401
254 2978
2025 3629
3798 702
72 3516
4016 4203
3001 12
3722 2649
409 3295
2743 3804
4073 3289
3614 517
4293 3767
155 2756
4299 4300
1071 3529
1473 3778
647 3504
349 3151
3591 832
3325 1370
3150 2674
873 3144
3417 3072
4200 3734
3103 2781
3383 3456
801 1441
3066 4297
3795 2410
3240 3401
4301 4302
3754 3396
371 317
3567 3094
308 1446
3417 3092
524 3820
3240 3355
163 4243
1417 975
4303 4280
3240 3418
3906 3659
2286 4304
4132 3913
4305 1369
517 591
4266 4040
3563 3753
1144 169
116 3552
254 62
3130 3618
3798 3308
3404 3144
3880 1210
3472 252
3111 3418
3722 1149
1549 151
4306 1015
2445 3378
3991 3438
1459 763
3598 4307
1823 3378
1375 2044
188 3582
3205 384
4094 3895
112 681
3721 1149
71 3248
3181 3330
4110 3461
4270 3545
362 3084
4134 3790
1523 3637
3600 3070
163 4041
2276 3319
3389 1347
3430 2107
1423 3864
3524 3693
4197 3851
4308 1128
2208 2795
4309 903
1144 4109
1467 1139
362 3368
3785 3147
4310 2217
4311 4312
860 170
3359 3148
3408 3676
4313 4314
362 888
3128 1072
279 3191
4315 692
1446 258
4316 4317
4081 4224
2067 2495
524 764
3484 3082
3768 1137
942 2107
258 470
192 2029
2039 3116
3097 4143
3576 4104
3157 3366
886 3684
1395 3209
1705 412
175 3171
1915 3348
1705 3191
3860 3752
495 4202
1347 1459
3051 3495
3484 3139
1766 1916
3076 371
274 633
828 4318
3831 3578
2453 2971
4319 4320
3155 3781
884 72
975 4213
4156 3817
340 2193
3051 3312
482 231
4106 3954
3203 3633
447 3730
3834 3203
2806 665
3365 892
3681 3585
3407 627
3380 5
2153 4025
3365 1155
1926 3462
4092 4242
3562 3353
1766 3100
3901 3917
923 1276
1253 1492
3676 3945
3912 3202
4192 3727
1648 2148
4321 4322
4004 3550
3446 3473
4018 4323
4128 3596
1604 2982
165 4225
3996 3656
3497 3201
562 1493
860 988
4099 3874
1732 517
34 946
272 3102
1921 2024
1251 2757
3157 1155
1810 265
3880 279
4324 4325
4182 4005
192 116
2712 2106
1921 3987
3258 4226
4035 3700
892 3070
3015 4067
3697 824
254 3416
4129 3228
3809 3211
3125 16
3302 3481
4326 4327
3156 3261
3714 1953
1209 3288
2445 3099
3138 3508
2316 2924
4197 1073
3618 4064
4328 4329
3814 2674
1916 192
3715 763
3823 3639
3749 1155
1313 3904
163 3183
3288 3621
588 3814
2437 3071
4330 4331
3093 3937
3119 3330
1492 953
892 317
175 70
2982 1605
3475 3433
4268 3445
4197 3831
4323 4174
3200 3496
3219 3282
3691 4067
1519 1520
1459 3063
1099 1145
1716 3463
801 2357
2445 2898
2036 3548
3082 3291
2653 4332
156 4045
3341 156
3305 3319
4237 2748
3757 3521
1050 2886
1990 1897
2558 3396
911 3117
1144 4217
2393 278
192 371
1363 2093
3291 3312
4333 1207
3802 3081
4105 634
3253 3401
606 4334
2560 2950
3699 3684
2045 254
1688 382
4221 3415
3374 3172
3738 1155
3056 3393
4011 4079
827 1506
3318 3305
4335 4336
4056 3722
72 2551
3189 279
3132 563
72 2269
3652 3891
2532 1144
4204 775
3147 3310
3495 3417
3355 3092
3354 3139
3792 1139
2208 2351
3829 3112
2988 1619
3590 1459
1137 745
3324 648
2927 91
536 911
3296 3823
3204 252
3408 3945
3329 4337
2106 3271
3484 3291
2322 2134
4173 1139
3258 3985
1151 3347
3251 4101
2398 3538
1833 4014
4166 4262
3112 413
3660 1672
4338 4339
1965 2895
3418 3072
3888 3074
1493 491
3354 3052
3561 3748
1554 1255
3342 976
292 616
4028 4131
4186 3221
4112 1916
828 3698
3139 3312
3827 3424
279 877
3772 1115
3928 14
3027 4340
3782 51
299 1561
3620 3288
3673 3176
3672 3501
3260 4067
4341 4342
3315 708
1207 1036
2437 3814
3701 3776
3355 3083
1071 1765
3305 664
1046 362
279 3124
3111 3091
2695 4086
3844 3274
3306 4243
3472 371
2208 3978
1840 3688
4243 4041
3355 3418
4062 3743
3837 3952
3695 2213
4343 3862
771 1156
3125 122
3484 3092
3235 4296
3662 4076
3958 3883
3113 3242
1156 3285
3861 3752
266 317
4110 3926
216 4093
3257 3314
362 258
2954 3760
1568 966
1569 892
3241 3401
3956 1423
3983 4088
1997 12
821 644
412 1210
1114 1467
5 1573
3051 3354
169 1155
855 3737
923 72
3620 3285
873 3785
3616 1672
3212 3195
3910 3686
4337 531
4344 4345
3289 3473
1061 1276
37 4001
1209 84
412 4187
3499 3279
302 3472
3866 3530
3813 1115
3764 3319
4346 4253
665 4196
2462 4347
4348 4349
1732 1144
3418 3312
806 557
1175 4023
2834 704
4032 185
3059 710
1071 3530
3001 1997
2482 290
3189 3191
1984 482
3944 3899
3785 3591
3284 3509
3110 4288
959 488
1666 3862
3780 4101
2066 2495
4191 4203
2136 4343
4020 1567
3308 3330
2290 3600
3630 3438
3253 3082
1047 362
1604 3162
4073 3447
4350 647
4351 4352
3354 3291
3177 3085
1594 616
3062 3842
1823 3060
3324 2551
3060 1873
542 1262
19 82
3027 192
62 2978
1695 3857
4353 4259
3313 278
308 32
3691 3263
2398 3953
4065 3763
2332 778
3551 3814
681 436
3985 4226
4159 3647
4195 665
3240 3253
3174 3659
3240 3139
2276 3305
1810 192
3368 3117
718 4340
3723 3914
3591 1672
3051 3082
4062 3744
3238 3546
3219 1605
1810 3178
17 1283
3204 2134
62 32
302 3766
4354 4355
1156 3620
832 3617
3402 3459
4006 3764
308 3621
3378 1873
3846 151
3132 1493
412 3533
3535 188
1395 4343
4356 4313
1384 3353
4144 2162
3165 3283
992 790
882 272
3044 3738
1997 3413
295 3330
151 4083
3463 587
2267 3582
4357 4358
811 4012
3091 3401
4252 1360
1276 3183
3465 3587
4117 3670
3001 2756
3069 3600
1093 4359
4019 4323
2445 1873
2264 1897
2316 3558
3921 194
3741 3332
481 1155
3807 1600
3749 317
3182 861
4037 4044
3069 1155
3863 1423
433 3255
3602 4034
1395 4296
1061 3967
4360 4361
11 3001
1705 3880
3972 3289
3323 4056
124 2686
3176 3516
651 1918
278 103
3263 4067
2936 349
3311 3244
2208 3634
3834 3202
4310 1800
4130 3706
4295 819
3616 3785
3482 3788
1523 256
3692 3156
3715 360
3574 3385
2898 3057
3051 3401
3229 409
3351 3116
3666 3550
308 382
1678 698
1047 278
705 3118
4007 3054
4112 265
3710 1193
2425 3166
669 3335
3298 3390
3824 51
3638 3823
3677 4244
4226 3986
3466 3709
3204 1363
3934 3781
3619 4064
4073 3473
4307 3599
290 1626
4100 4224
3788 3483
1549 3268
4261 3770
2726 3957
1990 2180
2026 3328
3640 1520
3866 1765
3310 1520
3400 3719
150 224
1395 830
3487 946
3658 3198
1209 3621
2903 4236
4219 2690
4268 1666
2094 1273
3634 1978
1071 3015
81 2
3160 892
3505 3556
2006 169
1071 3263
286 811
1253 3764
3254 3171
4362 369
3384 4001
892 3216
4241 4052
37 3464
3398 1377
230 3784
4221 3810
1089 1948
2025 3346
192 265
3270 433
4035 3745
3457 355
617 308
2859 3545
4268 3073
3910 3687
3560 3044
1635 1062
755 1321
3320 3528
2692 3950
151 1331
570 1155
2445 2039
3880 3124
882 196
1636 1637
3436 3156
2733 2269
1260 3142
4288 4031
778 3021
169 4217
3851 3578
2234 2806
3437 3991
4164 3526
82 3076
1432 1350
2333 169
3597 3246
3072 3139
1766 3178
1093 4187
3115 2037
3302 1673
4296 2046
3768 51
2397 2322
2758 317
3051 3092
163 82
3489 169
2758 3158
2442 1071
1569 317
1916 265
433 3171
177 384
3544 3403
3766 3405
2608 2811
884 71
3819 4363
3777 2805
648 3516
3354 3082
4346 4254
1923 1244
3180 3295
362 3027
3968 3509
3468 3295
1883 3430
4356 4314
3607 3295
3992 1763
3764 664
3709 3062
4294 819
1883 3368
2157 163
1705 279
3106 78
4298 597
536 82
3863 3956
1653 1654
176 3646
2651 582
254 1459
3120 2756
2208 1978
192 517
3844 116
562 491
2478 1219
1915 921
1417 4213
3323 3722
4061 3743
3358 3378
3114 360
2982 2087
959 2277
3111 3484
1736 2403
3051 3418
3360 3148
3248 3177
1656 1657
3978 2351
3027 718
304 2106
3885 4201
3356 1952
2276 3318
2148 156
224 122
829 3891
1682 1685
3972 3447
3886 3952
2039 3379
2532 169
3939 3193
886 1144
3779 1144
959 4364
2393 1367
4011 3613
2455 3508
2974 710
3179 3468
1705 3189
2840 2274
1071 3261
308 3785
1906 3987
4084 750
3657 3626
3146 3617
4303 4279
942 4365
3465 3842
2148 3590
693 134
2191 3995
37 3384
1685 3116
3798 1926
888 266
775 1423
4038 4044
4366 4367
3354 3083
1376 2044
3182 3536
4353 4260
3156 3260
3324 72
4188 3393
3577 4104
175 433
4231 317
3769 285
3389 3063
1473 3777
3810 3415
4368 2479
3575 4083
3091 3253
3283 4125
216 3344
3100 3453
2055 2106
192 3117
2843 972
3027 888
3296 3638
1395 1924
3183 3368
3109 4031
3136 4129
3959 3940
362 1276
4104 984
3358 3379
3604 4369
372 4056
1612 1490
644 830
1671 202
801 152
156 1953
176 3647
4132 1155
796 3639
4267 3396
958 122
3381 3457
2558 4370
3844 3273
318 3621
1604 2087
3922 3596
1909 230
4149 4098
3083 3241
3409 3945
3721 3491
3228 3137
1459 1321
3083 3291
3089 3902
3139 3092
4024 4186
1412 78
3575 952
3824 3086
2208 1819
3051 3083
3211 4113
3324 3177
3289 3447
3660 3785
1331 82
3583 4271
3942 2686
647 4371
821 4076
3860 3969
3220 4160
199 3086
1677 590
3461 3926
437 984
3732 2351
3423 3827
3691 3262
3759 2954
4372 4373
3867 3467
3591 3640
3769 3623
3880 1805
3874 256
3324 3176
1276 3076
3113 360
4184 3455
1142 488
3888 3367
3146 1520
3312 3401
1432 3981
4059 3805
3402 3624
1682 254
921 984
3119 3181
412 279
1960 3737
574 105
192 1276
3813 3772
422 644
4309 2082
1978 3732
2290 4182
3355 3401
1648 3063
3109 4063
1626 2195
916 1693
3660 3616
1682 1061
2442 3586
3560 1089
3478 976
3015 3661
4233 3885
4374 2453
917 1693
2520 590
4218 4086
3111 3253
3889 3734
3799 4218
2409 82
3903 796
3511 2024
4057 4275
77 1412
3351 1061
1061 3378
3591 3310
1253 2276
893 14
674 2351
3632 993
4238 377
3378 2039
3357 3293
1363 3771
1916 1767
2200 3966
4276 3048
1816 3886
3419 3500
1253 2881
3909 3687
1253 953
1682 2898
3490 82
3858 4162
4375 1520
1685 3378
1678 382
3304 3213
1347 3590
3146 3616
3561 973
3123 4111
3162 1605
3989 3916
4243 3307
3766 3472
215 3913
3311 3164
3708 2330
3176 3085
134 4097
112 453
4089 2162
4155 4098
3052 3139
3071 3151
3072 3401
4195 3615
476 231
4288 4063
3366 1155
2142 1155
1906 3797
3176 2551
71 3176
3257 1087
1673 3977
3147 1672
3824 1137
3882 582
3379 3057
3406 2180
4106 1114
387 1711
1359 3964
3229 3179
3564 1477
3365 3158
2060 3896
3419 279
3953 3537
3691 3261
1260 972
3868 3998
3616 3591
3495 3072
3774 4034
3911 4359
1061 2039
3517 21
3732 1819
3692 3015
3111 3354
3865 2870
3131 3619
3287 3285
