1 2 81 743 
285 1089 1155 3043 3044 3560 3623 3738 3769 
256 1212 1523 1597 3637 
279 412 877 1210 1705 1706 1805 3124 3189 3191 3533 3880 
557 806 807 1709 
647 3049 3503 3504 
801 2153 3050 4025 
3051 3052 3072 3082 3083 3091 3092 3111 3139 3240 3241 3253 3291 3312 3354 3355 3401 3417 3418 3484 3495 
3055 3056 3393 4188 
254 1061 1682 1685 1823 1873 2039 2445 2898 3057 3060 3099 3116 3351 3358 3378 3379 
2453 2971 3058 3443 
3061 3062 3465 3466 3587 3709 3842 
254 763 1321 1347 1459 1648 2148 3063 3389 3590 
1350 1432 3064 3981 
77 78 149 895 1412 3106 
134 517 3068 3089 3286 3902 
317 892 1155 2758 3069 3070 3157 3158 3365 3366 3600 
349 588 2437 2674 3071 3150 3151 3551 3814 
82 116 163 192 266 317 362 371 536 888 911 923 1276 1883 2397 3027 3076 3117 3183 3368 3844 
1395 1666 3073 3445 4268 
3074 3075 3367 3888 
286 569 3077 3078 3585 3681 
355 3079 3381 3420 3457 
258 278 362 951 1046 1047 1446 3084 3313 
71 72 648 884 2551 3085 3176 3177 3248 3324 3516 3673 
51 199 745 1137 2372 3086 3768 3824 
290 1626 2195 2482 3410 
165 845 3090 4225 
3093 3094 3567 3641 
3097 3098 3713 4143 
192 265 278 1766 1767 1810 1916 2029 3100 3178 3453 4112 
517 573 1144 1732 3427 
196 272 882 3101 3102 
278 488 2781 3103 
3104 3105 3108 3690 
3109 3110 4031 4063 4288 
413 1273 2781 3112 3829 
360 763 3113 3114 3242 3715 
2036 2037 3115 3548 
177 252 302 371 384 3204 3205 3405 3472 3766 
295 702 1926 3119 3181 3308 3330 3462 3798 
216 1015 1155 3344 4093 
706 1288 3121 3122 3451 
32 62 254 308 1997 2978 
16 122 135 150 224 958 3125 
1072 1499 3128 3129 
3130 3131 3618 3619 4064 
491 562 563 1493 3132 3349 
1541 3136 3137 3228 4129 
170 171 222 860 988 1194 1929 2084 2168 
1141 2455 3138 3507 3508 
279 1210 3140 3141 3419 3500 
972 1260 2843 3142 3388 
873 3144 3145 3404 
832 1520 1672 3146 3147 3310 3591 3616 3617 3640 3660 3785 
3148 3149 3359 3360 
674 1819 1978 2208 2351 3634 3732 3978 
387 790 1742 1820 2033 
422 644 645 830 
4 19 82 116 151 152 952 953 1253 1735 3575 4083 
2325 3152 3213 3304 
3154 3155 3781 3934 
1071 3015 3156 3260 3261 3262 3263 3436 3661 3691 3692 4067 
2870 3159 3830 3865 
82 1833 1977 3946 4014 
1604 1605 2087 2982 3162 3219 3282 
3163 3164 3243 3244 3311 3361 
3165 3166 3283 4125 
1071 3169 3170 3471 
70 175 433 3171 3254 3255 3270 3298 3390 
3174 3175 3659 3906 
293 474 972 1685 
316 317 481 1155 3749 
409 3179 3180 3229 3294 3295 3468 3607 
861 2358 3182 3536 
597 824 3184 3185 
78 112 435 436 453 681 682 1163 1855 
582 3186 3882 3883 3958 
188 2267 3187 3534 3535 3582 
829 3194 3652 3868 3891 3998 
910 1037 3195 3196 3212 
308 771 1333 2682 3621 3890 
3200 3201 3496 3497 
3202 3203 3633 3833 3834 3912 
830 1395 1924 3209 3265 
3210 3211 3809 4113 
824 1148 1384 2270 3216 
169 1144 1900 2006 2137 
3220 3221 4024 4160 4186 
230 231 476 482 1211 1909 1984 3694 3784 
587 801 1331 1716 3463 
921 1151 1915 2558 3347 3348 
755 1321 3232 3284 3509 3968 
14 893 949 3123 
830 1395 2046 3235 4296 
3238 3239 3546 3547 
675 1273 1363 2050 2093 2094 
2213 3249 3250 3542 3695 
3251 3252 3477 3780 4101 
1816 3256 3836 3837 3886 3952 
1087 1115 3257 3314 3772 3813 
3258 3259 3985 3986 4226 
103 2227 2550 3264 
151 665 1549 2234 2806 3268 
3273 3274 3796 3844 
103 278 362 488 959 2163 2227 2255 2277 2393 
536 1089 1947 1948 2093 
3278 3279 3498 3499 3878 
84 318 771 1156 1209 3285 3287 3288 3620 3621 4048 
942 949 1883 2107 3430 
3289 3290 3446 3447 3473 3972 4073 
169 3292 3293 3357 3489 
796 3296 3638 3639 3823 3903 
1353 3297 3411 3974 
104 105 468 574 3442 
524 764 765 3299 3820 
519 913 3300 3631 
308 382 617 873 3301 3785 
1673 3302 3303 3481 3977 
664 1253 2276 3305 3318 3319 3764 4006 
163 3306 3307 3636 4041 4243 
4 286 1981 2657 
531 778 1991 3343 
2042 3317 3853 4194 
5 3320 3321 3380 3671 
1736 2403 3322 3566 
372 373 2649 3323 3491 3722 4056 
1370 3325 3326 3539 
169 285 317 570 1069 1144 1155 2142 2532 3429 3489 3779 
28 3336 3392 3493 
156 976 3341 3342 3422 3478 
2025 3328 3345 3346 3565 3629 
1251 2021 2091 2757 
1383 1384 3352 3353 3562 
1906 1921 2024 3511 3797 3987 
323 1378 1395 3362 
1037 3369 3370 3531 3592 
3371 3372 3858 4162 
3376 3377 3625 3626 3657 
254 387 790 2045 
37 3383 3384 3456 3464 4001 
5 732 3320 3528 
382 698 1678 1813 1985 
3369 3394 3994 4050 
317 892 1569 3397 
625 3400 3718 3719 
3402 3403 3458 3459 3544 3624 
1897 1990 2180 2264 3074 3406 3492 
3408 3409 3622 3676 3856 3945 
1997 3412 3413 4039 
3414 3415 3810 4221 
3423 3424 3827 3828 
215 886 1144 1155 3684 3699 3913 4132 
1255 1256 3431 3476 
3432 3433 3475 3486 
3437 3438 3494 3630 3991 
3460 3461 3926 4110 
1363 2133 2134 2322 2397 3204 3771 
3469 3470 3756 3960 
51 1137 3474 3782 
3479 3480 3519 3520 
590 1677 3482 3483 3654 3788 
14 798 2785 3680 3928 
34 946 3487 3488 4029 
82 1755 2409 3490 
116 151 935 1331 3552 3825 
3505 3506 3556 3557 
42 3429 3489 3510 
3512 3513 3805 4059 
973 1794 2130 3518 3561 3748 
1424 3522 3523 3703 
1071 3529 3530 3787 3866 4010 
1313 2872 3532 3904 
11 12 1265 1997 3001 
2398 3537 3538 3953 
2191 2192 2406 3995 
1089 2376 3545 4270 
3549 3550 3666 4004 4036 
495 825 1278 4202 
257 266 278 2534 
522 911 1711 1744 2886 
2316 2317 2924 3558 4153 
2586 3563 3753 3852 
82 2291 3570 3571 
819 984 3576 3577 4104 
1073 3578 3831 3832 3851 4197 
1071 1765 2442 3586 3866 
824 1148 1878 3697 4066 
3595 3596 3922 4128 
597 2260 2724 3707 
3601 3602 3774 4034 
412 1093 1567 3604 4187 
3612 3613 4011 4079 
82 192 517 591 1144 3614 
665 3615 4195 4196 
421 644 645 821 3662 4076 
317 892 2930 3216 
103 1367 2170 2393 
176 3646 3647 4159 
1059 1619 2988 3663 
517 778 1732 3716 
169 778 2332 2333 3835 
8 437 755 984 3786 
3686 3687 3909 3910 
3075 3700 3745 4035 
3701 3702 3776 3843 
156 1953 2148 2486 3714 4045 
1149 3491 3721 3722 
1636 3723 3914 4114 
2060 3724 3896 4122 
3726 3727 4020 4192 
731 921 1151 3643 3980 
447 3348 3729 3730 
2830 3734 3889 4200 
855 1960 3736 3737 
2375 2376 2859 3545 
3743 3744 4061 4062 
3751 3752 3860 3861 3969 
2026 2385 3328 3346 
2299 2954 3759 3760 
953 1253 1492 2881 3762 
1473 2805 3777 3778 
3789 3790 3979 4134 
888 2695 3799 4086 4218 
2743 2744 3803 3804 
292 616 1594 4075 
194 943 3920 3921 
3854 3855 4046 4047 
1694 1695 2522 3857 
1395 2136 3862 4343 
1423 3863 3864 3956 
580 1477 3564 3845 
256 3874 3875 4099 
3884 3885 4201 4233 
72 2269 2733 3930 
116 1715 2436 3931 
975 1417 3951 4213 
1114 1467 3954 4106 
192 278 488 1142 
2290 3600 4005 4182 
4015 4016 4191 4203 
4018 4019 4174 4323 
124 2250 2686 3942 
304 2106 2690 4219 
4037 4038 4043 4044 
4080 4081 4100 4224 
2162 4089 4090 4144 
24 1476 2726 3957 
1335 4098 4149 4155 
169 1144 4109 4217 
1800 2216 2217 4310 
2608 2810 2811 3421 
82 557 1331 1809 3946 
122 704 2834 3065 
882 3677 4244 4245 
3192 3193 3938 3939 
1139 1467 3792 4173 
553 3045 3046 
3047 3048 4276 
3053 3054 4007 
710 2974 3059 
3066 3067 4297 
3080 3081 3802 
1306 1691 2167 
705 1803 3118 
1778 1779 3387 
155 2756 3120 
3126 3127 3750 
2370 3143 3485 
892 3160 3161 
3167 3168 4198 
3172 3173 3374 
1020 3188 3848 
606 2719 3190 
1325 1547 3197 
3198 3199 3658 
3206 3207 3997 
657 3217 3218 
888 3222 3223 
1719 2156 2252 
3230 3231 3893 
2029 2923 3153 
3233 3234 4033 
3236 3237 3879 
3246 3247 3597 
414 473 1034 
2055 2106 3271 
3280 3281 3955 
542 543 1262 
1964 1965 2895 
2748 3309 4237 
708 3315 3316 
377 631 4238 
3331 3332 3741 
669 3334 3335 
324 3337 3338 
3339 3340 3927 
1099 1145 3350 
134 693 694 
2744 3363 3364 
1182 3382 4232 
3385 3386 3574 
2558 3395 3396 
863 1377 3398 
627 2671 3407 
2066 2067 2495 
774 775 4204 
254 3399 3416 
3425 3426 4069 
769 3434 3435 
827 828 1506 
2934 3439 3440 
1339 1499 3441 
1190 2101 3932 
3448 3449 4077 
634 3452 4105 
3454 3455 4184 
916 917 1693 
163 365 2157 
3501 3502 3672 
185 3521 3757 
3524 3525 3693 
965 966 1568 
3526 3527 4164 
2252 3554 3555 
55 840 3559 
3568 3569 3685 
3572 3573 4199 
3580 3581 3755 
3583 3584 4271 
3588 3589 4096 
3593 3594 3717 
3598 3599 4307 
739 797 3975 
3608 3609 3627 
3610 3611 4078 
2274 2275 2840 
1281 1282 3628 
1244 1923 3635 
1367 1951 2096 
209 3642 3731 
3644 3645 4269 
2807 2808 3653 
3655 3656 3996 
1175 1176 4023 
3669 3670 4117 
3682 3683 3892 
1840 3688 3689 
2335 2363 3696 
828 1117 3698 
2354 2355 4107 
3705 3706 4130 
868 869 1222 
1193 3710 3711 
1552 3728 3806 
2162 2604 3742 
314 3396 3754 
826 1647 3758 
2750 3763 4065 
2411 2412 2482 
32 91 3773 
1656 1657 3791 
190 3800 3801 
1518 1600 3807 
299 475 3808 
3816 3817 4156 
3818 3819 4123 
3821 3822 4172 
315 3841 4211 
151 3846 3847 
1689 3849 3850 
3374 3375 3603 
2426 2516 2636 
590 2520 2521 
3894 3895 4094 
3900 3901 3917 
1026 2241 2581 
3915 3916 3989 
2255 2611 3918 
3923 3924 4251 
374 3093 3937 
3940 3941 3959 
2692 3949 3950 
1255 1554 2576 
2200 2782 3966 
2097 3346 3965 
693 3765 3976 
2488 2944 3982 
3983 3984 4088 
191 1096 1219 
274 633 997 
2346 2436 2533 
1763 3992 3993 
2161 2162 3428 
90 91 2927 
750 952 3973 
2309 4013 4161 
2276 3761 4017 
4027 4028 4131 
185 1022 4032 
3227 4040 4266 
1360 4042 4252 
2194 2195 2593 
3223 3871 4049 
4051 4052 4241 
4057 4058 4275 
1090 2950 4258 
750 4084 4085 
651 652 1918 
828 2364 2402 
4102 4103 4249 
526 801 2357 
3446 4120 4121 
1714 2436 2440 
245 246 892 
450 2660 4133 
4135 4136 4147 
3385 3674 4148 
665 2569 4068 
739 3793 4163 
702 3905 3935 
4166 4167 4262 
2060 3720 4171 
3549 3704 4074 
88 4183 4228 
340 2193 4214 
1167 2903 4236 
2425 2871 3166 
2479 2691 2692 
387 388 1888 
4253 4254 4346 
4259 4260 4353 
24 471 4257 
789 790 992 
582 2651 4265 
1375 1376 2044 
4279 4280 4303 
349 2875 2936 
37 3269 4264 
819 4294 4295 
597 3881 4298 
1549 3767 4293 
37 2410 3795 
4313 4314 4356 
258 4092 4242 
531 3329 4337 
892 3899 3944 
718 3027 4340 
286 811 4012 
935 3770 4261 
1367 1952 3356 
24 3467 3867 
892 993 3632 
1719 2330 3708 
828 1359 3964 
1093 3911 4359 
21 349 3517 
