82 5885
5886 46
5887 257
5888 5889
5890 5891
5892 5893
5894 5895
5896 5897
2462 3293
4648 1119
5898 5899
5900 5901
5902 5903
2442 973
5904 169
5905 5906
128 5907
934 4334
77 78
4409 4410
5908 5909
495 5910
3292 5911
5912 5913
5914 5915
949 5597
355 3079
1378 1924
5916 5917
5918 5862
5919 3819
5920 1155
5445 5921
5922 5923
5924 5925
5926 1367
37 76
4412 5927
3106 5928
5929 4187
5718 5930
1467 5931
3257 1056
695 5932
1251 257
257 536
1552 5933
596 5934
90 992
5935 5596
1526 2344
5936 5937
5931 5938
314 5939
5940 5941
5942 3717
5943 5944
886 5945
1808 1809
5946 1077
5947 5948
5949 5950
1666 5951
1137 5952
387 4483
5953 2102
1661 5954
5955 5956
412 3411
5957 5958
5959 1056
5960 5961
5962 5963
5964 5965
5966 5967
3643 2818
2134 5968
1136 1834
1685 5969
1887 801
5970 5971
5972 4279
5973 5974
5975 5976
4505 4506
5977 5978
5979 5980
5981 5982
5957 5983
1089 5984
1853 65
1366 4948
2404 5985
5099 82
5986 5987
5988 384
2639 5989
4387 5990
5991 984
644 5992
5993 5994
2276 5995
4519 1347
5996 5997
5998 975
778 4520
5999 6000
627 32
6001 6002
6003 993
5968 6004
1105 6005
5441 6006
6007 4712
3899 6008
394 395
468 5357
5951 169
6009 6010
6011 3600
617 4535
6012 6013
6014 1589
2898 5969
5959 5932
6015 6016
5661 3027
5854 5966
6017 6018
6019 6020
6021 6022
997 4961
6023 6024
6025 627
3974 6026
4055 1618
6027 6028
6029 1412
6030 6031
6032 6033
472 1061
6034 6035
6036 3516
3251 3252
349 6037
1709 806
6038 3293
3106 1412
4353 4575
156 6039
3489 6040
4321 6041
441 6042
5221 70
5927 6043
1 81
6044 6045
1952 573
6046 6047
5930 2052
2278 1015
151 4005
6048 6049
2636 1253
4399 5927
6050 179
6051 6052
3292 6053
6054 6055
218 2059
6034 6056
6057 3984
6058 6059
151 2393
3445 3862
6060 6061
472 2898
2417 4625
6062 6063
5887 6064
524 3299
6065 6066
6067 6068
6069 6070
382 4629
824 1962
6071 6072
935 6073
6074 6075
6076 6077
6074 4629
3885 6078
6079 4154
6080 382
617 618
1151 6081
6082 2247
6083 6084
6085 4606
6086 6087
1288 6088
1148 3725
6089 1636
90 44
6015 6090
6091 1124
6092 6093
19 4278
6094 6095
6096 712
4670 4671
3292 6097
3331 3332
6098 803
4676 4608
6099 1367
3219 2087
176 646
6100 6101
2955 3333
6102 6103
3204 384
405 6104
6105 6106
6107 6108
387 1026
4687 4688
2479 6109
372 6110
3251 4522
1660 6111
2021 1251
24 1333
410 5987
6112 3789
6113 6114
682 78
3764 1254
6115 122
5530 1244
4575 6116
6117 992
1808 3373
3795 91
6068 6118
1096 1165
4950 3974
6119 6120
6121 6122
6123 605
1071 6124
718 591
254 357
6125 6126
6127 388
3381 3079
1379 533
6128 6129
6130 44
6131 4427
6132 5989
6133 6061
3179 3295
382 4494
156 1056
6134 265
6135 6090
2651 4727
6136 6137
6138 6139
4736 4737
3489 6140
3252 4522
6141 5186
1735 6142
3489 6143
2825 4740
3411 474
6144 6145
6146 1104
175 648
5967 6147
6148 6149
6150 4934
155 6151
6015 6152
4519 2898
2266 6153
6154 515
6155 6156
4760 587
6157 5800
6158 5982
6159 6160
6161 6162
6163 6164
3423 3424
6165 6018
6166 6167
3427 573
3374 6168
6169 6010
6136 6170
6100 6171
6172 2445
6173 1605
6036 72
6136 4169
2093 2094
6174 6175
6176 3781
6177 6178
6129 6179
6146 6180
6181 6137
6034 5889
6182 5868
6183 2769
6184 6185
5973 1571
1129 6186
51 5952
6187 667
6172 6188
5249 6189
3710 952
2163 6190
3297 6026
6191 6192
6094 6048
6193 992
6194 6195
5930 6196
2128 2129
2264 16
1685 5907
644 6197
4686 4535
3754 913
3754 315
6198 3489
2393 6199
3294 3468
5986 6200
47 946
6201 6202
6125 3446
16 122
6086 6203
77 895
4154 6204
4237 648
6205 1224
6005 2690
6206 6207
6208 6209
6210 6189
6034 6211
6212 362
6213 6214
3487 3488
6215 1056
4821 8
1800 4823
6216 6180
6217 6218
6219 6220
6221 6222
1347 1061
3487 34
6223 6224
3673 4831
6225 6226
648 2451
6227 4868
1367 6228
6229 6230
2561 6231
6232 6228
6233 3730
4838 4608
1481 5867
47 3328
6234 946
6235 6236
6237 6077
47 3009
6238 6239
2417 522
6194 6018
6240 1373
6241 6242
19 6243
6244 5170
951 258
886 216
5844 698
4602 3216
5800 6245
6246 2445
4853 533
4856 3293
6247 6248
3692 3029
6199 1952
6249 6250
6251 6252
6253 6254
6255 6256
6257 3026
6258 1125
2504 6259
6185 3112
6260 156
3540 3541
1046 279
6261 6262
6263 6264
6265 6266
6034 6267
6268 821
5799 2208
6269 4415
3548 2037
78 4882
6270 5893
6127 1127
4810 1033
2534 278
116 591
4983 5886
6271 6272
590 4885
4983 6273
6274 100
5888 6056
2106 3470
6275 6276
6277 6278
6279 6015
3777 6088
6280 5649
6281 6170
6282 6283
3589 6284
6133 6032
6285 6286
5958 6287
3570 3571
892 6008
1347 4900
6288 6289
6102 2504
6290 5241
4811 4520
3574 3386
6291 6137
6292 3343
627 6293
6294 6295
6296 5941
6057 4088
910 1037
755 819
991 6297
388 1128
371 6298
3112 6299
6300 5750
6142 6301
596 4919
6302 1742
6303 5852
6304 324
3819 4415
6305 6306
437 6307
5530 6308
6309 4850
617 2682
224 6310
6311 6312
3570 82
6313 6314
6032 6315
44 648
3741 2211
6216 6316
268 6317
6318 6021
5854 6147
6133 6319
797 739
6320 1722
3374 3603
6321 6322
6323 6324
3039 6325
6326 6327
5785 1719
3607 3468
4948 14
6048 5921
3944 6008
855 4740
6198 6328
1729 6329
6196 2052
2211 3331
6330 6331
3394 1106
6135 6016
4725 790
3615 665
824 4960
6332 6333
6334 6155
488 32
5173 6335
6336 6337
6338 6339
6340 1308
4213 6341
6018 6342
6343 6344
6345 3124
6346 4312
6129 5968
4974 4975
4989 6347
5998 1417
6348 1887
1656 6349
6350 6351
6352 2037
6353 6354
4988 81
1660 6355
6356 6024
1481 1283
6357 1207
6358 6359
524 765
6360 6361
6362 5976
6363 6364
4298 6365
150 1526
6366 6224
2296 2297
5785 790
659 998
6367 973
4900 1321
2991 6368
5002 587
6369 5290
6370 6072
6371 6073
6372 691
6373 6374
6215 4625
3607 6375
923 2534
6376 6377
6065 1104
1114 6378
302 1050
4542 6379
6279 6351
6324 6380
6381 6382
6383 6384
5027 51
6291 6181
6385 6207
1548 395
6386 2338
5934 6387
5961 6388
6389 6390
6391 6392
5990 6220
6393 5158
6394 6395
4988 6396
5927 6021
6397 6020
6398 6399
6400 4856
6401 1306
1373 1154
6402 6403
134 116
6170 6137
942 6329
1682 472
2341 1423
942 5800
6404 176
6405 6406
6407 6408
6409 6410
759 260
6411 6094
6412 6413
409 6375
6414 32
370 103
6415 6416
954 1026
6417 3328
6418 5000
6419 6420
3959 6421
6422 6423
6131 70
6087 6424
8 813
6425 6426
6427 5941
6428 6429
6430 6431
6192 4616
6432 395
2956 6433
314 913
192 6204
6434 6038
6435 6436
6437 3361
6438 4922
1808 3771
2446 109
1719 3708
6195 6439
6440 6441
1800 1083
4183 5882
5799 3732
6003 6442
6443 6444
532 6445
37 695
6446 6447
5099 4556
6212 6448
5945 1155
6378 2142
6449 6124
6194 6052
1571 616
4008 5112
6129 2134
6146 6450
674 3732
6350 6333
2372 51
6451 6452
6316 6146
4616 4737
1412 1163
6453 5917
6323 6454
6455 6456
2094 3739
3741 3331
6436 6457
4687 6458
4321 6459
192 2267
6308 1244
1227 4844
4246 3708
6460 6461
3534 6462
6463 6464
6465 6466
5981 6467
6468 6469
1061 5969
6216 6470
1106 5137
6097 4618
6471 6457
6472 1719
4106 1144
4278 6473
2385 2026
3607 409
3472 5970
6474 6162
6442 6475
4264 6476
6477 6450
478 266
6478 6479
2410 6480
90 84
433 2059
6481 6052
6482 6483
6484 6485
6486 942
2102 5154
1951 6099
6487 262
5158 5159
6359 6236
1823 6188
6488 5679
6316 6489
1467 1069
6269 4123
6103 6259
6025 32
6490 1952
6129 6004
3359 6491
2276 3761
6492 6493
3729 3348
6494 1711
5173 1979
6495 6496
362 3503
3607 3179
6414 5968
6497 6498
6499 6118
6500 2532
6501 5954
5185 722
6502 4035
4483 5651
2276 6503
6152 6090
6206 6504
6505 591
6506 6206
6066 1288
6507 6508
2609 704
935 3770
6509 6456
5445 6095
6510 6223
3468 6511
6512 6513
1089 536
1137 5209
1015 4976
6514 6515
6516 6517
6518 6519
6520 1069
488 362
6521 6522
6523 5281
3049 6524
6525 6526
1951 4606
6527 6528
299 2330
6529 6530
3027 6531
6532 6533
6534 6535
3049 1063
2701 2037
5221 5075
6536 2225
3673 5985
5225 5226
3783 1490
19 6304
682 4882
6307 2277
1690 384
763 648
6246 3379
6537 2061
1209 771
2019 796
1823 3379
6538 6439
6216 6489
6247 6279
6539 1367
5770 4213
6540 32
6136 6291
1467 3749
2748 6541
3489 3293
617 2606
4378 3343
19 5152
5453 1163
302 2451
6296 6427
5249 4417
6542 6045
6543 3785
3884 6078
5333 952
34 3346
1952 1367
6544 6545
3294 6546
6486 1729
151 6547
1026 790
6548 1727
45 6549
1823 2445
1833 1809
5214 1384
6083 6032
2225 2739
6550 1288
3292 4520
6191 4616
6328 6143
5934 6551
569 3585
6552 6314
6553 6554
6555 4394
382 165
6556 1092
6027 6557
5799 5580
6216 6450
1105 1618
5094 5272
258 2297
6558 6354
6559 4283
1718 3708
6560 819
6561 6365
1151 2558
6562 6171
532 6563
6285 6564
3710 151
94 6565
6178 6566
1408 2495
627 6004
6567 2593
3741 6568
4154 103
596 6387
2445 6569
77 149
4427 6043
1971 6570
6571 6572
355 3420
4989 6037
695 5959
1766 6447
447 3729
6573 6574
1375 5282
1331 587
6555 790
199 6575
3027 116
6576 6577
6578 6579
5953 6580
5891 3201
997 158
6369 6581
5907 5969
5018 4592
789 6582
6583 5416
6232 1367
4123 4415
6584 308
6585 6586
6587 6436
6194 6051
6135 6333
5959 156
6588 6480
6589 6590
4376 6141
5921 6591
6592 6593
6594 6595
190 5930
2133 5984
1757 21
1823 6596
6502 2208
855 3840
6402 1307
6597 6598
90 3405
1548 1408
771 4633
2406 2192
6599 6600
6246 1682
2249 704
1353 6601
6284 6602
6603 1176
5965 6604
1071 5300
3359 1794
6414 6179
6605 6606
6607 3464
6608 6379
6609 3717
888 176
6489 1288
6610 2818
6611 6612
6613 1083
2504 6614
362 317
5965 6615
6616 910
5946 4183
6617 2624
1719 6618
6619 4243
6620 6621
6622 6056
5951 6378
6356 6525
6623 6624
3093 6625
6626 6627
3351 6172
6129 32
6628 6629
873 6112
29 2506
6630 6631
6126 6632
6633 6634
6313 6028
5888 6267
6635 6636
6025 5750
718 6531
15 5279
4542 6608
1468 51
6637 6387
6521 976
888 278
920 892
6638 1952
6639 1468
2775 6640
6641 6602
4412 6642
1657 6643
3884 3885
5324 4472
755 6644
4505 32
2482 6645
6646 5926
6420 6647
3107 801
6648 6018
3614 573
3351 1682
966 3887
1673 5333
6649 4988
5871 252
6650 6551
2363 3696
254 6651
6652 151
6653 3936
6654 6655
1347 6237
6552 6656
6326 6657
6658 6659
6660 6661
850 2097
6662 6663
336 3328
6664 6665
4088 2037
6628 6666
1682 6076
5990 6219
6031 2504
387 4394
3848 1020
6667 1690
6668 6669
2532 2142
6203 6670
4169 6557
24 471
6091 216
6671 410
6672 893
6673 6674
6550 6088
6350 6248
3138 1141
6334 6156
6675 6312
5027 3086
6157 647
6676 3333
6509 6426
5280 6677
522 76
151 1673
3976 5359
387 5651
1093 3911
6390 6678
1151 3708
222 762
6679 3389
4378 6292
6025 6004
3489 6680
6372 692
1347 472
6264 6681
2241 1026
6682 6135
2969 6683
151 1144
5626 6684
6193 6685
3976 5860
3643 984
2550 1937
6686 2213
4401 6687
6688 1468
6689 6339
409 6511
6313 6690
6691 6222
5383 5007
6692 6693
3446 6694
3925 349
6695 6696
6697 985
1071 3586
6095 6591
3374 3173
1089 1144
6698 6699
6700 6139
6087 6701
6702 6703
6051 6481
6688 2372
5943 1307
6316 3777
6079 6204
3931 2436
5890 5960
770 6580
6173 3282
6193 1026
5800 522
6247 6152
2555 2162
115 816
6650 4919
6409 6704
3846 6705
6706 6319
6707 3348
6088 6450
314 1124
916 6708
2364 6709
4378 4911
6069 6535
4948 1764
6710 6306
1104 6450
24 6711
3943 3650
6453 5916
6712 6385
6713 82
116 2436
6247 6016
4467 317
3946 82
6714 6715
2575 1808
6154 175
6716 5140
6717 5951
762 344
6718 6719
6103 2504
4083 315
156 522
3038 6325
1114 3954
6720 6721
6260 5932
4853 1269
1887 6722
6646 1367
4183 1077
6723 6724
6725 6726
3104 6727
2025 3345
190 6196
6728 372
3869 76
6729 2534
91 5420
984 471
2496 6730
315 913
6023 6526
2211 6568
441 3589
280 103
2994 6159
6489 6450
1089 5904
4387 6220
314 3396
759 6374
6731 5997
6334 6399
6658 6189
6732 1037
6733 6419
6734 6735
6595 6139
6736 6737
536 923
6481 6342
6738 6739
6740 6226
4760 920
5751 3379
6550 6180
2550 103
763 3063
6364 6236
6741 5975
6742 1644
3361 6743
5964 6744
151 953
4427 6642
6127 1837
1142 278
122 966
3103 68
6745 6120
6746 6273
6736 4387
190 6725
2162 2604
6671 6397
1313 6747
536 2534
2811 6748
4648 2830
2636 2589
6129 6025
4390 5230
3777 6601
6749 6570
6750 6139
596 6751
1251 6729
952 3973
6322 5977
175 6752
6753 6754
3009 3346
6677 6755
4503 4317
6061 6084
4864 2094
6756 1644
5453 5075
6757 1207
6193 4725
6550 3777
4378 4856
6495 6420
1509 1338
6758 3307
6356 6759
308 4686
6760 6761
1105 4055
3448 6762
4187 6763
6764 6388
3692 3436
1823 1685
540 6765
4163 6054
5462 1567
1089 2133
5463 1924
6766 5987
4169 6767
6404 32
37 942
5466 5112
6404 6540
6768 70
6125 6632
3607 3294
6769 1727
6691 6221
1015 5467
6732 910
6770 6771
91 384
6538 6195
6772 6773
224 16
771 84
5854 6774
31 1113
6342 6338
6775 475
5214 648
44 2451
6776 6777
5481 6778
6779 6780
892 587
6146 3777
5588 5462
6781 983
15 6299
6782 6783
5936 6784
6785 6390
6786 5925
15 6787
4919 6551
3996 3655
6788 6513
6119 6745
5990 6222
5926 3506
6506 6789
4020 6790
6582 992
6038 6680
6791 128
5487 712
19 324
6792 6793
44 6374
6794 6795
122 6796
3488 946
6418 4472
6315 6061
224 6796
1347 5907
5986 6019
4264 6359
122 2609
1271 3252
1824 2647
4008 1367
5492 3217
5244 5423
3389 6797
5445 6094
4724 387
6794 6798
6260 337
3058 6799
1253 6800
1050 648
3348 3730
6801 6799
5904 1144
2102 2652
5230 5006
2927 90
254 4831
6313 6656
6802 6064
1718 1719
4692 3540
6803 6804
5466 984
6685 790
1026 6302
6486 6329
6764 5891
6789 6504
1444 94
6081 3708
6805 665
6806 6807
3427 517
647 648
6080 698
6808 6359
317 1155
5911 6053
24 1448
3973 750
3691 3436
6809 6810
946 5914
543 6811
1794 2130
6419 6647
6490 2393
6812 2558
5924 3534
6732 6616
1105 304
6813 639
6814 6752
6815 6816
6016 6090
344 934
3257 2417
6323 6384
6691 6736
4020 702
5785 992
5520 6644
6555 388
2555 6817
6818 3650
5746 2220
6819 1077
1682 6188
151 517
6814 384
3154 6176
5890 540
6791 6076
5346 3058
5950 8
6820 384
6821 2744
90 5214
4154 1210
6191 4737
6822 6798
6712 6206
6787 6823
4026 2807
518 3754
6824 921
37 646
3518 2102
6100 6825
3436 3029
6826 3708
6411 6049
6641 6284
3534 3411
651 6827
5494 5934
3795 3035
6020 410
778 4712
6662 6654
3292 2462
6691 6219
6828 6829
4412 6043
778 3343
395 573
517 573
6830 4863
6831 949
6690 6656
6832 6833
6765 5960
6834 2565
6698 6408
6835 6836
6015 6248
4983 46
6831 5597
6837 4625
6838 6839
3425 6840
6017 6194
4394 4483
3691 3029
3154 5317
6673 4506
6136 6028
1378 323
6682 6016
4112 617
2353 1331
3307 4041
2924 6841
6522 158
6019 410
3769 886
6270 6842
6432 1548
6843 6072
6844 6845
5552 1144
6846 6847
6848 6670
828 1434
2393 103
6849 6850
6851 5937
6351 6852
6136 6027
6618 6853
6854 6855
3548 2701
4983 6746
6184 1090
1682 3379
6281 6028
6682 6279
6856 6056
6857 6229
3655 5561
4051 4052
762 942
3260 3029
6029 70
3103 1046
6077 3099
6383 6380
3252 1644
6858 1283
6859 5971
6146 1353
4008 3506
3976 4069
6594 6860
1690 410
6712 6207
6861 6862
6734 6863
90 6346
6864 6865
6866 55
6867 6868
6226 6271
163 6758
6221 6220
5221 6029
5751 6172
3379 6188
6695 6869
6017 6439
3392 3493
3464 646
265 317
6181 6281
667 6870
5924 6871
6260 2417
6639 2372
1074 349
6872 913
6873 6874
6875 6632
1114 2532
6871 6163
6237 3099
3357 4908
3103 156
5453 6029
6876 4855
6174 6877
5977 6878
6415 1307
6198 6143
5225 6879
997 633
1015 824
3351 1823
4390 5006
6880 3977
6881 6882
5785 954
1479 920
6883 417
266 278
34 3488
151 2905
5900 5848
4298 6561
3389 179
6065 6450
1924 6884
6885 6634
5200 158
6880 5333
4670 888
488 192
6886 6024
6887 107
2417 646
6569 3379
1050 1384
6888 1253
3380 3374
6516 5738
6300 6179
5932 337
6129 5750
72 648
4424 2479
6889 648
6890 813
6891 4417
5588 1567
222 4334
5949 6892
5911 778
6893 6894
6895 6896
6897 6898
6899 5990
6735 3489
1600 6900
1050 2451
6901 6149
6712 6789
3027 6868
6902 6903
412 5925
6904 869
5679 6905
6906 1602
175 82
6907 6908
1813 382
6909 6910
6725 6196
6065 6146
942 1729
6434 3489
6712 6506
5785 4725
6243 6452
6426 6456
6087 6670
4264 6236
6911 6912
6751 6551
1682 6172
5130 892
3630 3991
1526 762
517 4097
6726 6196
6913 6914
6915 6702
5424 3106
2170 921
6146 6066
695 76
5580 3732
19 151
37 6260
51 52
6418 4955
4399 6021
6916 5978
71 72
6917 3307
4399 4412
6918 6919
344 3034
3630 3494
6075 3789
1408 6920
6921 6827
106 107
1662 6922
3049 2011
6213 3012
6055 1125
1719 992
1033 6923
1719 1742
6924 1700
6316 6066
4108 1342
6925 100
6926 433
4250 471
6318 4427
6927 6515
6901 6148
387 1742
151 152
6928 6929
82 116
6464 6461
6233 3348
5900 6491
6930 6931
5960 3201
475 587
2495 394
2959 6932
3494 6933
5936 6851
1936 6934
6662 179
1367 103
6474 6161
4692 3541
6592 6435
235 236
6502 5819
993 4421
1128 6179
6935 5465
151 169
6156 6399
4908 6936
6937 6295
2780 107
992 6685
6938 6939
6494 1808
6362 5975
2148 4831
2296 5819
739 6940
5018 722
6941 6942
4027 4131
6943 6944
6500 1144
6279 6333
6945 1937
6946 6385
6349 6643
6725 2052
21 349
5900 3148
6825 6562
6947 991
6012 4460
6948 6262
5888 6211
362 266
203 6949
199 801
6950 6951
6694 3473
6764 3201
6616 6952
984 6953
299 2709
6954 42
163 6955
5513 6956
2060 237
6957 5889
6958 6959
6051 6018
6315 6084
2208 674
387 388
3438 6933
6135 6351
6085 573
2495 6920
651 6921
176 32
6181 6767
169 2790
1761 573
4123 3819
5641 5002
6596 6188
5445 6049
3377 3626
1800 4605
3214 2818
68 4625
6419 6496
6300 6128
4725 6302
447 3348
4106 169
2561 2129
6896 6361
3725 824
6060 6315
1353 6066
6892 813
4950 3297
6960 2482
6768 5075
6961 6176
1104 3777
6917 6758
6593 6471
2130 5154
6489 1104
6962 6963
6137 6557
6964 6677
6768 5928
6442 1155
3023 6229
6658 4417
2208 5580
618 4686
5973 6779
704 966
6135 6852
488 278
1271 3780
6965 6966
6258 6054
6350 6135
6967 6968
6212 976
1412 5075
695 522
6969 6970
627 892
5971 6298
2170 5578
2021 2757
5221 1163
6003 4467
6321 6878
6550 6601
323 4922
6654 6971
6794 6822
6972 6167
3489 6328
2249 2609
3166 468
5845 698
150 2344
6128 5750
6025 5968
6557 6690
6789 6207
6019 5987
6973 6288
6974 6975
6976 6977
6465 372
274 6522
6889 293
6266 6934
6659 6189
6036 648
6978 6979
2818 984
6980 6981
4504 648
6750 6595
6470 1288
6982 82
90 384
3389 6654
6983 6984
6985 869
2994 6986
151 1207
5676 1015
2821 2479
6662 6971
3692 3262
6087 6848
3534 3974
1190 6936
1207 2305
6791 6237
151 2825
6638 6199
762 16
6347 2668
6737 6220
16 6796
2129 6918
3359 6249
6860 6750
2445 6188
6987 531
3289 6632
5751 2445
6988 6898
6615 6744
596 6637
6491 6249
6557 6028
6989 6443
6265 188
4173 3792
72 2733
3106 1163
6583 6990
6137 6656
6273 46
3673 2148
6895 6276
6413 30
1794 2652
6991 913
691 692
6513 6331
2093 1063
4460 2410
6152 6351
3691 3260
6992 6993
6783 6994
293 648
6995 6996
6997 6998
3534 4950
5932 1056
5317 3781
6522 633
395 6999
2566 6980
2994 7000
1971 7001
2195 2593
7002 7003
7004 7005
6352 4088
7006 6621
6888 2589
6637 6650
3086 51
7007 6529
4606 5159
2651 1208
3554 2252
82 1809
6087 6203
6198 6040
6425 6455
3930 2269
502 7008
68 156
6003 317
5950 813
3359 5154
7009 1423
754 755
7010 6703
3089 151
6510 6224
4785 6329
647 992
7011 7012
1071 3260
5517 51
2404 7013
387 1719
2692 7014
128 2898
6302 6685
770 5154
7015 6011
4427 6021
7016 7017
7018 7019
892 1948
6712 6504
7020 1125
2060 7021
6416 1307
7022 6739
2445 7023
6193 954
6726 2052
7024 5279
6207 6504
647 7025
2614 151
6152 6333
6525 6024
252 410
190 1699
3381 3420
1716 587
6320 5223
6545 5830
2566 6981
2385 336
3534 2930
770 5953
1015 7026
6184 3112
3522 7027
1719 4837
7028 209
828 1433
2859 2376
5932 76
7029 4522
3534 6026
6252 7030
6138 6750
7031 7032
6467 7033
942 522
1366 14
2171 6688
517 1735
5701 5680
6769 5332
6920 6999
6449 3787
7034 16
293 3399
6193 790
176 4671
7035 7036
2482 7037
7038 495
6434 4697
6967 7039
526 107
6879 5226
6432 6999
6768 6029
151 2060
192 5195
6203 6424
6155 6399
7040 6230
6897 4
7041 7042
254 7013
6717 7043
387 4725
2930 7044
6757 6357
2290 6264
3968 755
7045 7046
37 156
1743 7047
7048 803
702 1061
6289 7049
1800 5597
5426 5375
472 1685
4154 7050
6131 6021
5465 7051
6279 6852
7052 651
7053 6631
6017 6052
3978 3732
6172 6569
7054 5992
2026 6417
5773 4317
5676 849
6467 6776
5681 6106
6443 2170
952 953
540 5961
6552 6690
4713 5955
4827 819
7055 7056
5890 6765
7057 6645
190 5718
2417 5959
7058 6512
1616 6554
6138 6595
574 468
5924 6786
169 2142
6666 6629
6060 6084
1660 6631
2521 591
647 7059
6128 1128
6076 1685
2769 2220
7060 5935
6593 6457
1151 6824
7061 7062
6599 7063
7064 3771
472 6076
1015 849
6181 4169
6995 5999
6522 5200
7065 6226
155 7066
6065 1288
5586 5382
6581 5290
7067 6608
1093 32
6439 6052
1128 6004
6885 357
6538 6018
569 286
6221 5990
6291 6690
6083 6033
4882 435
4213 976
6856 6035
6472 6081
6449 1071
7055 7068
2095 973
4169 6690
3741 1717
6269 3819
6852 6090
6510 6366
6489 3777
6267 5889
5453 5425
3561 2095
6927 6514
308 2669
7069 6911
3179 409
6751 5934
5943 6403
935 6371
1942 7070
7071 7072
33 946
257 266
1823 6172
6765 5961
6080 5845
1331 3463
6035 5889
6637 4919
122 704
7073 299
7074 997
199 6123
7028 3642
6136 6314
7075 6366
6033 6084
6701 6670
3436 3260
7076 6933
2393 6638
5578 921
5888 6035
4687 5745
942 1056
6313 6136
289 313
3899 6293
2896 357
1742 790
3302 6880
1395 3862
7077 7078
3257 5932
3793 7079
992 1742
1333 471
1605 3282
3673 254
5964 6604
2854 7080
163 3307
6736 5990
1033 4718
6344 151
6662 6797
4412 6022
7081 533
3468 409
6737 5990
7082 5688
6180 6088
3106 5075
7083 7084
2558 2170
5981 6777
5431 7085
5751 7023
7086 6301
1467 5938
215 82
2208 4035
6081 913
647 84
6860 6139
6279 6135
7005 7087
682 435
437 2277
3257 6260
6310 122
1685 3099
3930 2733
1148 824
2562 6918
6955 4243
7088 5960
16 6310
5751 1823
3717 7089
3425 4069
1193 952
65 192
6647 6496
278 3503
687 7090
7091 6840
3673 7013
6728 6110
6247 6852
6094 6591
6292 4856
1757 349
3359 2102
4250 1333
6510 7075
3089 517
7092 2267
3897 2566
7093 7094
7095 7096
3913 6232
6027 6181
5445 6048
6527 7097
7048 7098
1069 570
5785 6193
7099 966
4246 1719
6131 4789
7100 7101
5974 972
7102 1174
5962 582
6820 7103
7104 6914
5487 5106
6679 179
6837 76
7105 6949
6316 6180
437 2756
5586 3541
370 1448
6689 6338
5901 6250
2985 6953
7106 3819
1136 7107
4873 5596
2445 6596
4250 24
7108 6113
5959 522
6854 7009
5023 6964
3630 6933
1128 5968
387 6302
372 7109
1253 2589
2410 6013
5954 1662
6594 6139
4399 6642
7110 7111
1448 471
6659 4417
4264 6235
299 2609
7112 156
6318 4789
6768 1163
7113 5906
383 7114
6489 6088
6358 4264
6384 6380
7112 751
6244 6621
7115 7116
7117 410
3346 946
7118 4376
6958 7119
7120 5989
6180 1104
6247 6351
7121 7122
2989 5980
7123 7124
6630 7053
6876 7125
7126 5895
6267 6211
935 801
1255 1256
7127 6342
3292 4618
828 7128
2859 2375
4785 1729
6559 3770
6270 5892
7129 4390
7130 6902
2044 3504
218 433
6291 6557
5773 4503
3708 4837
3607 3229
7131 5886
1269 533
3389 1321
6194 6439
6221 4387
7132 2097
7133 84
6874 7134
617 7135
2394 2225
789 992
7136 7137
7138 6892
237 2305
5835 7139
7140 7141
6658 5249
6067 42
6648 6342
518 315
6415 7142
1548 2495
7143 7144
7145 1618
4154 192
2337 3586
7146 7147
222 1729
4823 7148
4284 963
7149 6966
6035 6211
6550 6146
5263 3348
5819 6644
2719 388
6540 176
6467 6777
6911 7150
6588 4460
1148 4960
997 6521
2050 2094
7151 7152
7153 279
6303 7154
780 6368
1350 6621
6634 357
6900 1518
6470 6601
7155 7156
5911 4520
1363 5984
3252 6742
2717 6464
3280 7157
5641 587
6313 6291
1743 1207
3027 7158
6424 6670
2606 4535
7159 7160
6249 3148
68 2417
4264 6808
6633 2896
5781 1015
7161 651
6128 5968
6216 6065
151 6451
6291 6656
1350 6620
6355 7053
1137 5517
7162 7163
695 6215
6616 1037
6407 6699
6291 6170
3792 7164
65 5195
6809 7061
6454 6384
2782 6144
6015 6135
884 6184
6355 6631
6806 7165
4942 7025
1209 7133
5588 7166
3223 984
3761 5995
2682 3890
992 6302
7167 750
7168 6664
6989 280
6638 103
7169 7170
7169 7171
4633 84
7172 6983
7173 5635
6731 7174
1994 7175
6899 6219
6425 6509
6019 6671
5939 5944
6788 6512
1333 1448
6915 6703
5494 6751
1148 1962
762 934
3399 2247
7176 6931
6071 6843
7177 840
2033 6582
495 6517
7020 6055
6095 5921
6180 1353
6557 6656
278 317
304 6005
5258 2782
6077 5907
7058 6331
7178 6962
7179 4863
6470 6489
6065 6180
6851 7180
5962 2651
1526 2264
6986 7000
2712 3470
6620 5170
4233 3884
6131 5927
7029 1644
308 1939
394 6999
6860 6595
2163 1068
5075 70
524 6345
6697 6154
7181 5241
6846 6882
5922 7182
2719 6127
1929 7027
3025 6257
7183 6063
6188 3099
7095 1778
6555 4483
128 5969
72 3516
6412 1979
4592 722
409 3295
7184 6469
81 6396
6546 3179
3614 517
991 7185
6400 3293
412 3534
1433 1434
888 4671
75 327
6027 6767
6300 6129
3389 6655
6234 5915
2277 24
6131 6642
6641 3589
6179 5750
3489 4697
4264 7186
6067 6954
798 5633
7187 6816
308 1446
163 4243
163 5798
6648 6481
1448 475
6112 6075
6592 6471
6897 6988
6642 6021
6465 7188
7189 7190
6587 6471
6801 3058
5924 6163
6343 151
2462 6038
6899 6222
6017 6051
7135 3890
1763 4948
1375 2044
6389 6678
3359 5900
6247 6015
151 4097
7191 946
7192 7193
6893 7194
6503 5995
3150 1602
5785 6685
6860 6700
1771 6114
2682 6584
657 7195
6490 1367
362 888
4542 7067
5992 6197
6007 4520
7196 1709
7197 1327
6746 46
4384 433
6989 151
6265 6934
1656 6643
6136 6552
7002 7198
5958 5983
4670 176
5688 7199
6583 1282
6470 6066
2532 5951
6592 6587
1571 6779
6027 6291
6099 1093
274 633
2994 7200
5635 966
770 2102
6318 4412
4376 5186
6846 6881
1071 2338
6691 6220
4106 3954
7060 5596
6592 6457
7201 1599
7202 2128
6701 6848
2208 5819
3472 5971
6033 6706
7203 3787
1571 4448
6706 6084
6766 5986
522 337
6975 7204
6648 6195
6917 4041
6281 6767
5634 3730
1347 5833
7205 7206
6432 573
1050 647
7207 7208
4008 984
6200 410
6095 6049
6170 4169
7209 7210
3257 337
7059 7025
7211 7212
6673 32
2338 5300
4548 6841
3359 5848
4324 4325
3946 3571
6181 6656
647 7213
6444 103
557 6771
6449 7214
6872 7215
7216 6703
5959 76
6691 5990
762 2344
478 278
7082 5473
3331 6479
6539 4606
2591 2978
278 5505
3023 6230
6795 6798
4556 3781
7214 3787
6429 4216
2462 3489
2033 992
6347 6037
6180 6450
6414 5750
6691 6899
7217 14
7218 7219
1800 7148
6061 6319
7220 7221
3027 7222
7223 7224
6967 7225
3093 3937
7226 7227
1467 570
6034 5888
7228 7229
2982 1605
6848 6424
116 4556
7230 4417
2983 1635
6042 6483
1089 6184
627 2134
7231 6575
1833 5885
6154 819
7232 4206
695 337
370 1276
4237 2748
1106 2690
2558 3396
7233 3604
5746 6183
6398 6156
7234 6990
2887 5244
82 7235
6517 5910
1255 7236
2614 7237
6417 336
5844 382
3331 6568
7238 6941
4105 634
2985 984
4483 790
6133 6033
4605 1083
1688 382
5966 6147
6468 7184
44 992
596 6650
5800 5444
7239 2296
6558 7240
4750 5154
3189 279
7131 4983
5924 6462
7241 6431
6562 6101
6154 1690
5099 116
6625 3937
4961 6522
517 116
4246 6853
6766 410
6920 573
7242 6396
2927 91
6029 1163
2155 7236
2928 952
7242 81
7243 6735
1379 1269
6265 1936
5926 4606
7244 2129
4750 2130
5891 5960
7038 5910
6490 6638
5894 7245
302 84
6931 7246
6526 6024
6591 6049
6034 6957
6599 7247
7248 107
2810 6748
1367 573
6470 6065
6292 7249
7250 6234
292 616
2290 6263
5925 3117
5770 6341
6332 6135
6012 2410
695 156
7251 6337
7252 405
134 82
3655 7253
1207 1036
6137 6028
7254 7255
7256 6833
3472 371
6491 5848
4243 4041
949 7257
990 819
368 1566
1056 337
1685 5833
2479 6799
6300 627
216 4093
488 176
370 2044
687 2170
4990 2668
5988 7258
1322 1244
6027 6656
1685 6596
6638 1367
5835 475
5751 1682
7259 7260
2495 573
4686 2606
7016 7261
6472 913
1417 6341
6719 179
192 1210
4337 531
1548 6920
1209 84
5435 7262
6025 6179
7095 7263
6454 6380
1347 2898
7264 7265
3389 6662
6307 984
4750 2102
7129 4075
3425 3976
5900 6249
6035 6957
4908 557
7266 7267
3154 7268
2021 5144
4713 5956
7269 7270
7138 813
5882 7271
5472 6667
2479 7272
2442 2095
6250 5848
618 2606
3630 3438
5453 1412
4470 984
82 3021
7039 6968
6546 409
37 5800
954 1742
5112 984
6318 4399
6889 2247
3795 7273
3294 6375
6216 6088
2738 218
6246 6188
4195 665
828 2905
5424 5075
5844 5845
7274 7275
1705 6938
6333 6852
6619 6917
5973 6780
7276 6108
6751 6637
6751 6650
6506 6207
3846 151
6766 6019
7098 803
6332 6350
327 6186
7037 3919
540 5891
4163 6055
6246 3099
992 790
5552 1155
3463 587
6974 7204
5494 6551
954 6302
5949 813
4259 6116
7277 6523
357 5846
7153 3141
6642 6043
1685 128
6165 6342
7166 1567
6818 3943
6550 6065
6875 6126
6414 2134
6889 6082
362 413
1412 70
6808 6235
5099 1833
5737 7278
7126 7245
382 5845
7279 7280
5453 5424
4205 1820
6599 7281
7282 6457
5214 992
6596 3379
3214 3223
6136 6690
5785 387
5991 5635
6281 6552
6250 3148
6179 6004
6679 665
5533 405
6740 6225
1833 6713
2394 2739
7283 6739
82 4556
4154 2044
7284 1338
7285 6990
6278 892
5927 6642
6896 6276
6181 6690
7088 6764
3710 1193
90 1384
6027 6314
5751 6188
7286 1224
778 6292
2372 5209
2095 6367
4786 7134
6764 5960
3292 6680
1347 5610
1569 1948
6231 6918
68 6039
7287 3935
6786 412
5186 587
7288 7125
7289 7290
1207 1252
6985 1799
2481 7202
3968 6644
3201 6388
892 3216
7291 6153
2555 2604
7058 6330
37 3464
1498 973
4789 6043
6127 4417
5552 5920
7176 7246
6282 7292
6025 2134
7293 6845
1719 790
1719 6826
7294 7295
1548 394
6278 317
6629 7296
759 6373
6244 6620
3292 778
4742 5357
6825 6101
362 587
6099 1094
882 196
2733 2269
4832 4421
6997 7297
3343 4911
6360 6275
7126 7298
6869 6696
7299 7300
5751 5994
1207 2005
4325 7301
2393 1952
4810 4718
1916 265
6895 6361
1026 992
3023 3024
7302 6727
648 3516
6263 6681
2264 2344
90 648
6662 6655
1824 5473
7303 6606
3808 587
5021 6089
7083 7178
6035 6267
3673 2404
3411 5925
6926 4384
1719 1026
6550 1353
7304 7305
7103 384
176 3646
2208 2296
1089 3112
6916 6321
5833 5610
6291 6767
7274 5226
1417 4213
4942 7213
4712 4520
6281 6690
4625 337
3708 913
6129 1128
2406 7306
7307 7287
2985 966
3027 718
55 6623
6023 6759
3351 6569
6774 6147
6223 6366
6364 7308
6957 6267
6275 6361
6058 6254
6801 7309
2532 169
6242 4036
1661 1662
7310 28
3049 1270
2974 710
943 7311
2021 6644
6077 5969
646 1672
6216 1104
5472 1690
789 2406
3392 5866
7312 639
6854 1423
888 266
3289 6126
2170 4370
7313 1319
4750 1794
997 5200
4378 778
6397 7117
6555 5651
7314 7315
5221 5425
6665 7316
5416 7317
47 6417
7115 6937
6749 1971
1823 6569
5472 410
6790 702
6609 7089
6181 6557
6233 3729
6472 3708
7268 5317
6382 3725
3106 70
478 362
7318 7157
5481 7319
7320 6516
6345 765
1566 369
6170 6552
6135 6152
5965 6744
5286 819
6741 5976
32 4506
6076 5907
6277 317
7321 1535
7244 6919
6682 6015
6349 1657
6221 6219
84 648
365 3178
7322 7323
7324 6335
6450 6601
6451 6243
7325 7326
547 7327
5092 2028
6435 6593
7328 7329
1833 3154
6037 2668
5137 3227
6022 6043
7064 1808
3357 7330
151 1809
3009 946
6371 7331
7332 2417
7333 202
5263 3730
7334 819
7335 6554
7074 633
151 1244
437 984
6215 76
6866 6623
7011 570
5540 317
6584 3890
3207 7336
1288 6450
6668 7337
6136 6656
5249 7230
7338 6167
3603 3173
1467 6520
6332 6248
7339 7340
6032 6061
2835 6833
6714 7341
357 384
1979 30
7342 6317
4 777
7298 5894
6128 627
7343 1063
6764 540
1717 3331
5221 1412
935 1071
4233 3885
6996 6000
7023 6569
6397 410
5718 6196
6213 7344
6237 6076
4987 2506
5453 5076
7010 6702
395 6920
6587 6457
6698 6407
7136 7193
6391 7345
3035 91
4725 954
7346 2094
6786 3534
6667 410
1571 292
4785 6486
5751 3099
6125 3289
7243 3489
37 2417
7131 46
3038 3039
7347 7151
6432 394
7142 7348
6735 6863
1682 1347
3561 973
37 4625
4243 3307
7349 7350
4378 7249
627 6414
2495 6999
6016 6351
6314 6767
1593 5882
6558 6353
524 3124
1804 6939
6946 6504
7283 6738
3103 2417
2738 433
7351 279
2719 1128
7352 6566
540 6388
1929 3522
6155 6398
7127 6339
1673 3977
3946 3570
6300 6004
2896 6634
770 3359
7040 6229
7040 3024
759 44
387 1711
7353 6342
3229 3179
441 4942
6128 6025
6133 6315
7354 7143
7291 2266
7355 7356
7155 7357
4283 3770
6051 6439
6067 6499
6588 6013
3257 4625
5991 7173
4394 790
6287 5983
7358 7359
6791 1061
151 6452
6027 6690
6236 4651
5890 6388
5946 2748
5939 1124
7263 1778
156 337
2417 6039
7230 6189
6083 6133
1747 349
1408 6999
992 1384
6241 3549
258 2296
5911 4712
6955 6917
798 1764
2562 2129
6094 6049
6856 6267
5751 5993
149 78
302 647
7292 6283
6320 7360
1763 1764
387 954
6546 3295
7249 4911
6973 6289
7225 6968
6538 6017
6435 6587
4394 388
7361 6493
910 6952
1071 2337
7130 6903
6316 6601
1353 6489
4467 993
8 4470
6215 522
6955 3307
150 762
6930 7176
6165 6194
6525 6759
6520 570
412 3117
1047 7362
2006 517
4075 5230
151 1735
3257 5959
6220 6222
7047 1207
5424 70
7363 7364
1833 82
6725 5930
90 252
6170 6028
6088 6601
6538 6481
6146 6601
7054 6197
6131 6022
5981 7033
4503 750
7000 7200
6529 7365
387 6555
5888 6856
7149 3193
3351 6246
1307 7366
1322 4040
6332 6279
798 1366
4324 7301
820 437
115 7367
7368 7210
4183 7271
3646 7369
5891 5961
695 1056
6356 6526
4106 3725
515 1690
7370 7371
976 6341
524 5948
3190 606
7035 6816
6899 6221
3027 591
1353 1288
7372 1746
7373 7374
90 2451
6517 5738
4797 4713
368 369
2682 771
151 5333
6859 5970
6083 6060
7046 7375
3035 7273
6057 6352
6286 6564
7376 7377
3217 3218
84 2451
2404 254
6596 3099
6215 337
6938 1804
7378 2305
3224 3225
6470 6316
6943 7319
1718 913
7379 1887
6813 7380
7381 7311
659 4545
6791 3099
762 3034
4548 2924
6235 6359
4387 6222
151 5152
3154 4556
6986 6159
3049 7343
6960 7057
6700 6595
6679 6662
103 1937
1209 648
7382 7383
7384 7385
942 3034
1037 6952
6360 6276
472 128
7386 97
6181 6552
7387 710
2341 7009
2404 2148
6345 3299
6313 6170
7388 4542
5937 6784
6909 5364
4786 7389
7390 7391
1682 5969
32 6145
42 921
7392 260
7393 7394
6060 6033
6521 4213
6247 6682
1367 4606
2543 7395
718 7222
7396 7397
6130 6374
1837 1128
7398 256
2719 1127
7186 6235
7399 5643
2134 5750
7400 828
3294 3295
3292 3293
6971 6655
6237 5907
2134 1128
6237 128
4776 6987
1209 4633
6682 6350
362 3808
7401 7021
7402 7327
4206 4642
6567 2195
7351 3141
292 4448
6266 188
6736 6219
32 6144
6312 7403
990 6560
65 7404
7405 179
7282 6436
6432 1408
6955 6619
1094 103
6136 6281
6622 5889
1015 7364
6946 6207
6358 6808
6411 5921
3534 474
5974 6779
5871 6820
6734 7243
1127 388
7406 606
6004 5750
7407 7408
617 4686
7065 6272
7409 2044
7410 6162
7411 6124
6950 2748
7412 4417
2398 7413
1824 7199
2561 6918
7414 7415
6793 6969
6336 7416
150 2264
4769 891
997 947
3023 7040
472 5969
951 2296
6808 7417
6384 6324
1106 3227
394 6920
3376 3377
7418 7419
1347 1685
6311 7403
7196 7420
6136 6181
1276 2044
1800 4717
3343 7249
2019 7421
7422 7423
2372 1468
3385 3386
7127 6338
7167 3973
1071 7203
3381 355
103 739
5913 5033
3392 28
2814 3574
7060 4873
7424 1589
6032 6319
4606 573
6418 5324
6427 7425
91 7273
6435 6471
718 7158
7132 850
2061 712
6017 6195
6056 6211
116 6142
6333 6090
3293 6680
7426 7120
4789 6021
116 3781
2066 2067
308 771
4750 3518
7427 3392
4752 1520
6192 4737
75 365
6260 76
34 7191
6180 6066
7428 349
3079 3420
4725 6685
590 7429
7391 218
6700 6138
4688 6458
7430 382
6917 4243
3425 7091
1682 6569
6060 6319
6176 952
6897 777
2087 1605
7347 7152
6989 2393
394 573
6107 7276
5466 4606
6159 7200
2614 6652
2442 3561
7058 6788
412 6462
405 7329
7250 5915
6937 6294
3464 1672
4233 6078
3534 3297
5799 674
7431 6252
4718 6923
6016 6152
6060 6706
954 992
6040 6143
2122 2123
6237 5969
3292 4712
6041 6459
5635 6953
5988 515
7432 2102
569 3078
7433 7434
6406 2631
6959 7119
6129 6414
5333 5849
1015 1948
1071 4801
7435 7436
7437 265
6059 7438
374 7439
5785 1742
6534 6070
6275 6024
4712 4811
151 6243
6733 6647
6064 257
5718 2052
6249 5848
798 14
1151 6472
222 3034
6358 7186
4827 4828
7146 7440
28 3493
3848 7441
7442 4646
4832 993
6056 5889
6808 7186
6137 6767
7297 6998
6489 6477
7096 7263
1809 4005
6281 4169
1151 4370
7443 6395
2170 280
1467 317
7047 1036
7444 6189
5661 6867
6015 6350
1794 3518
5225 7275
2338 3586
3351 3379
278 413
7088 6765
7445 6747
6607 3647
7145 7446
175 384
7253 5561
222 4785
540 5960
2050 4864
7447 2775
6790 1062
6300 32
2130 2652
1015 7363
7448 992
2011 1063
5333 3977
6051 6195
990 755
7449 196
6802 5887
6610 984
6737 4387
6953 966
7450 828
6357 1252
6650 5934
7386 7451
4154 1276
2417 337
5854 5967
5924 412
7452 5929
5154 2652
2211 1717
3389 6663
7453 757
4020 1062
5466 3506
3554 3555
6079 1210
7379 6722
6146 6489
6154 6814
647 1384
7186 6359
3560 1155
6512 6331
1144 1155
1061 3099
6538 6648
7342 268
6656 6767
7442 4404
634 1488
7454 7455
5799 3978
7456 6850
1090 3112
7457 192
2446 313
7458 24
6843 7459
5382 3541
646 3647
6385 6789
3292 4811
5785 6302
4169 6314
6058 7438
6066 6601
365 327
7460 6544
6066 3777
6685 1742
6318 6131
3012 7344
6848 6203
7461 3494
6181 6028
2249 122
4608 7462
6733 6495
6215 5932
687 280
7463 7464
6945 2550
6300 5968
6550 6066
437 471
7317 1282
6411 6591
6318 6022
7465 7466
7459 6370
6315 6706
647 4942
215 134
5253 6134
3099 5969
6937 7116
7023 3099
1375 3504
7440 7147
7286 6205
882 7467
2927 384
6463 6461
6172 7023
6204 1210
4961 158
3359 2130
1093 1094
7281 7247
6314 6028
32 2280
1089 169
6277 1155
1685 4542
187 6626
7004 7087
627 6179
7262 4798
1105 1106
2955 6676
6971 6663
7468 7469
3625 3626
4982 3373
6178 7352
7215 913
4987 29
6165 6648
4075 4390
5891 6388
1127 1128
7279 2911
6753 1392
6316 6088
6033 6061
6172 3379
163 6619
6673 4505
1747 1757
5000 256
789 2033
274 6521
7007 6530
6251 7030
4259 4575
151 2305
6822 6795
2614 6989
6907 5898
7470 521
861 1113
6785 6389
3642 209
5007 5008
1114 1144
302 1384
7007 7365
1151 921
2558 5017
3655 3656
6847 6882
6352 3984
570 7012
6129 627
2318 2319
4856 7249
47 3346
7284 1509
2843 6780
7471 7472
2021 5819
6637 6551
6065 6316
2446 289
6242 7473
992 1169
4838 7462
1719 954
951 2297
7414 6497
216 1124
1820 1660
302 648
6630 1660
289 109
2627 7474
1114 169
3376 3625
7380 7312
935 6559
2353 587
7164 1139
2337 2338
2148 5985
7165 6807
6246 6172
7475 7476
3351 7023
2011 6524
7171 7477
6639 2171
387 2081
3691 3692
7388 6608
647 2451
6759 6024
1717 3332
7478 2326
2081 790
7332 3464
648 2247
6639 6688
7479 1915
5634 3348
2335 3696
5075 5076
7213 7025
6682 6351
7480 7481
5833 3099
1151 2170
6435 6457
7067 6379
4163 1125
6166 7338
5317 4556
3351 3099
6034 6856
7482 304
1221 1069
6489 6601
3257 6215
828 2364
6051 6342
6736 6221
5092 298
7281 7063
7483 2508
2445 3379
6537 7484
7388 7067
884 6185
6470 6180
6628 7296
712 5106
6007 4811
1363 2133
44 260
7259 5750
6523 4777
1114 3725
6710 6305
3729 3730
3642 3731
2532 3954
7173 6953
84 5214
6018 6195
7485 156
24 984
6858 7486
1835 7487
4353 6116
6313 6181
163 6917
1705 1804
6248 6152
7133 648
6179 5968
2375 2376
5130 317
7488 531
7283 7022
6307 471
5099 3154
7489 5700
4725 1026
7490 7390
6300 1128
4725 992
7214 7411
6403 5944
6290 7181
362 278
7491 2338
7173 984
5144 819
6066 6088
286 3585
314 3754
7488 6987
6154 5988
1366 1764
382 698
6563 6445
6237 2898
156 76
6842 5893
4250 2277
6247 6350
6690 6028
6091 4093
7461 6933
1823 1682
5952 52
6437 6743
6973 7049
6128 6004
1094 739
7069 7150
3913 6228
32 1128
3362 6122
6017 6165
1105 2690
935 1331
3379 3099
3589 6602
199 7231
6946 6206
1353 6450
892 1155
2748 6819
4725 1719
3362 6121
7243 6863
4625 1056
5494 6387
6600 7247
6404 488
6219 6222
1951 1367
6649 81
7394 7447
37 1056
4961 5200
37 1672
6550 6489
274 158
7426 6132
5947 524
7492 6342
6430 7241
6160 7000
813 7493
2087 3282
151 952
2417 176
374 3093
6101 6171
6292 4911
7494 3819
7048 6098
7495 7496
7497 7087
7498 4608
1673 952
6230 3024
6679 6655
7056 7068
7006 6620
44 84
2906 7481
5943 7366
3777 3778
7031 7499
82 4005
7500 7208
5214 5215
947 158
7501 6763
6538 6194
4804 7502
3075 5827
5580 674
6027 6281
7503 7504
3154 3781
3780 3252
7505 4173
1444 6565
6147 4145
4040 1244
51 5209
7506 417
1142 362
1270 2011
7507 4685
2341 6855
6757 1252
7508 425
2896 6885
7187 6815
4789 6022
6018 6439
1372 1373
985 819
7509 7326
6137 4169
6802 257
1684 1154
1169 7510
6838 7511
4030 7512
308 4535
5890 6764
5644 7513
5961 3201
5223 1722
6508 7514
7515 5827
6300 6025
6330 6512
1571 5974
5253 265
3022 7516
6281 6314
5258 2280
5466 1367
7517 3293
6550 6316
5921 6049
7418 405
5800 1056
3489 6038
2134 6179
5854 7518
7108 6114
6039 70
4828 819
3399 648
3506 4606
6432 6920
6749 7001
6859 6298
3708 2947
6066 6450
6671 6020
6448 1063
4030 6762
7519 2044
6506 6385
913 2947
6180 3777
6786 6462
6060 6032
6593 6436
6851 7093
7520 370
6315 6033
6099 103
7347 7521
1417 976
675 5827
6033 6319
32 5968
7522 7350
5281 4777
6095 6048
3154 82
3289 3446
6679 6971
6159 7000
6015 6333
19 6473
7090 280
6086 6424
3976 2179
7108 1771
895 149
6296 7425
4827 5286
6766 6200
7335 6553
5924 6164
128 6077
6099 4606
4163 7206
2782 6145
5290 4537
7191 3346
796 7421
7523 7524
6768 1412
6032 6706
5927 6022
7331 6073
6246 6596
6720 7525
1395 3445
7511 6839
5985 254
7526 5152
1473 2805
7065 6740
6557 6767
1763 14
5586 3540
6471 6436
1682 3099
6358 6235
4207 4642
5932 4625
7334 6560
6019 7117
1071 3787
7527 1599
82 3781
1823 3099
6212 4611
6194 6481
2575 1809
5911 6484
488 2267
6237 1685
6995 6000
7129 5006
7152 7521
7528 7529
618 4535
5970 371
6657 6327
2006 3089
7323 7530
6247 6135
2417 7313
789 2192
6637 5934
4283 7531
6896 6024
472 5907
7432 5953
6102 6259
3012 6214
580 1477
7532 1971
6752 515
6786 3117
1479 892
3614 1761
6321 5978
7533 1509
1128 5750
6592 7282
6752 384
1313 7445
5968 5750
6791 1347
5785 1026
3692 3260
2171 51
7534 920
6132 2639
6552 4169
6449 7411
7498 4676
257 2757
1379 4853
770 1794
6347 349
657 7340
6307 24
6481 6018
6633 357
3252 7029
7251 6336
7244 2562
1129 365
6494 3771
4 6988
2518 7535
1951 5159
3303 5849
1151 1719
6856 6211
1114 5951
7536 2624
7537 14
3792 151
6400 7517
5926 4008
2050 2093
4955 5324
4399 6131
6351 6090
7431 6251
8 984
7173 2985
6774 7538
4781 179
1276 7409
6989 2170
6200 5987
1089 884
5445 6591
7539 158
6743 7540
6470 1104
6759 6526
5889 6211
7541 7487
254 384
6280 7494
6199 103
37 5932
252 384
6358 7417
6950 6541
5920 1144
5833 6596
1050 84
695 4625
5959 4625
6092 1184
2385 3328
7353 7265
1061 6076
257 923
257 2534
4989 2668
7126 5894
2171 1468
1833 151
6215 2417
5949 7138
892 3899
6170 6314
952 3781
6016 6852
6253 6058
7542 6669
1353 1104
1823 5833
3507 1141
7392 44
6420 6496
6502 7239
6718 179
6905 5701
6550 6450
4399 6022
2534 266
7378 7543
3351 5751
150 16
293 6082
1824 2540
798 1763
7035 7187
6736 6222
471 2756
4797 5956
6809 7062
6127 1128
1408 395
7544 5867
2482 3919
5426 7545
5901 6249
4924 2143
4850 5382
5473 7199
517 1761
6065 1353
778 4911
2482 7546
7169 7477
7332 7313
6023 6356
1799 869
412 3189
3448 7512
6223 7075
2671 5111
3930 72
596 6551
7168 6665
5924 4138
7004 7497
7547 1507
3933 1313
7548 6395
6944 7319
6241 7473
3936 304
6470 6550
6961 3154
374 3937
388 4483
2561 2562
7284 7533
257 278
7549 2114
5963 582
7161 6921
6732 6952
7550 7233
6183 2220
6248 6016
7083 6962
6890 7493
6128 32
7551 5885
6905 5680
6679 6797
5751 6569
3944 892
6546 3468
1685 2898
6160 7200
3262 3436
5346 6799
7492 7265
7543 2305
3396 913
762 4334
1408 573
7552 1137
7043 5951
1 7553
7431 7030
1353 6088
6180 6489
7038 6517
7554 450
2581 1026
5300 3586
5416 1282
6302 790
6025 1128
1526 16
5900 6250
1207 237
370 7050
4317 750
7192 7137
7005 7497
6736 6220
6411 6095
6313 4169
6537 712
6588 6012
6342 7265
6886 6275
6405 2631
6080 7430
6415 6402
2887 5423
1367 5159
82 3571
6415 7348
5871 384
6071 6370
6764 6765
116 3931
6165 6481
6950 7018
6737 6219
6193 1719
884 3112
7555 7556
7174 5997
7557 7439
4974 5428
6231 2129
5966 4145
7307 3935
90 4312
1685 6077
4934 1092
7368 7209
2994 6160
6234 5914
627 5750
7186 7417
5575 2393
2561 6919
6916 6322
2494 2067
7558 7536
1093 739
4950 6026
3224 7559
7118 6141
7560 7189
1682 6596
1711 3771
6481 6439
215 116
286 3078
37 6215
6692 7561
990 754
71 2669
4412 6021
2060 2305
3560 6003
6507 7514
6006 7562
3630 7461
3975 797
3022 5938
3034 4334
6691 4387
6245 7563
7564 7478
7565 1069
1071 3262
4789 4427
7566 7019
1993 7567
6412 30
828 2176
6768 3106
3154 952
7568 722
2061 7569
7339 657
5023 6677
5924 3117
2614 687
522 1056
1378 6438
1682 5833
7451 97
6639 51
6697 819
462 1113
216 5945
7444 7570
3280 7318
6825 6171
4246 4837
6316 1288
5444 6245
441 6483
7571 1283
6020 7117
3897 6980
175 1690
6765 5891
1600 1518
302 44
155 4568
4625 6039
7244 6231
6908 5899
5464 5465
6350 6152
4629 6075
6503 3761
6701 6424
2417 1319
274 997
5453 70
6350 6090
6502 2296
5661 6868
5912 5033
3725 1144
6689 6342
7572 7573
6342 6052
1682 128
920 587
7217 798
6682 6152
1571 972
7026 1948
6027 6170
6715 7341
78 435
6172 6596
7574 2843
7050 2044
4412 4789
1481 7571
6583 7234
3369 3994
175 6814
151 4740
2748 4397
2241 2581
1714 2436
362 176
7232 4642
6946 6712
6054 1125
3294 409
156 4625
2155 1255
7575 7061
6240 1154
109 313
6774 4145
7544 1481
946 5915
7151 7521
7572 7576
6065 3777
7360 1722
3303 1673
4786 6873
6215 5959
187 6627
7092 192
4387 6219
6916 6878
6630 6355
6248 6351
5221 6768
7480 2906
6817 7577
6278 1155
5467 7364
5991 6953
6593 6587
6402 6416
175 763
5751 6596
2821 7272
6539 6099
6296 5940
6490 103
7281 6600
7368 7578
6242 3549
3150 6906
6373 44
6961 952
1151 116
7332 3647
1824 7579
3262 3260
3600 816
6769 3929
1979 1924
6259 6614
6310 6796
7075 6224
2264 762
7580 7345
6635 7304
6965 3193
6611 3781
362 5505
7520 1448
6086 6701
3229 6511
7581 3224
4712 6053
3292 6007
6170 6557
3229 3468
6693 7561
6076 5969
349 2668
6154 384
3154 116
3425 5860
4370 921
5901 6491
151 82
5907 3099
6786 3411
7360 5223
1378 4922
6017 6648
6530 7365
617 6584
5027 5517
362 6448
6916 5977
6315 6319
754 819
6258 6055
2614 2393
6805 4195
1347 1321
6690 6767
7337 7542
6260 1056
7582 6761
6768 5453
1794 5154
1129 327
6342 6339
5923 7182
6668 7542
2021 257
3107 107
6210 7444
3058 7309
1347 5969
6559 7531
4409 2305
474 3117
6216 1288
6097 4520
2208 3732
954 790
4030 3448
4618 6007
3489 6863
6210 7570
151 237
6770 557
372 7188
6856 5889
6950 7019
6332 6682
4982 1808
7583 7584
2335 2363
175 515
6682 6090
7585 7586
7587 7032
6066 1104
6663 6655
7320 5738
7588 7589
5960 6388
7551 82
5432 2094
7590 627
7591 5798
6152 6852
304 2690
6791 2898
6260 522
1682 7023
6538 6051
5332 1727
7499 7032
2919 7592
536 169
7205 4163
4397 6541
6721 7525
597 3707
4769 7593
775 7594
6570 7001
6313 6767
6402 7366
3303 5333
151 116
597 952
6267 6056
6482 6042
4625 76
6216 6066
7285 7234
6444 280
1061 5907
5988 1690
6478 3331
6725 5718
7253 3656
199 605
1061 1685
6792 6969
2290 6681
7595 5750
5800 7563
7065 6225
3555 2252
1571 6780
1137 2372
1952 103
5988 6814
6851 7094
2417 156
6166 6972
1124 4093
6462 3117
7166 5462
7596 7597
2277 1448
3103 4625
6889 3399
441 6482
6701 6203
1050 5214
5173 1924
6552 6767
7598 7599
7600 5786
6083 6319
5888 6622
6332 6152
6521 633
3380 6168
6277 892
6083 6061
7601 7602
2717 6463
7500 7207
6248 6333
3299 3124
7288 4855
2959 2508
1936 188
5966 6774
6226 6272
6871 4138
5575 151
3607 6546
7306 2192
6332 6015
7332 646
7245 5895
7494 5649
156 5932
7459 6072
6765 3201
5964 6615
7603 712
4785 942
5552 169
16 2344
3691 1071
6538 6342
7013 4831
6313 6027
6788 6331
6323 6383
5492 3218
2835 7256
6791 1682
7604 7592
4173 7605
674 7163
2481 2129
6888 2636
7076 3991
518 913
1616 6553
6495 6647
6313 6137
517 6142
4724 388
4036 3549
6128 6414
6622 6211
5467 1948
6873 7134
1833 4556
3034 934
1735 952
6588 2410
6246 6569
2341 6854
19 6452
441 6602
4412 4427
765 3299
7452 7501
1353 3777
209 3731
216 1155
828 6709
3729 6707
3959 7606
4083 116
257 6729
801 7231
6946 6789
308 2606
6385 6206
116 952
4990 6347
7604 2919
5258 32
2135 29
1351 1222
7517 4856
6646 3506
3984 4088
6907 5899
1813 4494
70 1163
6019 6397
6360 6024
5517 3086
4717 5597
7129 5230
6316 6477
7088 5890
7391 433
3913 1367
7565 7607
5580 3978
6024 6361
6951 7019
6740 6272
7608 7609
6851 6784
7610 1709
5602 750
7154 5852
6961 3781
540 3201
7611 7612
6260 4625
4159 2417
308 3890
4522 1644
1918 652
3311 3243
5718 6726
2558 921
5890 5961
4676 7462
6019 6200
1766 6446
7066 4568
6948 6261
7212 7613
6082 648
1735 116
4284 964
5021 1636
7394 2775
6702 7216
6067 6118
6928 7614
7010 7216
163 7591
15 6823
6569 6188
4399 4789
6758 4041
952 750
90 91
2021 5520
1685 5610
6131 6039
6762 7512
5249 6659
6053 4520
6843 6370
990 7334
6592 6436
7615 7616
6322 5978
3630 7076
7120 2639
6955 6758
1089 6185
6443 103
6475 1155
7314 7617
7473 4036
6432 2495
6034 6622
6501 1662
6708 5584
2093 2011
6291 4169
7083 6963
176 7369
2651 5963
6536 2739
7088 5891
3785 1520
5424 1163
4264 7417
6071 7459
7178 6963
2337 5300
6035 6622
6392 7345
3540 4850
5424 6029
3376 3626
1548 6999
6550 1104
3193 6966
997 7618
946 410
176 278
5221 5076
6180 6601
5263 5634
7619 6626
7620 7543
3351 6188
1924 7324
5892 6842
942 4334
7188 6466
6260 5959
3468 6375
4394 5651
1093 6145
2019 2777
2044 103
1417 5770
7536 2167
6531 7222
6394 7548
5871 7103
7139 570
4624 7621
7023 6596
6012 6480
6661 7622
1106 6005
6048 6591
1372 7623
2717 6461
6233 6707
6213 7624
1750 722
7332 1319
5633 4948
222 6329
4919 6387
279 3141
2805 3778
6612 3781
3540 5382
3777 1288
5494 6637
1093 6144
447 5634
770 3518
4448 616
6546 3229
5635 984
7392 759
7367 816
222 344
151 6705
1408 394
6018 6052
6808 6236
3507 3138
5424 1412
42 6824
5966 7538
6199 1367
2148 7013
387 790
6622 6267
6883 7625
7626 7627
6332 6016
7018 6951
3103 6039
7471 7628
5639 704
7136 7192
6170 6656
7203 6124
3585 3078
7180 7094
2669 72
873 2795
6775 1448
2060 7401
1794 2102
6319 6084
6972 7338
6758 4243
6859 3472
6102 6614
1835 7541
3214 984
488 7092
1682 6077
3294 6511
3625 3377
6543 1520
5649 3819
892 6293
3518 5154
7020 6054
462 7629
6887 526
6726 5930
6947 7185
916 5584
2215 824
5221 5928
2985 5635
7402 547
6038 4697
2717 6460
4545 998
44 5214
6360 6886
6511 6375
7282 6587
6385 6504
3975 739
1071 3436
6215 6260
6740 6271
4159 176
515 384
6027 6552
3234 7630
6915 7216
5481 6944
751 156
6642 6022
1129 75
7631 7609
7015 3600
3389 4900
6248 6135
820 984
5453 5928
4246 6618
2810 2811
7191 47
6342 7264
6658 7230
5991 966
6291 6281
7632 1009
617 3890
6470 6146
344 4334
7515 675
337 76
6278 3769
5890 3201
7608 7631
4989 349
6569 3099
7009 6855
5675 122
6788 6330
6518 7633
187 7619
7460 6545
570 475
7282 6593
2211 3332
14 1764
6322 6878
6214 7344
412 474
7456 6849
6552 6557
5888 6957
6128 6179
5679 5680
4568 6151
6460 6463
1609 7634
695 2417
2148 254
6506 6504
6957 6056
6820 252
7635 7556
5466 5926
6776 7033
7003 7198
6538 6165
7636 7637
4205 1660
5901 3148
7430 698
441 647
6127 6891
651 652
7209 7578
6280 3819
7638 2604
7639 7640
5985 7013
7519 1276
6273 5886
4303 5972
6332 6351
6946 6506
314 5944
6300 2134
7641 2114
1824 5688
7325 7509
6492 7361
6323 6380
47 2026
805 3522
6240 1684
4692 5382
6666 7296
6247 6090
6216 1353
6350 6852
7583 7642
2989 5979
2061 7484
3294 3229
6150 6556
6342 6439
536 5984
5435 4798
2555 7577
388 790
5533 7252
6068 6499
942 344
370 4154
1276 103
7534 892
6679 6663
6999 573
6731 5996
4873 5935
7268 3781
6146 6088
7582 6760
756 757
7519 7409
6674 4506
5481 6943
5540 362
3359 5901
790 5651
648 1384
6950 4397
6216 6601
7180 7093
5943 6402
4806 7643
3257 522
387 992
1808 1711
7549 7641
6353 7240
7558 2167
6025 6414
7644 7645
6086 6670
6023 6525
6113 1771
6495 6419
6274 6684
3022 5931
4976 5467
5018 1750
447 5263
6147 7538
1823 7023
6674 32
1498 6367
4399 6043
362 475
7320 6517
3966 32
371 5971
7646 7647
7648 1685
2479 3058
6817 2162
6364 4651
7506 6883
5375 7545
5959 337
6040 6328
7258 7649
7050 103
6221 6737
3294 3179
7035 6815
6165 6051
2394 6536
6065 6601
7580 6392
935 587
7650 7651
6871 6164
90 647
6793 6970
75 6186
3561 6367
365 6186
7652 405
4976 1948
4725 1742
4676 4838
478 888
6170 6767
1448 7653
6532 7654
1719 2947
3464 3647
1071 801
770 2130
6330 6513
474 6462
2319 7655
5540 278
6500 1114
895 78
7555 7635
675 3075
6009 6169
1717 6568
1137 52
6801 2479
1347 6076
7656 7607
7378 7620
4496 7657
5911 7658
7426 2639
7064 1711
7250 5914
4864 2093
947 7539
778 7249
6032 6084
6792 6970
6128 2134
6016 6333
3692 1071
759 6130
6099 739
6817 2604
3012 7624
4008 4606
963 964
100 6684
6782 7659
7074 4961
7010 6915
7268 4556
7660 7661
2807 7662
687 7237
3229 3295
5946 6819
7532 6570
7663 7650
992 7510
1709 7420
7417 6359
3764 6800
6403 1307
6470 6088
798 4948
5973 972
5463 6884
5925 474
3506 1367
6611 3154
6533 7654
6241 4036
4828 5286
7282 6471
6193 387
7664 7489
5384 965
6783 7659
317 587
992 2451
6316 1104
7656 1069
1207 2060
2028 298
3770 7531
6117 317
7473 3549
7203 7411
2671 627
7593 891
7665 7455
5944 1307
7638 6817
7558 2624
6612 3154
7666 7667
6225 6271
1616 7335
1151 134
778 4856
6017 6481
4105 1488
7575 7062
2479 7309
7309 6799
100 5626
997 6522
6332 6852
6737 6222
151 2005
6024 6276
7490 6093
6142 952
31 462
6318 6642
6768 5424
4955 4472
33 410
190 2052
5967 4145
3946 151
6083 6315
627 5111
5903 7668
6185 1090
6491 3148
2561 7244
1276 5737
1071 7214
7172 6984
5988 7649
801 6575
6215 156
2393 2825
855 2825
7380 639
6489 6066
7039 7225
6544 5830
7167 952
7069 6912
4855 7125
6519 7633
6281 6656
6154 985
37 522
7579 2540
6470 6450
7581 7559
6622 6957
5981 6776
5844 6080
6229 3024
627 1128
1089 1090
7113 5905
4250 1448
6857 7669
7458 6711
6786 474
6542 6044
5746 5747
5221 3106
6736 6899
6878 5978
5130 1716
2417 1056
836 7670
1824 7082
6258 4163
3656 5561
7354 7144
1061 2898
6192 4736
4961 633
115 3600
7551 6713
6105 5681
188 6934
151 828
798 7537
7520 7653
7671 1207
2167 2624
2927 3405
1151 215
2021 819
5280 6755
6636 7305
6899 4387
6314 6656
5445 6411
6181 6314
2495 395
5951 2142
6418 256
6181 6170
388 1837
777 6988
1384 2451
6899 6220
6414 6004
7658 6484
2276 7672
6633 6885
6003 1155
5173 7324
6337 7416
6454 6324
5751 6246
2682 308
2959 7483
1548 573
6291 6552
6313 6281
3297 3974
4169 6028
2532 3725
15 7024
6165 6052
702 1062
7658 6485
6886 6276
6764 5961
488 3503
7173 966
7673 42
6011 7674
6237 1061
2215 3725
7103 252
1378 5173
770 2652
7082 7199
7170 7477
7675 7676
7385 7677
372 6466
6217 951
6813 7312
6216 6146
972 6780
5982 6777
6930 7246
6311 6675
6393 5159
6029 3106
6881 6847
6982 7235
314 6991
6734 3489
2748 1077
7240 6354
7244 6918
7015 7674
7214 7203
5974 6780
7450 2364
6281 6137
4048 557
6081 1719
6027 4169
4697 6140
6856 6957
7426 5989
674 3978
6096 7678
2494 2066
2647 2540
1104 6601
2026 336
7614 6929
6700 6750
6334 6398
942 934
7611 7679
6474 7410
116 7158
6313 6557
6859 371
6029 5075
1833 116
2130 3518
6065 6489
5453 3106
7680 7681
6383 6454
2171 2372
1026 1742
6425 6456
6617 2167
7088 3201
695 6260
5920 169
7682 6119
7045 7375
1763 1366
6003 6475
5928 70
6682 6852
6414 1128
1253 1254
1127 1837
1350 5170
2481 2128
4650 7683
6490 6199
7202 2129
7238 6942
4616 4736
6182 5851
6216 3777
7076 3438
7557 374
7467 196
7638 7577
7028 3731
6717 1666
2462 6680
4776 531
6013 6480
84 1384
5441 7562
6689 7127
7415 6497
472 3099
5332 3929
2769 5747
6879 7275
5770 976
6455 6509
2835 6832
7088 6388
7398 5000
7675 712
6790 1061
7684 7644
6165 6439
6521 6341
151 855
6682 6333
6309 5382
3021 3571
4163 6862
6183 5747
6814 515
7411 3787
5639 122
6038 6140
7685 7686
6539 1951
7565 7656
5221 5424
2404 4831
6791 1685
106 7248
2278 849
2974 7387
1137 51
5494 4919
1820 6111
7285 6583
7486 1283
6097 4712
2782 32
5940 6427
7687 7688
1288 6601
6791 472
7088 5961
3777 6450
7689 82
7330 557
7388 6379
5130 587
3257 156
7020 4163
6225 6272
7412 6891
5383 5008
6246 1823
4183 2748
6266 1936
6832 7256
122 5780
6035 6056
3411 3117
2479 7690
951 6218
2898 3099
447 6707
6408 6699
4120 3446
7017 7261
7139 475
6083 6706
2925 5214
3292 3489
3769 1155
1833 3021
6126 3446
536 1363
6886 6361
6103 6614
6136 6557
6316 6450
829 3652
7691 1283
2130 2102
4026 7662
6880 1673
6789 6206
6247 6332
7629 1113
7532 7001
7351 7153
1719 6685
7467 7449
7452 4187
1833 3571
7259 7595
1378 6335
1939 2669
5944 7366
6079 192
3808 475
627 5968
4 6898
6791 5907
935 4283
6521 5770
6660 7622
2134 32
8 7493
536 5904
6791 6077
6557 6314
1661 6922
6437 7540
3361 7540
7381 943
5676 2278
1823 5993
5444 7563
5791 5111
6765 6388
308 7135
7393 7447
1682 2445
7692 5798
4035 2296
886 7693
6342 6195
6194 6342
4919 5934
4797 5955
7086 6142
151 2790
6248 6090
3343 4856
1682 6237
6361 6276
7664 5700
6777 7033
886 1155
7137 7193
3411 6462
6137 6314
627 3899
6924 185
3984 2037
6318 6043
6177 6566
2748 648
6214 7624
5466 4008
7183 6062
5988 6752
5679 5701
6246 7023
7454 7665
5950 7493
32 5750
6617 7536
1026 6685
3351 2445
1682 5907
7280 2911
6752 1690
128 3099
7522 7349
1193 151
3472 6298
2277 984
37 337
6193 1742
7694 5336
2925 5215
5075 5425
6235 7417
7695 6846
3292 6038
19 1244
7213 7059
1104 1288
6278 886
7098 6098
6248 6852
1473 3778
2277 2756
6097 4811
5928 1163
7696 7697
1050 992
6538 6052
6351 6333
6288 7049
6908 5898
1709 4775
6189 4417
3991 6933
3022 1467
1423 6855
3257 76
6170 6690
7298 7245
3754 3396
5586 4692
992 317
417 7625
1417 975
6671 7117
6521 1417
704 5780
5986 410
1144 169
3446 6632
1979 6413
6581 4537
1061 1062
4306 1015
5258 3966
6744 6604
3991 3438
7573 7576
7394 6640
7242 4988
972 6779
7501 4187
5473 5688
6316 1353
2385 47
163 4041
6945 103
3389 1347
6233 447
7698 6787
5633 14
4810 6923
190 6726
3251 6742
7612 7679
5575 2825
6991 3754
3359 3148
2562 6231
6691 6737
7260 5750
6584 7135
5999 6996
1853 7404
1056 76
7671 1036
6030 2504
116 315
6076 128
6086 6848
7073 2330
1071 7411
6860 6138
1347 6077
6856 6622
19 6451
4404 4646
3954 1144
6279 6248
6814 1690
6596 6569
2220 5747
5494 6650
6313 6552
4106 2532
6028 6656
374 6625
1924 6335
6362 6741
447 3730
6443 280
2337 7491
6844 7293
6455 6426
6021 6043
6421 7606
387 6685
5675 6115
3534 5925
6500 169
6976 627
7699 7480
6654 6663
5364 6910
6070 6535
7460 5830
4427 5927
1994 2029
7690 6109
1605 179
3104 7302
6150 1092
3446 3473
6713 5885
5017 3396
7574 6780
6991 3396
3996 3656
4410 2305
6449 7203
2991 780
34 946
7624 7344
5018 5185
7414 6498
6137 6690
1251 2757
6646 4606
997 7539
6957 6211
7211 7613
5520 5819
2712 2106
7428 3925
37 3257
7630 7700
7006 5170
7448 6117
6164 4138
293 2247
37 5959
522 5932
1104 6088
2445 3099
6309 3540
308 618
1114 2142
7379 6348
6875 6125
4934 6556
7701 7702
6955 4041
4853 7703
7412 6127
6537 7569
536 1144
2157 4243
6085 1367
7161 6827
6154 6752
2709 2609
1270 6524
6470 1353
892 317
2719 1837
7595 7260
882 7449
7179 6830
3219 3282
7363 5467
6132 7120
6077 2898
7699 2906
6231 6919
6321 5977
1661 6501
7663 7651
163 7692
4145 7538
7367 3600
4856 4911
3332 6568
90 410
7533 1338
3234 7700
3223 2818
6082 3399
2134 6004
2277 471
6751 6387
7498 7462
5389 7704
562 7705
7682 6745
6704 6410
1823 5994
7698 6823
4618 4712
6791 5969
4990 349
3357 557
72 2269
6652 2393
3652 3891
2532 1144
7577 2604
6879 7274
1089 1363
6258 7020
1719 6302
3792 1139
410 384
7448 317
7534 1479
3204 252
3777 7706
302 5214
517 952
222 942
533 7703
935 7531
7628 7472
4173 1139
4460 6480
317 993
7081 4853
7118 587
4159 646
5967 6774
6279 6090
3929 1727
7171 7170
627 6977
6363 7308
370 7653
7682 6120
2325 7707
6092 7490
6899 6737
488 6540
2162 7577
5099 3781
437 3643
6216 6550
7515 3075
2208 3978
884 1090
7558 6617
4908 7330
6679 6654
6065 6088
6050 7405
6028 6767
6962 7084
2417 76
7708 470
6411 6048
5746 2769
6583 7317
7709 7710
6810 7061
7328 405
1569 892
777 6898
7118 5186
2748 1375
6861 4163
7088 540
4412 6131
4183 6819
1050 90
7390 6093
6131 6043
169 1155
3262 3029
5970 6298
5075 5928
5185 7568
7250 946
7058 6513
7698 15
6965 7149
6381 3725
2277 1333
5075 1163
5835 570
7393 2775
7711 4855
2123 7712
5791 7713
6986 6160
6402 5944
6403 7366
1093 103
7638 2162
7699 7481
6733 6496
6785 6678
3944 3899
1412 5928
6682 6248
5590 5808
7714 7715
3897 6981
5944 1124
7081 7703
7096 1778
7716 940
7717 5129
712 7678
7054 644
3725 3954
6100 6562
6434 6140
7251 7416
4353 4259
6124 3787
308 32
954 6685
7475 7227
1061 6077
6751 4919
1151 42
6146 1288
633 158
1395 7718
5225 7274
674 7162
7452 6763
7194 6894
6837 2417
4062 3744
6067 7673
3219 1605
3607 6511
6707 3730
7277 5281
1372 1684
6387 6551
7390 218
7417 6236
801 107
308 3621
765 3124
7719 7720
6279 6016
2179 5359
5214 2451
7006 1350
7227 7476
34 3009
1618 7446
522 4625
6136 6767
5924 474
6017 6342
7393 6640
7288 6876
5911 6485
388 5651
3741 3332
7332 6607
6027 6137
3749 317
6867 3027
6029 5928
892 1716
3148 5848
1106 304
1735 1255
5424 5928
6809 7575
651 1918
7390 433
2385 6417
1673 5849
1372 6240
4035 5819
6460 6464
4908 1190
6800 1254
7310 3493
3574 3385
3257 695
3229 409
4618 4811
7457 65
718 116
7619 6627
4075 5006
1144 2790
5996 7174
34 47
5076 5425
6435 7282
6279 6152
7551 1833
5985 4831
1833 7689
1833 3781
5800 647
7721 7722
5675 966
5854 4145
7430 5845
7419 405
7580 6391
3229 6375
2026 3328
6738 7022
1395 830
6191 4736
3487 946
1660 7053
6394 7443
6348 6722
7214 6124
1705 6939
7156 7357
7415 6498
1378 7324
7322 7530
7548 7443
7618 158
7498 4838
2830 1119
6648 6194
1253 3764
4611 976
6675 7403
47 336
6913 7104
7723 7724
2898 5907
437 24
237 2005
7725 7726
176 266
6137 6552
7410 6161
617 308
7023 3379
5152 1244
1342 3020
4786 6874
6133 6084
6094 5921
5924 3411
6015 6852
7673 6954
1372 1154
6875 3289
6615 6604
3302 1673
7648 4542
6662 1605
6912 7150
6552 6028
6193 6302
7277 4777
5844 7430
6141 587
6383 6324
3777 2805
4069 5860
5745 4688
6428 4216
3468 3295
5018 7568
3607 3295
6742 4522
4427 6022
5901 5848
7485 751
32 6179
4789 6642
302 90
2562 6919
778 6053
5781 824
1719 913
2157 163
6986 7200
3351 6596
5221 5453
6797 179
5950 6892
935 3463
2176 7128
6619 6758
647 5214
1684 1373
2651 582
6646 4008
7727 51
6163 4138
712 7676
2005 2305
6521 158
488 413
7337 6669
5991 2985
6470 3777
2795 6112
984 966
6350 6016
7728 840
7006 6244
1833 4005
6805 3615
4975 5428
4020 1061
3025 3026
7065 6271
1718 2947
1656 1657
6300 6414
6688 51
478 176
7693 1155
6733 6420
6505 2521
1666 7043
1061 128
7400 2364
6061 6706
6133 6706
224 122
829 3891
1682 1685
6754 1392
6648 6052
2393 1367
6274 5626
6960 6645
3179 3468
1071 3029
7729 7730
6607 646
2647 7579
6291 6314
6076 3099
4303 4279
7112 7485
6650 6387
7684 7645
6491 6250
2482 7057
7023 6188
3534 3117
3643 6610
6369 4537
6318 5927
6895 6024
4460 6013
7425 5941
2318 7655
7298 5895
3359 2652
6877 6175
6097 6007
7186 6236
6314 6690
7564 2326
1276 7278
1473 3777
848 775
1719 6853
1276 7050
4368 2479
7131 6273
1020 7441
1093 2782
7731 6862
81 7553
3359 6250
2129 6919
5868 5851
2748 4504
3503 413
6244 1350
596 5494
6635 7305
7532 6749
1347 128
2682 7135
7066 6151
6133 6060
4546 4051
6014 7424
7552 5517
6963 7084
5940 7425
6092 7390
6373 6130
6674 7732
4169 6656
1151 913
1347 3099
7488 4776
5988 175
2558 4370
5854 7538
6279 6350
6875 3446
7447 6640
6861 7731
801 7733
2122 7712
3600 7674
472 6077
7178 7084
5967 7538
4750 770
6621 5170
7617 7315
6158 6777
151 6142
647 4371
6890 8
222 6486
4618 4520
6481 6195
591 7158
4789 5927
935 7331
3691 3262
7506 7625
3190 7406
6534 6069
892 4602
7669 6229
412 279
647 44
5981 6158
5675 704
7175 2029
6015 6351
6619 4041
6332 6090
5464 6935
4399 4427
2532 6378
6291 6028
2417 5932
3317 984
7304 6636
1682 1061
1050 44
1069 7607
6528 7097
6247 6333
7578 7210
4942 7059
15 3112
7552 51
7713 5111
756 7453
5925 6462
6281 6557
7100 635
32 6004
7353 7264
185 1700
7734 7735
7230 6659
31 7629
2060 2005
7310 3392
6195 6052
4376 587
4546 4052
7731 4163
6378 169
6674 4505
7560 7190
2555 7638
7736 7737
1682 2898
6890 5950
6172 3099
1498 2095
165 4629
2215 1148
1743 1036
2006 151
44 1384
7628 7530
7437 317
6648 6051
6180 1288
4195 3615
7738 7739
6648 6439
582 1208
3042 1255
472 6237
6358 6236
7740 7741
3251 1644
1498 3561
7101 635
6076 2898
5773 750
5226 7275
5902 7668
3389 6971
7191 3009
6619 3307
7550 3604
4106 1114
222 934
6165 6195
6177 7352
2748 5282
7620 2305
7570 6189
7584 7642
4742 468
6115 704
7090 2170
