82 5885 6713 10205 
3446 3473 4073 6125 6126 8620 9774 
9243 9775 9776 11576 
134 215 4593 5152 10871 10872 
6839 7511 9777 11047 11183 
317 587 9778 11189 
1824 2246 2540 2647 4464 4501 5141 5243 5473 5557 5632 5688 5914 9779 9974 9976 10514 11562 
888 2476 5067 9505 9780 
8232 9781 11159 11579 
2811 8984 9782 11398 
9783 9784 10979 10980 
349 2875 9785 9786 9852 10177 10878 
627 8890 9363 9788 11161 
2927 4390 9171 9789 11380 
574 1155 3684 6278 7757 
3373 5911 9623 9838 9839 
2962 2963 5444 9792 9793 9871 10272 10273 10468 10476 10988 
7358 9794 9795 10131 11480 
314 4983 5939 6191 8561 11108 
9796 9797 10053 10054 11059 
2504 9798 10420 10427 10640 10641 10676 
9799 9800 10451 11566 
3154 3781 7758 7759 
1375 1376 2044 3814 11511 
150 2344 2886 5966 9801 9886 9908 10086 
222 523 2340 2486 4365 9802 9803 9813 9936 10981 
1347 1685 2898 5144 9806 11082 
6935 8733 8927 9036 11397 
4422 4423 5129 11112 
933 4723 9807 11580 
34 946 2278 3009 7191 9809 
9810 9811 10666 11315 
1718 1719 7767 8011 10307 
388 1378 1722 7360 9692 
222 942 2417 2983 4045 7782 9931 
913 2558 3218 3396 9812 
192 265 278 3100 
355 9814 9815 10691 
616 1571 4399 6043 10253 
4453 4454 6153 7291 10351 
2290 6681 9816 10747 
322 412 3189 9832 10221 10329 
1367 2096 5056 9044 9817 
763 923 3113 3114 7882 
2857 3531 9818 10143 10601 11103 
6301 6857 9819 11187 
9822 9823 9882 11018 
1155 2532 6003 7032 
762 1526 2249 2344 10777 10955 11106 
6038 6140 9827 9834 10593 
195 882 4902 4999 9831 
279 1027 1402 3189 3191 9832 10101 11085 
569 3078 9833 9985 9986 10027 10283 
1459 9835 9836 11090 
675 2766 3075 3700 3745 9837 
2516 3710 6310 6628 7296 7904 11083 
9271 9388 9840 9841 10056 10470 
317 587 2822 7155 8170 10950 
920 2558 6812 7405 9842 
222 2037 3115 3548 9843 10541 10868 
819 4294 4295 4481 5316 8681 
51 52 1137 2372 5027 5060 5209 5517 5952 7854 7986 8028 
5238 9845 9846 10475 10665 
805 5565 8991 9847 9848 
2569 9849 10781 10782 10807 
3717 7807 10758 10968 
82 151 1808 1833 3021 5038 7808 7828 10146 10400 11616 
8528 9853 9868 10156 11384 
163 365 1129 5798 5966 6186 8067 
163 4243 9854 9855 
1605 2982 9856 10158 10166 
152 1255 1735 7155 9857 
6723 6724 7815 8804 9957 10066 10067 10491 10568 10729 10730 
68 222 522 1281 2417 4481 
816 3216 9862 9863 10003 10125 
72 410 2748 3068 6397 6766 9896 
816 3216 3730 8300 9654 9865 10048 
1244 1322 2463 3439 4040 9866 10005 10040 
440 731 7827 8087 9120 9915 
245 317 4602 5186 5945 
70 433 2738 9869 9870 10822 
134 3444 3862 8312 11122 
5015 5679 6488 9872 
9873 9874 10129 10431 10884 
9875 9876 10962 10963 
1800 3112 7148 10072 11329 
308 1939 2669 5747 
984 2941 3447 8130 
395 4874 7843 8280 
1072 4518 4640 10081 
6570 7001 7532 9877 
1209 9259 9501 9878 9879 10330 10357 10704 
778 3292 4520 4712 11422 
409 3229 3294 3468 6115 9883 10345 10365 11095 
1325 1609 3197 9237 10190 
105 826 4392 4890 4957 7848 9104 11069 11321 
29 5119 9885 11077 
280 2170 3303 5491 
8697 8825 9887 10763 
1915 9762 9888 10390 
647 1015 9889 10954 
9890 9891 10123 10671 
152 801 1735 6370 9898 
9899 9900 10718 10948 
176 3646 3647 4159 7877 7984 8081 
9904 9905 10970 10991 
8708 9912 10179 10589 10765 11011 
2591 2978 3714 9913 10290 
6067 8771 9914 11027 
32 4505 6673 8448 9916 
1242 9918 9919 10638 
9921 9922 10185 10304 10309 10310 10762 
191 5763 9923 11139 
974 3748 5237 9925 10251 
9340 9926 9927 11192 
1 81 4988 9989 10369 
827 991 8084 9928 
116 573 952 1114 9969 11107 
4693 9932 9933 10064 10065 10112 10446 11021 
158 532 997 9935 
2410 8341 8609 9937 
280 2170 9938 9939 
9940 9941 10126 11041 
302 4137 7905 9737 9942 10548 10690 
468 2636 9943 11383 11538 
222 976 1711 9944 11401 
4966 7204 9521 9945 9946 10111 10959 
299 2330 5988 7073 10629 
9947 9948 10075 10076 10734 11030 
34 799 946 3487 3488 8111 9118 9949 10294 
8004 9950 10037 10217 10218 10319 
1347 2898 8239 9952 
151 893 1144 2790 7367 
3292 4461 4618 4712 10048 10838 
2278 5951 10415 11111 11233 
1034 2743 9954 10496 11117 
9955 9956 10098 10099 10174 10598 
984 3214 4104 4900 6330 6513 9958 10530 
3446 4120 4817 7985 8620 9145 10191 
1453 9959 9960 11442 11502 
7039 9961 10753 11185 
388 9964 9965 10238 10892 
755 819 990 2990 5819 6644 7917 10199 10224 
902 1089 1363 1716 4041 4664 5363 
933 1492 4634 4723 8292 9366 10919 11575 
9970 9971 10124 11488 
9972 9973 10299 10300 10949 11052 
382 698 1985 10645 
2558 4370 9975 10266 
82 3570 3571 7268 9977 11081 
7936 7937 8118 11515 
9981 9982 10029 10931 
7297 9983 9984 10804 
9990 9991 10180 10181 
923 5807 9992 10686 10687 
176 888 4670 4671 5067 
156 3084 4045 9137 
819 5144 8044 9994 9995 10215 10395 10655 
116 1114 4106 10257 11593 
651 2087 3219 8309 10348 10814 11234 
9996 9997 10142 10958 
9999 10000 10343 10353 11310 
2907 3522 5222 7027 10882 
16 8010 10001 11555 
22 31 1092 7987 
521 7470 10002 10295 
1602 3150 6906 10004 
1605 5631 10006 10007 10651 
1714 3793 4874 8659 
37 2818 3196 4035 6667 9344 10008 
557 3357 10009 10060 10573 
257 1251 2021 2757 
973 1498 2022 2461 6367 10462 
1527 2488 10013 11028 
5119 5490 7965 8754 
65 192 10014 10015 10494 10524 
616 1571 1594 10018 
72 410 4976 9086 11325 
10022 10023 11006 11100 11522 
3862 7971 7972 10324 11450 
4284 7973 8056 11140 11198 
3862 10024 10025 10623 
1603 2495 8089 8148 8516 10026 10230 
591 718 3027 10223 10596 
1378 6438 8290 9394 9692 
155 651 3120 8309 10028 10214 
44 6130 6373 6374 9432 
4605 5332 9354 10711 
886 1155 3769 7975 10752 
265 5253 6134 10940 11375 
10034 10035 11328 11710 
491 1904 10036 10788 10789 
10038 10039 10772 11410 11434 
10041 10042 10406 10588 10632 
6370 7155 7985 10529 
893 3166 10043 10440 10794 
4400 10044 11327 11540 
4654 10045 10046 10332 10437 10830 
1719 5785 10047 10051 
2359 10049 10050 10136 10441 10442 
410 1077 2748 4183 
1113 1292 3995 6430 10378 10696 
32 3996 5391 9407 
5150 5151 5549 10052 10942 
1775 5845 10113 10135 11263 
10057 10058 10611 11275 
19 151 152 855 952 2733 2825 4740 6547 7924 10059 10400 
3 10061 10624 11280 
3705 8467 10062 10670 
2463 3014 5409 8729 
778 4675 4806 10063 11020 
3332 3741 4773 6568 10480 
827 828 10163 10249 
6177 6178 6566 7352 
308 2669 2682 6541 8909 
32 674 1047 1333 8021 
5509 8023 8387 8649 9278 
665 1243 1313 6929 10077 
10078 10079 10751 11543 
826 4392 4848 10488 
3761 3985 8030 8061 10359 
4480 10083 10084 11004 
1003 1004 1543 10085 
10088 10089 10383 10384 10846 
10094 10095 10895 10896 11002 
1383 6832 10100 10669 
855 5179 5827 10103 10157 10192 10297 10477 10547 11040 
16 122 224 1074 6310 6796 10430 
952 2636 6888 10105 
570 10106 10716 11632 
31 1113 7629 10107 
151 964 4284 8056 10108 
5444 10114 10115 10160 
9420 10116 10117 10133 10198 10285 
10118 10119 10424 10479 
5864 10120 10121 10604 
1273 2781 4964 10122 11530 
1367 3913 6228 8281 9044 11278 
6229 6230 6847 7040 
265 3178 3453 5253 9667 10746 10930 
317 5951 9323 11111 
10127 10128 10759 11065 
447 3730 6516 10130 
1092 6150 6556 10132 10333 10334 10554 
412 1705 2907 8357 9184 
104 468 1709 2636 11538 
9420 10133 10134 11343 11367 
973 974 2130 3748 10195 
10140 10141 10187 11162 
279 1046 3141 7351 
884 1089 1716 3112 
1033 8098 8370 11347 
116 573 1367 9378 10647 10866 
1714 1820 1935 3793 
1473 3140 5031 10154 11609 
91 3035 10155 10489 
4496 4883 9130 11274 
1852 5705 10165 10865 10904 
3318 3862 10167 10168 
2162 9052 10169 10512 
2636 10170 10171 10474 
775 2375 7594 10172 10933 11129 
15 1062 1321 1347 1673 5833 
10175 10176 11226 11484 
1714 7664 10862 11105 
8912 10182 11204 11430 
3572 3573 9508 10819 11113 
2354 2824 9535 10188 
1069 4942 10189 11001 11352 
10193 10194 10820 11158 
103 266 278 9344 10197 11156 
2249 10200 10262 10700 10701 10791 11072 
828 2364 2599 10201 
778 4378 4911 7249 10202 10877 11338 
10203 10204 10538 11503 
82 3570 4474 10208 10452 11067 
10209 10210 10325 11064 
176 810 888 2420 2950 3934 4218 7984 8318 8832 10015 10211 10212 10409 11137 
3425 3944 3976 10256 
2928 9846 11252 11253 
1735 2391 6370 7155 8170 
30 643 9758 10216 10679 
1151 1722 6320 7360 10250 
1114 1144 1213 7811 8163 10222 
257 10225 10226 10990 
647 892 10227 10550 11382 
8182 8183 8975 11376 
2928 10231 10232 10303 10639 
7883 8785 8786 9159 10233 11060 
3450 3862 10234 10501 
816 2483 3216 10239 10240 
7429 10241 10242 10364 10463 
867 4259 9112 10243 10636 
218 7390 7391 10244 11019 
52 317 4631 6278 
199 6575 8200 10599 
433 861 9870 10252 11212 11273 
2401 10254 10289 11578 11630 
3292 3293 10239 10255 11145 
2920 9988 10259 10839 11557 
372 3722 4056 7109 
524 606 764 765 10854 10964 
15 4404 5277 6299 10264 10344 10745 
4556 4702 4806 5546 10265 10421 10683 
570 1069 1144 1467 4912 4942 7032 7910 10267 10396 
42 6318 9914 10274 
237 295 826 1924 2060 2274 2305 6606 9627 10275 11016 
10278 10279 10466 10467 10609 10610 
1276 8404 10974 11188 
596 1714 4193 5340 9858 
246 892 4368 8236 
6903 7130 10298 10764 11601 
556 2691 10301 10302 
5921 6094 6411 10561 11160 
3429 4500 10308 10488 
819 1835 7541 8681 11116 
155 3035 8309 8734 10316 
2639 10317 10318 10528 10927 11414 
10322 10323 10821 10907 
1395 3445 5828 10326 10941 
992 2255 9437 9705 10327 10352 10708 10737 
952 1808 2241 2581 3771 
6749 7532 10331 10594 
10335 10336 10901 11283 
3710 9087 10360 10620 10637 
10337 10338 10374 10972 11029 
450 4133 10341 10726 10906 11087 
8296 8297 8916 9127 10443 10553 
1644 3252 4522 8291 10347 11039 
10349 10350 10531 10532 
796 6132 7426 10356 10715 
712 1114 1144 1467 3725 4106 6166 
935 3463 6371 10362 10363 
1121 1287 10857 11245 
10366 10367 10597 10712 11381 11441 
278 362 6448 6822 9135 10368 
10370 10371 10429 11326 
2008 3027 7222 10372 
19 82 151 3946 7043 
10375 10376 10587 11483 
37 6190 7539 8724 8725 
344 933 934 976 3049 6524 
5833 10379 10380 11191 
10381 10382 10786 10787 
4983 8019 8232 10385 10386 
103 362 1333 1711 7064 9502 11569 
935 3770 4283 6371 8461 
187 1169 3392 7125 
984 3643 4955 10836 
2156 10402 11170 11171 
10404 10405 10663 10773 
5075 5076 5221 5453 10621 11078 
959 1093 7970 8435 
357 6633 6634 6885 10408 10826 
29 2506 5119 10410 
798 10413 10414 10519 10520 
265 1916 2029 7175 
984 8729 9369 10714 
10418 10419 10723 10724 
488 1684 3049 5705 
134 215 587 2503 
278 362 2255 3725 5505 
10425 10426 10938 10939 11262 
10434 10435 10537 11403 11585 
151 952 1673 5333 
801 1765 2130 2442 
8026 9624 10436 10891 
5238 10438 10439 10874 
130 7798 7819 10813 11096 
1039 10447 10525 11314 
362 1438 10450 10867 
437 811 3643 4012 5491 
151 3846 6705 10456 
6947 10457 10458 10998 11307 
6606 7303 10459 10460 10790 
365 1129 5244 6521 
394 1408 2495 8463 
648 762 8671 11368 
750 5662 6723 6724 8279 
1347 5551 5610 8565 
763 923 7882 10473 10997 
1800 8436 10072 10682 
1682 1823 2445 3351 6596 
502 636 10619 11408 
1717 2559 8450 9326 
718 1900 3027 9656 
155 1375 2044 2116 2876 11511 
8650 8651 8821 10487 11138 
7143 7144 10493 11353 
7056 8548 10497 11573 
964 7955 8355 10498 11102 
278 362 1727 5505 8472 
8354 9262 10509 10556 11213 
1929 4797 5955 9709 10805 
1660 6630 6631 7053 
349 7748 10517 10518 10546 
1655 3862 10521 11335 
1383 8539 10658 11537 
9599 10522 10523 10574 
590 5489 9850 10151 11154 
24 2726 4250 9573 10533 
597 952 1304 10536 
2335 2363 3696 10162 
222 344 759 9206 10539 
10542 10543 11341 11366 
10551 10552 10855 10856 
24 471 1741 9897 
790 992 4574 10555 
10558 10559 11505 11590 
10563 10564 11363 11512 
289 1425 10566 11197 
8733 10576 10577 10916 11345 11346 
651 652 10581 11507 
37 3196 8064 10582 11152 
10584 10585 11411 11412 
2501 2833 8539 8540 
10590 10591 10795 10905 
824 1148 8547 8548 
1209 1673 8716 10592 11634 
1085 10602 10914 10915 
10605 10606 10776 10911 
151 280 437 5491 
1673 4633 5849 10607 10608 
3429 8616 9077 10612 
10615 10616 11261 11553 
9017 10622 11487 11504 
218 433 7390 10630 10631 
349 7428 10633 11190 
257 2534 6729 8203 11648 
10642 10643 10710 10769 10771 11499 
4 777 6898 6988 10644 10717 
1587 9101 10649 11147 11276 
801 5381 10650 10768 11271 
443 1213 2183 10652 10977 
824 1148 10656 10657 
10659 10660 10713 10889 
774 3429 7032 9269 10664 
6628 7296 8612 11490 
1114 1467 2532 6954 
113 10678 10725 11022 
522 1270 10680 10681 11342 
30 1915 5806 9662 10692 11071 11673 
2060 4122 7021 8665 
604 1127 10684 10685 
246 8236 8756 10694 
82 134 215 5479 
536 5432 10705 11393 
155 3120 10721 11178 11475 
1467 3749 6520 9288 11357 11379 
116 517 573 3427 10082 
122 704 5164 5780 
648 1347 2898 10735 
6929 10736 11337 11602 
2220 5746 5747 8026 
28 3493 9082 10738 
10740 10741 11055 11211 
258 410 6667 10263 10742 
3049 3884 5415 8572 10783 
10748 10749 10761 11639 
320 4650 5008 10766 
710 10770 11494 11627 
9954 10774 10775 11177 
10778 10779 11146 11205 
438 477 10824 11164 11228 
5063 10784 11574 11613 
627 674 5750 10792 
15 816 6299 10793 
433 647 4384 8795 
3506 4008 5466 10920 
9269 10800 11305 11497 
10802 10803 11150 11282 
286 569 811 965 3078 3342 
47 850 10806 11015 
7760 10818 10965 10966 11737 
1169 7510 10827 11026 11056 
72 410 648 11231 
151 1047 2393 9276 
10844 10845 11084 11311 11592 
10847 10848 10956 11089 
2643 10850 11219 11220 
6519 7633 10851 10886 
758 759 2142 10861 
298 10875 11426 11606 
3777 7706 10883 11132 
2042 2691 8729 11099 
3374 10887 10888 11640 
151 216 952 4093 10893 
10139 10245 10246 11378 
10898 10899 11532 11533 
2577 2795 10900 11215 
4317 10913 11134 11610 
7389 8886 10926 10951 11034 
151 437 984 2393 3643 5854 
1139 3792 4173 10560 10929 
6606 10960 10961 11372 
495 659 4545 11209 11340 
1705 1804 6939 10989 
1719 4725 4837 6826 11012 
187 8679 10999 11000 
317 587 2651 11036 
9766 10502 10586 11689 
65 192 5195 7457 
151 1367 2393 11005 
3491 4718 4810 6923 
4806 6402 7836 11014 11203 
826 4605 5263 5332 11386 
657 9292 10064 10453 11281 
11037 11038 11066 11098 
3252 4522 7968 8689 
1378 11086 11157 11373 
824 1148 5301 5999 
28 3392 7310 11114 
1666 4241 8258 11115 
1273 2781 7209 11136 
750 952 7167 8279 
573 4942 9378 11448 
597 3729 6707 11175 11344 
6416 8503 9978 9979 11186 
740 11196 11264 11279 
6430 6431 7241 11728 
9271 9272 9388 11255 
10663 10773 11229 11424 
11235 11236 11449 11653 
475 5835 7001 11638 
573 1151 3427 6472 
950 2916 10186 11216 11435 
122 704 7859 11285 
1548 11293 11294 11333 
1528 11306 11415 11427 11437 
2561 2562 11358 11407 
27 28 3392 11392 
7926 9010 11389 11390 
188 7310 9402 10978 
1849 8268 9406 11200 
1209 9682 11423 11761 
9947 10076 11447 11702 
11509 11510 11534 11541 
10416 10417 11176 11583 
1331 8478 9953 11517 
10515 10516 10924 11120 
4173 10603 11290 11659 
1567 3522 10097 10709 
1636 1637 11685 11752 
687 2614 7090 7237 
935 4261 5785 11684 
921 8881 9245 11690 
9790 9791 11238 
77 78 149 
1128 4417 6127 
2041 9808 10407 
9820 9821 10983 
1536 9824 9825 
4049 9701 9826 
9398 9828 10757 
107 2780 9417 
6714 9844 10270 
9860 9861 10104 
2632 9864 11225 
9880 9881 11495 
7849 7850 10080 
1778 7852 10513 
2492 9892 10702 
7263 9893 10433 
9906 9907 10032 
9910 9911 11501 
1342 9329 9917 
1610 1611 4590 
7622 9934 11179 
3894 9951 10849 
9962 9963 10918 
6199 8604 9968 
7921 7922 10033 
2801 9987 10688 
3368 9193 9993 
634 7952 11400 
9494 9530 10010 
10011 10012 10817 
10016 10017 10780 
10020 10021 10946 
2337 5973 10812 
10030 10031 11218 
10068 10069 10744 
10070 10071 11603 
820 984 6964 
3205 6694 10073 
2106 4219 10087 
1190 9332 10090 
10092 10093 11473 
722 5018 10096 
10109 10110 11051 
951 6217 6218 
1705 10144 10145 
10147 10148 10628 
350 9897 10149 
1303 8452 10150 
10152 10153 11577 
3763 10159 10484 
2692 7014 10164 
1025 10173 11017 
5958 5983 6287 
1190 10183 10184 
2336 10196 10843 
10228 10229 11356 
256 4956 5394 
4312 6346 11735 
45 4282 10258 
10268 10269 11362 
10276 10277 11531 
4398 10280 10281 
4511 4951 10282 
10286 10287 10922 
10291 10292 11035 
8224 8225 10695 
10305 10306 10377 
10311 10312 10910 
5894 9390 10315 
2234 10321 11614 
416 10346 10354 
8035 8306 10982 
8633 8634 10355 
5317 10358 11701 
4786 6874 8313 
935 3825 3988 
369 4649 9438 
94 4911 8330 
10393 10394 10945 
4367 4993 10397 
10398 10399 11599 
10411 10412 10472 
4792 7703 10699 
10444 10445 11722 
5094 5272 7027 
10454 10455 11652 
10464 10465 11740 
6495 10312 10471 
1274 10483 10540 
4005 10485 10486 
1083 10490 11399 
1407 4124 10495 
2604 2950 10499 
2575 10500 11336 
3610 10503 10504 
10505 10506 11420 
10510 10511 10808 
5252 10534 10535 
657 7340 10342 
1020 3848 10693 
10138 10139 10549 
6 5375 10562 
10570 10571 11050 
2756 10572 11104 
2326 10578 11121 
2290 8497 10579 
6695 6696 10580 
1818 3586 10583 
1605 3282 6173 
5042 5043 10600 
1763 10613 10614 
5046 10617 10618 
4869 10626 10627 
190 2052 10635 
3148 3359 10646 
1372 10648 10739 
8605 8606 11268 
3361 6743 10943 
10653 10654 11195 
712 4823 5838 
1332 10675 11773 
175 872 4964 
1709 4051 7610 
10706 10707 11670 
3869 10720 11075 
10727 10728 11554 
1518 10731 11232 
10732 10733 11591 
1384 2675 10823 
7051 9029 10743 
3656 5521 7253 
492 3058 11246 
384 3178 6820 
2094 10754 10755 
8673 10756 11135 
1794 6588 10760 
3782 4822 11223 
740 9924 10785 
557 6770 7330 
10796 10797 11144 
10798 10799 11074 
10815 10816 10873 
1072 4748 8719 
10828 10829 11076 
7570 10831 10832 
2482 10835 11097 
1430 9061 10837 
3650 10840 11536 
10841 10842 11182 
10852 10853 11493 
10863 10864 10890 
974 2093 8861 
4118 4119 11500 
2136 3862 10894 
4537 5227 11625 
10908 10909 11010 
2410 4460 6012 
105 3283 5636 
1295 10923 10976 
10934 10935 11100 
1124 10936 11762 
1207 1983 11118 
576 2255 10944 
3061 10952 10953 
349 2668 6347 
996 10967 11595 
2286 5918 10973 
10986 10987 11558 
10995 10996 11123 
189 9684 11003 
11008 11009 11297 
11024 11025 11128 
8173 11031 11409 
5245 7154 11045 
826 9570 11046 
11048 11049 11770 
5981 6777 7033 
5528 11061 11239 
11062 11063 11316 
1585 11070 11436 
1243 9787 11073 
966 6953 7099 
6341 11088 11631 
2337 10667 11092 
11093 11094 11377 
8204 8794 11230 
1552 11109 11110 
2950 4877 10567 
4081 11126 11127 
11130 11131 11330 
4272 9048 9139 
691 9142 9187 
299 5682 10361 
1336 9176 11142 
11148 11149 11586 
3555 3957 11151 
9717 9974 11153 
371 11155 11612 
32 2782 5258 
257 9473 10161 
11165 11166 11565 
892 9859 11184 
62 2211 4059 
11193 11194 11742 
1071 9235 9534 
371 3472 8162 
3331 6209 6479 
5681 11214 11404 
10419 11119 11217 
771 4494 8036 
9424 9537 11240 
5441 7562 11241 
7630 11242 11572 
11247 11248 11256 
5033 5912 11254 
11259 11260 11453 
4060 7902 11455 
3953 11284 11641 
11286 11287 11513 
11295 11296 11485 
6743 11270 11299 
11302 11303 11339 
1851 2359 5866 
11312 11313 11496 
9908 9909 11272 
11317 11318 11319 
4769 9704 9705 
65 1068 10492 
2436 9351 9580 
11331 11332 11594 
11348 11349 11374 
10171 11350 11351 
712 2948 7603 
10732 11143 11370 
11387 11388 11611 
4798 7262 11394 
1808 4982 9620 
1046 2502 4138 
1994 2504 11417 
395 1449 5644 
923 2268 11429 
308 617 4686 
2869 11438 11439 
828 4577 8667 
7255 11446 11474 
1105 2690 3936 
11456 11457 11693 
4977 4978 11462 
11463 11464 11598 
11468 11469 11649 
756 757 11470 
11471 11472 11623 
3093 3641 11476 
4931 8733 11478 
1666 9220 11023 
805 10672 11486 
904 1537 9546 
413 1276 9920 
10185 11125 11227 
938 3610 11514 
7795 9420 10137 
1727 5313 11419 
5836 5837 9529 
2989 4647 11551 
5265 5266 11675 
10284 10285 10401 
10780 11461 11481 
3368 4573 9254 
2375 11224 11359 
115 816 8178 
1923 2463 10565 
11587 11588 11626 
10832 11385 11589 
913 2478 3708 
495 10320 11371 
5464 5465 6935 
657 7779 8611 
11607 11608 11668 
951 10481 11199 
1660 10971 11210 
3224 7581 9625 
11618 11619 11738 
2045 2566 11620 
1062 6610 11621 
5143 9375 9783 
11650 11651 11736 
191 5350 5619 
3717 3838 11518 
11662 11663 11744 
10827 11141 11529 
855 3840 8899 
3027 10928 11671 
11676 11677 11691 
2179 3976 10897 
11679 11680 11692 
1342 8077 10969 
11697 11698 11776 
2029 5009 11364 
1071 9155 11718 
801 1441 11655 
827 10557 11654 
105 10403 11421 
2305 7620 10937 
5591 11756 11757 
1395 8288 10019 
848 3075 6047 
2376 10689 10690 
828 3964 11709 
4278 4786 10767 
7144 11202 11489 
387 388 8628 
