1 2
3 4
5 6
7 8
9 10
11 12
13 14
15 16
17 18
19 20
21 22
23 24
25 26
27 28
29 30
31 32
33 34
35 36
37 38
39 40
41 42
43 44
45 46
47 48
49 50
51 52
53 54
55 56
57 58
59 60
61 62
63 64
65 66
67 68
69 70
71 72
73 74
75 76
77 78
79 80
81 82
83 84
85 86
87 88
89 81
90 91
92 93
94 95
96 97
98 99
100 101
102 103
104 105
106 107
108 109
96 110
111 112
113 114
115 116
117 118
119 10
120 121
122 123
124 125
126 127
128 129
130 131
132 133
134 51
135 15
136 137
9 138
139 140
141 142
143 80
144 145
146 101
147 148
149 78
150 122
151 152
153 154
73 57
155 156
82 116
157 158
159 160
161 162
163 164
165 166
167 168
116 169
110 97
170 171
172 173
174 32
144 175
176 177
178 179
180 181
182 183
184 185
186 70
187 188
189 56
190 191
153 35
192 168
193 194
195 196
197 198
145 70
199 200
201 202
203 204
205 206
153 70
207 208
209 210
211 212
213 214
215 216
217 218
153 175
219 220
221 109
222 170
31 223
135 224
23 225
226 227
228 229
230 231
232 233
75 234
235 236
237 238
239 240
241 242
243 244
245 246
247 248
249 250
251 224
252 91
253 254
255 256
257 258
259 260
258 261
262 114
263 264
265 266
267 124
268 269
270 271
272 273
274 275
276 277
65 278
175 279
102 280
281 282
283 284
250 285
90 252
286 287
288 289
290 291
62 292
293 294
295 296
297 298
299 300
301 42
144 234
302 177
303 304
305 306
307 80
308 309
310 311
69 175
312 313
314 315
144 154
316 317
84 318
319 320
321 322
323 324
9 127
325 326
108 62
274 327
328 91
329 330
331 216
262 332
333 334
335 336
154 337
34 338
339 322
340 320
193 58
341 342
343 214
222 344
345 346
347 348
21 349
350 24
65 351
352 353
354 355
356 82
117 357
358 359
318 360
81 169
361 58
362 266
363 364
163 365
89 1
366 367
368 369
370 371
372 373
374 375
376 377
378 379
380 381
31 382
383 384
181 234
385 386
387 388
389 390
118 391
392 393
394 395
396 201
397 398
399 116
400 401
402 403
9 404
405 406
407 408
329 409
383 410
240 411
412 413
146 414
228 415
416 18
417 139
418 419
241 420
421 422
265 316
423 371
424 425
361 57
72 176
426 427
428 429
430 431
432 433
9 434
435 436
437 438
439 440
441 442
443 444
445 446
447 448
449 450
451 452
78 453
454 337
455 456
457 458
131 459
460 461
462 463
45 44
464 38
465 466
467 468
469 456
470 261
175 75
362 471
472 128
414 473
474 475
230 476
437 477
478 257
479 480
481 317
482 476
1 81
483 450
484 485
308 486
487 469
488 278
259 489
490 491
18 492
361 73
493 494
362 103
272 196
495 496
497 498
499 500
501 502
503 504
505 376
506 116
507 508
191 509
35 337
510 511
512 307
513 514
515 384
516 162
31 517
518 519
279 292
520 521
522 523
524 525
24 526
527 528
467 104
348 529
530 531
532 533
534 214
535 306
536 537
538 539
540 541
542 543
400 544
545 546
547 548
203 549
262 357
550 551
552 553
554 555
417 140
17 492
144 186
82 444
556 557
558 559
560 561
562 563
564 315
565 566
567 568
31 443
569 87
570 555
176 571
572 573
337 76
574 104
67 575
576 577
578 293
35 154
579 580
581 582
583 384
584 585
586 587
588 589
590 591
592 593
594 595
596 597
598 217
599 378
600 601
602 132
603 604
139 605
241 606
607 608
609 610
36 234
611 405
61 108
612 236
613 614
615 616
617 618
96 619
153 181
620 621
273 196
622 609
117 332
623 125
288 221
624 625
433 626
627 628
75 186
629 630
180 75
349 589
631 377
632 633
634 420
635 349
334 526
636 637
35 76
81 115
638 380
192 82
175 639
239 640
153 76
391 114
641 642
30 643
540 567
644 645
176 646
441 647
15 648
69 144
649 650
651 652
653 654
59 120
655 656
657 655
658 659
500 660
661 662
663 664
510 665
666 667
668 114
669 670
671 672
356 591
67 673
674 675
676 611
124 623
677 678
679 680
602 133
681 78
682 78
683 130
144 454
681 435
684 685
344 686
687 688
689 74
659 690
691 692
693 694
412 223
695 696
697 650
698 176
279 70
699 700
701 702
703 704
293 648
705 706
707 708
180 76
709 710
293 228
711 378
712 713
714 671
331 215
715 74
79 716
689 58
578 717
718 591
598 719
289 720
721 722
723 229
166 724
305 427
151 665
725 726
727 145
728 729
65 647
51 730
598 731
69 153
5 732
3 733
44 46
648 294
689 193
734 376
735 736
737 738
103 739
740 741
37 742
743 2
414 744
199 745
746 196
144 337
747 748
749 750
717 294
751 752
753 80
144 75
754 755
756 757
758 759
760 761
217 439
218 719
762 763
442 647
764 765
766 248
767 14
293 415
143 307
768 711
650 769
505 770
308 771
772 773
257 362
228 294
727 144
774 775
776 603
3 777
478 265
19 521
778 779
780 781
175 145
116 782
783 346
784 785
648 717
786 787
155 696
588 349
41 788
789 790
721 791
778 792
793 610
419 794
79 307
25 795
796 797
13 798
71 646
34 799
506 800
801 802
551 803
253 804
35 186
805 563
806 807
808 809
810 811
812 813
15 72
588 635
814 815
285 169
116 816
714 672
238 817
818 819
820 55
447 22
10 404
821 699
772 822
8 823
340 824
36 154
825 826
102 362
827 828
829 830
386 831
254 832
65 266
443 399
451 833
834 835
836 480
578 294
837 838
839 840
841 842
75 70
843 844
845 724
846 571
847 428
3 348
848 849
850 851
852 853
854 52
855 856
857 858
859 461
36 181
222 860
861 862
82 587
363 863
59 847
864 573
824 865
866 282
150 251
118 332
115 82
757 867
868 869
57 74
870 315
853 871
872 873
874 341
875 876
167 192
877 413
242 878
879 227
251 123
535 880
881 491
866 281
53 544
677 8
251 15
882 746
745 51
883 179
884 698
885 748
215 886
887 246
478 888
580 38
26 889
859 460
890 891
16 122
892 893
262 117
289 221
894 729
77 895
896 897
632 158
898 899
195 273
896 900
538 901
902 107
818 903
293 717
617 771
904 905
906 311
907 591
1 743
327 164
908 386
909 910
911 522
798 14
912 913
914 173
63 915
916 917
918 919
895 78
120 60
703 122
920 921
19 922
755 923
163 275
59 429
31 82
253 832
340 848
924 925
756 867
926 927
928 929
69 186
930 931
314 932
71 177
81 743
933 934
935 151
251 135
936 937
711 379
938 939
940 941
942 763
943 944
454 76
945 679
668 391
946 338
947 121
220 948
949 893
186 454
760 950
892 265
951 258
952 953
627 793
886 216
954 955
175 35
750 956
632 957
588 22
958 224
959 960
961 962
742 580
174 382
963 964
517 315
190 509
965 966
668 357
105 468
124 664
967 968
969 970
219 283
814 971
479 972
973 974
975 976
977 490
978 979
912 315
980 981
192 278
982 179
983 984
985 795
958 150
203 986
987 883
988 170
315 989
990 755
768 379
991 179
574 468
992 993
426 880
70 994
955 995
770 996
997 957
694 929
690 998
772 999
215 1000
286 777
331 886
1001 1002
195 746
1003 1004
535 1005
116 591
216 1000
672 490
382 223
427 306
285 1006
1007 1008
691 1009
627 1010
453 436
1011 1012
1013 888
16 123
3 529
892 1014
1015 849
79 607
339 321
1016 160
148 1017
283 752
440 719
506 82
385 831
716 512
430 1018
1019 1020
82 782
441 65
401 54
1021 753
1022 309
884 176
682 112
578 229
447 349
1023 1024
174 223
9 119
420 606
1025 1026
959 257
177 583
877 1027
1028 1006
674 628
70 76
1029 1030
1031 1032
677 823
740 525
10 138
559 1033
121 428
473 1034
569 286
1035 1036
10 127
145 186
286 4
668 117
910 1037
896 554
299 159
31 462
153 337
365 327
833 1038
1039 1040
1041 1042
684 1043
673 575
671 1044
383 1045
62 639
1034 101
629 800
1046 1047
433 70
852 871
958 135
302 384
406 1048
340 1049
1050 458
1051 984
180 454
906 1052
412 1027
1053 315
770 377
223 32
141 834
501 1054
1055 353
72 1056
1057 6
15 522
783 345
749 956
1058 1059
534 1060
33 946
257 266
1061 254
347 3
761 950
1062 1063
361 193
1064 651
1065 1066
1067 960
62 279
308 1068
897 1069
341 1070
1071 152
122 704
1072 1073
1005 306
1074 589
1075 802
1076 1077
1078 658
534 276
1011 326
796 1079
147 1017
189 840
79 1021
1080 1081
1082 1083
59 947
1084 800
1022 1085
1086 95
228 648
911 1087
1088 800
1089 1090
602 1091
130 459
433 1092
977 672
1093 1094
682 681
1095 736
1096 1066
699 422
289 313
1097 1098
521 20
607 716
1099 978
512 753
1100 460
198 188
987 1042
225 526
1101 660
599 379
422 645
1102 210
75 454
720 108
482 230
257 265
1103 1104
1105 1106
1107 1108
1109 1110
512 80
1111 1112
1113 463
1088 116
1114 1115
1116 912
742 579
828 1117
1118 1119
1120 358
821 645
1121 1122
146 1123
1124 932
426 306
635 21
84 360
301 1125
840 1126
1127 1128
400 53
524 765
517 782
1129 164
751 220
671 881
1078 659
464 742
224 123
157 997
332 114
71 698
1130 691
1131 1132
1133 738
258 1134
138 404
65 265
659 998
594 353
63 1135
622 610
793 622
457 1050
246 1014
15 224
957 633
598 218
1136 922
82 591
590 718
1137 1138
1114 1139
364 863
1140 1141
215 82
842 862
175 234
1142 192
794 1143
169 816
1124 1144
979 1145
638 381
682 435
1146 1147
70 639
1028 169
1148 824
136 1149
1150 807
153 454
985 26
1151 921
984 477
631 505
141 835
1152 1117
1153 1154
1006 1155
617 1156
174 412
873 1157
1158 1159
848 320
180 337
68 1160
159 300
167 1161
348 1162
776 604
681 1163
773 822
225 24
1164 398
308 1156
1165 986
1166 614
1042 179
1167 1168
992 1169
1170 1002
1171 1172
1173 1174
1175 1176
1177 1178
534 1179
194 58
588 447
734 996
1180 1181
1182 1183
974 1184
217 440
1018 431
180 153
1185 1186
1187 1188
977 491
289 109
293 229
1165 204
163 1129
1088 82
55 840
215 587
1137 582
638 1189
1190 703
1025 1191
558 1192
35 70
935 1193
635 22
678 8
864 808
170 1194
361 194
811 122
1161 192
991 271
9 126
1069 570
1195 1196
1197 1124
1041 883
180 145
1198 1199
284 948
1033 1200
371 813
505 996
1201 1188
782 444
145 337
1202 847
150 15
1123 744
951 278
515 583
900 555
958 16
745 200
1203 477
777 151
1204 999
900 897
1205 1206
1207 1208
1209 536
31 1210
285 1155
1211 476
613 1166
25 985
108 639
17 416
8 813
1212 122
597 1213
1214 1090
1215 826
1216 1217
804 254
758 44
1203 984
1218 67
847 121
1219 1220
1221 849
868 1222
439 719
631 996
1223 1224
19 1136
1225 642
887 892
221 313
1226 1227
214 276
1075 801
682 1163
117 114
175 36
443 82
74 58
1228 1092
186 36
1229 375
1230 1231
69 75
175 154
1232 1233
886 1000
873 1234
911 523
499 1235
606 1236
1237 1238
1239 514
1240 1241
1078 690
519 913
1242 590
1243 1244
1245 109
1246 16
897 570
1247 1027
1248 1249
715 689
1250 470
1251 232
1252 1208
239 411
1245 62
1253 1254
89 743
175 454
1255 1256
846 646
112 435
631 770
344 522
1050 1257
1258 1259
1260 480
1261 211
199 51
1195 970
687 750
1005 880
543 1262
113 357
1263 1264
150 123
11 1265
1266 1267
143 608
860 171
372 1268
1269 750
1270 877
1271 1272
879 226
1090 1273
809 573
447 21
283 948
1274 1275
1276 606
1078 1277
1278 1215
1279 1280
594 1055
847 60
1179 277
1281 1282
578 648
245 887
154 76
237 817
723 228
416 1283
988 171
1005 426
362 278
121 60
69 154
61 109
532 1284
1285 1286
119 127
874 342
1121 1287
706 1288
462 1210
1289 1290
930 1291
31 399
1140 1292
765 525
1293 1294
1295 394
1296 1297
1276 420
144 35
478 266
1298 857
114 357
1022 308
274 365
789 992
930 670
1299 1300
896 555
380 1189
65 362
106 902
343 213
1084 116
1301 1302
518 315
988 1194
215 1155
61 720
416 492
1303 1304
1305 298
1306 1307
1134 470
980 1308
82 169
799 338
723 415
1309 1310
414 101
1237 1311
1172 1312
266 984
1313 1314
1315 516
1316 968
1317 1153
1318 1319
1320 281
65 582
536 1321
574 467
824 849
1005 305
1078 998
1322 461
1323 1324
1194 171
1137 51
1113 1210
1325 1326
1327 1328
1329 844
1330 934
935 1331
121 429
1332 355
180 70
1333 103
486 309
473 101
635 448
1334 396
1335 1336
768 378
435 453
1337 1338
222 988
1084 82
1339 1072
1340 396
627 456
254 763
933 1330
1035 1207
550 1341
284 752
1342 1343
540 1344
861 1345
279 433
1209 923
679 402
1346 24
1347 763
1327 876
658 690
151 952
1348 112
490 881
958 15
138 126
729 182
37 464
343 277
31 444
821 422
116 444
70 234
112 78
1349 346
1350 1351
811 704
60 428
1347 254
414 1123
1069 555
548 1352
619 97
1353 1110
1354 1355
1356 914
172 914
1357 528
193 57
1358 226
249 1155
455 627
828 1359
1336 1327
69 36
1360 1153
1361 1362
112 1163
608 753
153 234
720 62
588 448
288 312
257 960
727 454
536 1363
1251 1364
302 583
682 436
296 457
1100 461
1365 611
68 673
418 794
465 1366
842 861
1367 160
1204 822
1021 307
451 1368
175 62
365 164
501 1369
138 127
143 753
845 166
1370 1371
258 265
1372 1373
648 1056
254 1374
189 55
1375 1376
947 60
258 278
181 154
810 122
447 635
363 1377
1346 526
900 554
320 849
1179 276
1378 324
1170 1001
1379 1380
717 229
251 16
544 54
374 1381
249 285
1382 1255
1116 315
272 195
1383 1384
289 62
333 526
116 800
1385 1386
523 1087
1387 1388
87 287
1389 528
1390 1391
175 76
575 1160
1041 179
180 175
850 1392
1051 983
715 193
455 487
1377 863
1393 1394
1395 1255
362 265
812 7
851 194
1103 1396
517 356
1148 665
443 517
75 154
1397 433
1398 1269
1399 116
120 429
848 1049
777 1400
1401 664
1402 1403
257 1067
1259 1404
1200 1192
1010 622
1405 967
1285 1406
483 1407
507 944
676 1365
381 1189
1408 1409
1410 1411
805 562
779 792
37 579
308 258
222 171
62 109
149 1412
1413 1384
728 183
1250 261
1414 408
35 181
727 153
641 1225
1295 395
886 1155
1161 168
1415 279
757 1416
1417 976
1418 1419
1211 231
880 427
931 670
1296 1025
1012 326
153 36
68 575
1363 537
517 82
841 1345
947 847
77 149
1096 1065
142 835
683 131
1138 582
1364 233
1291 670
1279 1420
1421 1422
1042 1423
958 123
1028 250
608 1021
1397 432
1424 1425
932 315
1031 1426
489 260
959 1067
1399 82
885 747
1427 335
1046 1428
404 126
145 181
1429 1180
1430 188
997 158
505 377
1431 268
1432 1222
109 312
1179 214
1089 1214
909 1037
400 54
42 504
4 1400
466 1366
415 229
895 149
716 1021
1433 1434
1435 1255
249 1028
1021 512
1260 479
145 36
449 1407
69 727
727 36
744 101
1245 720
39 976
281 1032
1436 1432
1437 1438
674 627
1439 1092
895 1412
112 436
1440 346
332 357
681 453
801 1441
337 234
697 769
632 997
1442 1443
1041 1423
295 457
1444 1445
578 415
157 633
308 1446
41 1125
1417 975
1226 1447
1448 475
510 151
903 648
220 284
517 591
697 1449
265 278
1450 1451
1265 12
588 21
1452 832
1144 169
1453 1058
1010 609
1454 1045
179 1423
1455 1456
1457 1231
455 469
1283 18
1010 610
6 732
1458 797
69 76
42 1125
1459 763
627 469
165 724
1460 185
648 229
1240 1461
73 194
1105 303
668 332
1462 1463
112 681
1190 704
683 459
118 114
165 1464
1465 994
1052 311
251 122
1405 968
6 395
605 140
250 1155
1329 1466
547 1352
70 154
1467 1139
134 1468
977 881
564 1053
1465 606
270 179
354 1469
1470 992
860 170
612 235
203 1165
15 122
686 522
356 116
383 1471
1446 258
186 234
582 51
1179 213
180 727
1334 201
954 995
1472 498
289 312
672 1044
524 764
1473 28
361 689
53 401
578 723
606 70
1349 345
42 503
150 135
36 70
113 391
258 470
1358 227
319 848
1474 590
733 1475
24 1476
567 541
580 1477
634 242
702 1478
69 181
186 76
843 1466
1347 1459
897 555
1479 892
1480 1312
693 928
135 122
1467 1115
399 444
163 327
300 1367
1481 1220
111 78
364 1377
454 70
1201 1187
1112 1354
144 76
1482 1483
957 158
973 1184
78 436
262 391
347 529
347 1162
1415 62
15 123
1468 51
1411 1484
1197 314
1415 639
10 126
888 278
1322 460
884 72
1028 285
856 604
482 231
1485 256
115 169
1486 1487
1055 595
432 1092
675 628
103 471
1348 78
1269 956
270 178
521 922
415 294
454 234
1427 336
699 645
1112 1355
951 265
765 878
29 1488
875 1327
1489 1490
821 700
1148 865
1074 1491
419 1143
73 193
1129 365
884 177
289 108
1253 1492
1134 261
55 1126
1084 506
955 790
1193 1331
1395 1256
1050 647
448 349
1246 893
860 988
562 1493
1284 533
34 946
51 854
1360 1317
1124 315
412 1247
72 177
181 337
1392 851
1022 585
1494 1141
218 440
833 452
634 606
986 204
658 1277
1277 998
5 1495
715 73
192 116
644 700
1022 584
22 349
1496 1461
520 1136
1497 1266
1341 803
51 200
1449 650
607 512
161 516
1498 1184
157 632
478 278
1339 1499
1500 1501
142 834
1502 1390
1235 660
180 234
751 284
343 276
1503 256
1353 371
947 428
1504 1505
558 1200
308 618
301 788
1277 690
627 610
1496 1240
286 87
828 1506
415 648
1407 450
1507 1508
1253 952
218 731
1414 407
1337 1509
1510 1511
1512 1513
645 700
135 123
1514 1433
1515 794
82 586
242 606
1492 953
588 1074
1516 398
892 317
175 70
426 305
1517 1518
75 181
1519 1520
59 1202
1099 1145
3 1475
1100 1322
70 337
75 36
62 70
698 571
1218 1160
1521 1522
527 1357
414 100
59 121
682 453
213 276
71 176
947 429
150 16
1485 1523
1292 1141
1212 704
1171 1480
822 999
796 1458
1524 70
1340 1334
3 1525
723 648
1245 289
783 1440
649 697
1473 27
94 1086
915 1135
1033 1192
1526 1527
358 1528
924 1529
1109 1353
668 118
493 1530
194 74
1531 1532
524 740
1533 940
716 307
254 615
267 664
1534 1535
1110 371
1297 1191
72 1536
1368 1038
1043 685
412 1270
1411 729
1183 1537
727 35
26 795
405 1048
1355 1538
930 669
827 1506
1112 1538
1493 563
21 448
740 1539
1540 967
1443 1541
850 194
1542 1463
79 753
72 646
217 719
371 384
1525 1475
522 934
40 976
849 1049
520 20
808 573
1453 1059
1004 1543
410 384
517 116
673 1160
1316 1405
421 644
115 816
1215 825
434 138
219 752
1280 1420
449 483
412 382
1544 1545
274 1129
1546 992
255 1485
228 717
522 616
1524 606
1516 397
1235 500
99 185
1547 1325
1263 1548
118 357
314 1124
451 1038
716 80
1499 1072
1549 1550
728 182
257 278
434 404
67 1160
788 1125
1551 1552
7 813
663 623
143 716
788 42
1540 1405
442 65
1203 438
1553 890
1554 1255
1072 1555
501 1556
848 824
1283 492
924 1557
596 1213
29 1224
559 1192
340 319
1442 1541
478 65
1276 242
727 75
657 656
695 156
434 126
1129 275
1558 1387
734 377
439 218
1559 1560
735 1095
299 1561
1218 575
435 1163
1207 1036
1562 1563
361 74
156 522
1046 362
1564 1565
234 76
1526 604
443 116
771 1333
368 1566
1498 974
771 1156
1197 932
31 782
1387 1560
253 1452
1491 589
1521 1567
181 70
506 1088
698 177
1015 1221
1042 883
791 722
362 258
157 957
315 913
1123 101
144 70
1568 966
1569 892
1257 1384
880 306
1032 1426
280 103
137 1149
412 32
599 711
821 644
653 1570
888 1077
1114 1467
267 663
1571 480
281 1572
262 668
5 1573
169 1155
845 165
536 923
1574 1575
1202 60
631 734
422 700
912 989
579 38
1576 1332
241 634
598 440
1381 1229
180 186
1209 84
1005 427
1514 1434
1527 604
1577 1550
274 164
606 994
1202 121
242 420
651 1578
433 1228
1533 941
951 362
1109 371
1579 65
1580 1581
1218 673
120 847
1395 87
1183 1582
793 1010
1365 405
821 1583
180 35
522 648
299 1367
1584 984
1445 1585
1142 278
578 228
740 878
719 731
262 113
923 1321
1076 888
440 731
689 194
69 35
1156 1333
219 284
240 640
1015 1586
1340 202
836 972
1587 51
1247 877
52 730
568 541
1588 1589
1590 66
1548 1264
990 754
373 1268
194 57
1458 1079
727 154
1591 1592
1047 362
22 448
1359 1117
1270 413
854 730
418 1143
933 522
1593 736
1594 616
314 1144
723 294
145 154
1226 601
860 1194
542 1262
1425 1595
1479 317
257 951
220 752
270 991
1139 1115
1387 1559
1509 1338
454 181
1079 797
1429 1181
31 412
1596 1515
681 436
256 1597
73 58
599 768
1316 1540
770 734
1245 108
633 158
385 908
132 1091
758 45
522 1056
382 32
1116 913
892 316
144 36
197 188
897 554
1449 769
882 195
1587 1468
820 839
1590 65
462 1113
688 750
517 1053
539 901
1598 1599
17 1283
184 1460
1349 783
249 1006
118 113
925 1557
715 58
1320 1572
1190 122
155 695
452 1038
254 616
759 46
125 664
1600 1518
1600 1517
564 517
1287 1122
1601 256
308 1333
510 1148
1344 568
1602 1603
1261 212
320 824
1604 1605
992 790
1202 120
882 272
882 273
1415 292
887 1014
1171 1312
727 181
286 1400
1024 1606
275 164
1465 70
1361 1607
727 186
281 1426
971 815
117 391
224 16
840 56
399 782
1608 1609
740 765
1610 1611
984 438
31 1113
943 508
249 169
1571 972
75 145
742 38
172 1356
370 384
1528 359
1356 173
78 435
217 731
399 82
267 623
98 185
292 639
245 892
989 913
1576 355
1612 1613
1106 304
1136 20
1546 1169
1614 1615
777 152
626 1092
699 644
133 1091
1616 1617
110 619
1055 352
715 57
362 280
727 234
716 753
145 76
276 1060
522 1087
145 454
1368 452
881 1044
391 357
1424 1595
1523 256
1582 1537
320 1049
79 608
1250 1134
109 313
1296 1026
951 1618
1470 993
1058 1619
1369 1054
727 337
310 1052
464 579
1100 859
866 1320
701 1478
296 1050
607 1021
1294 1620
996 377
985 889
1587 134
221 312
154 234
1621 1520
472 129
1022 486
1162 529
374 1229
153 186
1610 292
1444 1622
315 519
1623 1624
756 1416
1198 1625
1242 591
1357 1389
65 581
996 376
290 1626
804 1452
764 525
729 183
175 337
143 512
295 1050
1536 1627
1026 1191
354 1576
520 922
1457 1230
505 734
186 337
150 224
676 405
1618 258
1207 1252
1354 1538
281 1031
1628 1009
693 929
177 646
1465 1524
279 639
740 242
81 2
812 8
859 1322
623 664
1003 1543
892 481
915 64
569 287
412 877
1211 482
35 234
1498 973
1296 1191
1329 843
1629 1630
855 1527
1628 691
798 767
1497 1267
1485 1597
608 512
454 36
180 254
331 1155
598 439
1631 1632
584 1085
820 840
880 305
947 120
672 881
319 849
908 831
180 69
617 308
715 194
411 640
1101 1235
365 275
1633 1634
1440 345
1635 1062
1375 330
1025 1297
151 1331
758 43
882 196
404 127
1636 1637
911 156
1105 304
821 625
499 1101
1286 1406
1099 979
1638 1639
31 463
31 1640
1102 209
64 1135
1641 1469
746 273
1593 1095
1383 1413
1320 282
1202 428
1569 317
267 125
1567 1522
135 16
953 1254
1185 1642
1640 399
1084 1088
423 813
978 1145
1596 794
33 799
177 384
698 72
246 892
1277 659
884 71
720 109
856 1527
534 277
535 305
1643 1644
119 126
1348 111
146 744
948 752
1642 1186
161 1315
487 456
1645 1646
454 154
434 127
275 327
1214 1273
1129 327
79 512
436 1163
1313 1647
507 943
414 1034
615 522
1648 1459
559 1200
1222 869
649 769
607 80
558 1033
1649 1650
319 824
770 376
1547 1326
1651 1652
1653 1654
69 234
1395 88
954 790
842 1345
1101 500
254 1459
1011 325
295 458
497 1472
1316 967
1016 1367
272 746
846 698
1346 23
1655 1400
1579 351
81 116
31 116
119 404
180 154
79 143
288 109
262 118
800 630
254 1452
1656 1657
1364 232
631 376
124 663
1293 1620
535 427
180 144
181 76
1120 1528
679 403
35 454
1349 1440
675 627
793 609
1344 567
417 605
1658 1659
481 265
219 751
224 122
540 568
841 862
870 314
115 1409
1660 561
847 429
1661 1662
292 70
1663 484
1196 970
464 580
383 1454
396 202
175 292
949 892
81 816
1276 241
1516 1164
214 277
1195 969
1664 1665
1378 323
766 247
1130 692
864 809
696 156
1619 1059
1197 315
1258 1404
1395 1666
401 544
1334 202
787 1667
872 1234
888 266
1668 1669
331 1000
535 426
310 906
740 764
1116 989
727 175
467 105
283 220
627 622
714 1044
607 753
698 646
186 181
1453 1619
245 1014
991 178
521 1136
1625 1199
1524 994
727 70
1578 652
294 229
434 10
1179 343
663 125
222 686
648 819
841 861
1223 29
1436 1222
758 46
1585 1622
727 76
1070 342
250 1006
1276 634
89 2
1670 432
1021 80
1140 1494
1315 162
69 337
1583 625
478 362
689 57
474 1448
1345 862
772 1204
477 438
672 491
1525 733
1566 369
1028 1155
36 76
354 1332
1238 1311
1671 202
1480 1172
1520 1672
649 1449
1584 266
487 627
1673 84
180 36
1227 1447
120 428
1397 1092
250 169
1330 522
1593 735
1305 297
499 660
958 122
1202 947
274 163
1016 159
995 790
1674 1675
987 179
1492 952
1611 292
255 1597
1218 68
786 1667
1676 1217
78 1163
257 65
1228 626
879 1358
1466 844
332 113
117 113
1340 201
668 113
1412 78
296 458
1346 225
186 154
1677 1474
16 893
1494 1292
1401 124
1278 826
119 138
1678 1679
35 75
1344 541
1680 1681
765 242
1682 1374
175 186
804 832
1502 1391
283 751
145 234
987 1041
1530 494
265 317
818 648
1251 233
1683 1684
874 1070
271 179
1089 1273
1677 590
437 984
439 731
1074 349
301 41
1685 763
1496 1241
508 944
143 1021
288 313
1381 375
1686 927
332 391
1540 968
1660 560
1687 1327
1142 488
271 178
1239 513
480 972
1202 429
415 717
1682 254
1416 867
1138 51
1488 30
72 522
219 948
1688 888
222 522
574 105
15 1056
1313 24
319 1049
175 181
397 1164
254 522
751 948
60 429
37 580
997 633
422 644
1689 1690
1306 1691
35 145
4 777
156 1087
1128 1384
518 913
753 307
1692 1272
916 1693
1392 194
1006 169
1057 395
714 881
658 998
551 1341
958 251
1682 1061
773 1204
1445 1622
931 1291
187 1430
31 174
723 293
1026 1297
266 278
917 1693
340 849
144 153
527 1389
1444 1585
654 1570
1104 1396
520 19
981 1308
77 1412
61 1245
903 819
23 526
1491 349
488 192
1415 175
443 782
55 839
82 816
1196 969
1676 1216
729 1484
1050 1384
627 609
61 289
705 1288
926 1686
1694 1695
534 343
824 1049
1250 258
72 648
222 1194
669 1291
159 1367
511 665
1663 485
361 715
144 181
213 277
453 1163
216 1155
153 145
1415 70
1253 953
1314 24
282 1572
799 946
716 608
669 931
1481 1219
617 1333
1362 1607
607 307
1678 382
59 428
1462 1542
773 999
723 717
1023 1606
1278 825
156 523
846 176
810 704
1696 722
382 1679
82 800
1503 1601
353 595
112 453
1697 1698
1211 230
884 646
476 231
3 1162
1335 1327
1000 1155
1670 433
608 307
883 1423
1298 858
69 145
1241 1461
749 1269
36 337
1368 833
534 213
69 454
945 680
153 75
866 1572
1699 1700
1106 303
928 694
354 1641
759 44
608 80
330 409
1133 737
75 337
550 803
987 1423
193 74
73 689
434 119
607 143
1549 1577
115 1408
325 1012
40 975
1260 972
646 571
1271 1692
855 604
1553 891
72 1627
39 975
104 468
588 1491
600 1226
1701 1702
