1703 1704
1705 1706
1707 1708
1709 807
1710 1331
1276 1711
1712 1713
1714 1715
1716 665
37 38
1705 1717
1718 790
1719 1720
1721 995
687 1722
1723 1724
1707 1725
1726 1727
61 62
1728 1729
1730 1731
1732 82
1733 1734
1735 591
1736 1737
87 88
1738 1739
19 952
1740 1141
1741 1742
222 1705
1743 797
464 1744
892 1745
100 101
801 526
108 109
712 1746
1747 349
1748 1319
65 1749
1750 1696
1717 1711
1751 1752
1753 1754
1755 260
1756 825
1757 1726
1758 1759
280 739
1760 1761
1733 1762
1763 1764
801 1765
423 1068
1766 1767
1768 1769
258 1711
1251 257
1770 1771
1772 1056
828 1773
1446 278
1774 1775
1776 1777
1778 1779
1780 1781
1782 1783
1784 1113
1785 1786
1787 1781
1788 1789
536 1155
1790 1106
1791 1792
1793 1794
1795 1796
1797 171
627 1737
1798 32
1747 1799
1800 1801
1802 116
222 170
705 1803
1804 1805
1806 1807
1808 1809
1810 278
1811 1812
1813 888
1814 1815
1816 1817
1818 807
674 1819
1820 1742
428 1821
1822 1222
1823 1061
1251 1824
1825 1826
1827 1828
1829 1830
270 1831
1832 1791
175 279
1833 82
1136 1834
1835 293
1718 1820
1806 1836
1837 32
1838 1839
1840 1841
62 292
1842 756
1843 1844
1845 293
1846 1830
1772 648
1847 1848
1753 1806
387 1720
1849 1850
1791 1846
1851 1852
1853 65
1728 1854
682 1855
1856 1852
1857 1858
1859 1860
1861 1862
335 336
1863 1864
1865 1866
1719 1867
1868 1869
1870 1871
1832 1806
1724 1872
1823 1873
1820 1874
1806 1708
1738 1875
437 1876
1877 1878
1879 1880
163 365
1710 1193
1787 1806
1881 1882
1883 1884
1885 1886
1887 1888
1889 1890
1711 704
1762 1734
1891 1892
1893 984
394 395
1754 1846
1801 1894
1895 1896
1897 1898
1881 1899
169 1900
1901 704
1902 1903
1904 1905
1867 1742
1906 1907
1870 1704
1908 790
1882 803
1909 1211
1910 1848
1845 1911
1912 1913
774 848
421 422
1285 1914
1151 1915
1916 1810
1917 1918
1919 1920
1921 1922
1867 1711
1711 1741
19 1923
1666 1924
1925 151
702 1926
1927 1928
1929 171
1363 1273
953 739
1781 1792
78 453
1782 1930
1753 1789
1278 1931
1890 1932
355 1933
1709 806
1725 1934
1935 1936
103 1937
1729 911
464 38
952 1244
230 476
15 1938
1939 648
1940 1941
1090 1942
1906 1943
362 103
1753 1913
1725 1944
1945 1946
1947 1948
1949 807
1908 1950
1951 1952
1953 1087
1944 1780
1512 1954
518 519
1955 1956
279 292
1957 1958
1909 476
1959 1960
1961 372
1682 1873
1962 317
966 1963
1837 1128
1921 1943
1964 1965
1966 921
1099 1967
1342 1968
1768 1165
1969 1970
1971 1777
1972 1973
1944 1807
254 1974
1975 1976
1977 1735
674 1978
574 104
712 1928
824 1962
1979 1980
1835 1845
4 1981
1982 1983
1757 1727
1883 942
61 108
1984 1211
613 614
382 1985
1986 1987
1722 750
1988 1989
1883 893
1990 1898
1991 778
237 1992
349 589
1975 1993
1787 1780
1994 1995
1996 1997
285 536
991 1998
1999 2000
2001 2002
2003 2004
1685 1873
1924 2005
2006 1144
327 1854
192 82
175 639
1443 2007
1015 2004
1859 1986
2008 1777
176 646
2009 1167
1759 2010
658 659
1330 2011
2012 2013
1905 491
2014 2015
2016 1740
2017 1860
1895 2018
2019 2020
2021 1251
681 78
682 78
2022 973
2006 1900
687 688
2023 1987
1906 2024
2025 2026
1938 1953
2027 2028
1810 2029
2018 2030
2031 1770
2032 1351
1779 2033
2034 2035
2036 2037
1754 2038
1685 2039
2040 2041
289 720
2042 2043
1276 2044
387 2045
1892 2046
2047 2048
1718 1867
947 2049
5 732
675 2050
44 46
2051 2052
763 84
47 2053
82 410
2054 1871
103 739
37 742
1832 1912
1813 698
1260 1706
1144 1900
646 1056
1978 1819
2055 2056
2057 2058
758 759
1092 2059
165 2060
1872 531
2061 712
1920 2062
1781 1827
2063 2064
665 1932
2065 855
2066 2067
2068 828
2069 2070
257 362
2071 2072
774 775
2073 2074
2075 2076
2077 2078
19 521
1789 1827
2023 1860
2079 1955
1490 2080
793 610
952 426
1430 2081
923 1948
2082 2083
1934 1827
222 2084
2085 869
2086 1050
253 804
2087 1605
19 1925
805 563
2088 2023
15 72
1820 1741
1251 2089
2090 1932
452 1968
116 816
2021 2091
1428 258
1623 2092
2093 2094
801 2095
1367 2096
2097 2098
2099 1292
1823 2100
1190 2101
1793 2102
2103 1072
1707 2104
2105 2106
1883 2107
2108 2109
2110 2111
2112 1689
2113 2000
2114 1864
1906 2115
854 52
2070 2116
855 856
859 461
2117 2118
308 2119
864 573
2120 2058
2121 1117
2122 2123
1859 1759
2033 1742
2124 2125
2126 2127
2128 2129
1912 2038
1789 1836
1955 169
2130 2022
1788 1807
2131 1696
2132 1292
1794 1184
2133 2134
2135 2136
2137 169
2023 1759
2138 1295
1896 2139
988 2084
2140 1777
155 2141
1144 2142
580 38
859 460
675 2093
16 122
521 952
2115 2143
2144 1931
2145 1932
2146 1884
736 2147
1846 1788
1782 2002
2148 1938
695 2149
798 14
912 913
1061 2150
888 2151
180 2152
801 2153
1820 387
1546 1222
2154 2155
232 192
2156 224
2157 365
1754 1836
2117 1884
2117 1889
873 1844
2158 2159
2149 156
756 867
1841 2160
1993 1976
2161 2162
2163 265
2164 2165
1725 1913
1930 2002
935 151
2166 2167
1929 2168
2169 32
2170 280
1855 436
2171 2172
1984 230
949 893
2173 2174
1899 2175
2176 1773
1781 1836
2177 2178
1925 521
951 258
627 793
65 24
151 1117
2179 1291
1929 170
1898 2180
742 580
2181 2182
2183 2184
1753 1725
2185 2186
1707 1829
973 974
674 2187
2188 2024
2011 1063
2189 2190
265 1767
222 1251
988 170
2191 2192
1842 867
990 755
37 2193
2194 2195
2070 2196
70 2197
2198 2072
1941 2199
2200 32
2201 2202
2203 410
286 1026
1972 2204
2205 1826
1791 1829
2206 888
1918 2207
1912 1836
2208 2209
116 591
2033 2210
2211 1717
2212 2213
2214 2215
2216 2217
170 2084
2218 2126
1071 2219
691 1009
627 1010
923 2220
2018 2129
340 37
2221 736
1832 2038
1251 2222
855 2223
1792 1836
1835 2224
2225 2152
2226 394
428 2049
1590 1958
2227 695
1791 2038
634 1488
1707 1754
2228 888
1792 1828
1911 293
1723 2229
1831 2230
232 278
2231 573
857 2232
2088 2233
2234 2235
825 2236
2237 2175
2238 1903
2239 2240
286 2241
2242 1555
775 2243
1428 1375
1753 1707
2244 1219
383 1045
1897 1973
169 1069
1148 1878
1330 1063
2245 2074
1780 1913
1730 2246
1845 2247
433 70
1587 2172
1682 2150
2248 317
1872 2083
2249 122
2250 2251
2252 790
2253 2076
2195 2254
2255 362
687 280
2256 2257
2033 2258
1862 2259
1050 1276
597 2260
2261 864
1064 651
1746 2262
1067 960
62 279
1710 151
1783 2263
2264 2265
1940 2199
1999 517
1724 2083
2266 2267
2268 1948
942 2269
2270 1962
79 1021
2271 2272
2148 1087
2266 1805
2047 824
2178 2273
2274 2275
1766 192
2276 953
433 1092
1093 1094
682 681
947 2277
2008 1945
2278 2279
32 2280
2281 2282
2283 2115
2284 2285
1375 2286
2287 1872
2288 2289
720 108
482 230
536 2268
1829 2038
1719 2210
1895 2030
1971 1776
1846 1913
2290 2291
828 1117
2292 2204
2293 2294
1935 188
1944 1791
2138 2226
2117 665
1729 1854
1127 1128
576 1323
524 765
1708 1913
1783 2002
2235 2295
1860 2010
1797 2197
1830 1913
2296 2297
2298 1831
659 998
2299 2300
1912 1827
793 622
536 2220
2301 1953
2302 828
1912 1830
796 2303
1951 2096
2304 2305
2163 278
358 2305
2057 2306
2307 2308
771 2063
482 2078
943 192
2021 2309
1972 1898
2130 973
136 1149
2310 1765
2238 2311
237 1924
984 477
1151 921
2312 973
1802 115
2313 1073
2314 1092
2167 2315
1789 1913
2316 2317
946 1890
2318 2319
1468 2320
1772 72
681 1163
2086 2321
2322 1363
2323 1367
888 2324
2325 2324
192 2326
2327 2247
2328 1487
1177 1178
2193 1351
2259 2329
224 2330
1084 1977
974 1184
2022 1184
2331 2037
2332 2333
2138 395
860 2084
2334 1141
222 2089
289 109
1944 1781
755 984
2335 2336
2337 2338
935 1193
2117 1932
2049 2107
1929 988
2339 2340
412 1260
2233 2010
824 1745
2312 1794
2341 1423
2299 2342
2118 2343
1033 1200
2117 1890
2081 790
1748 2344
1956 1069
1883 2345
1714 2346
2347 604
2348 1291
2349 1907
1209 536
1211 476
2350 1009
2209 2351
1830 2038
2047 2352
1832 1827
2054 2273
2313 2353
2137 778
1855 1163
1711 2210
1216 1217
2354 2355
2356 2357
1203 984
521 151
861 2358
2359 1851
2360 1555
1758 1986
2361 824
2345 2362
868 1222
2350 691
2336 2363
828 2364
2365 2202
190 1724
2366 1092
2069 2111
2367 1319
2216 1894
1443 2368
285 1947
1846 1781
1791 1781
1806 1789
2369 2370
1363 2133
44 260
1243 1244
232 943
2371 1202
2372 51
1251 232
1870 2273
2373 2374
1245 62
1832 1830
2164 659
112 435
1050 1257
1758 2017
1705 1260
2244 24
2375 2376
2377 2378
1707 1832
1795 2379
824 1878
2185 803
222 1929
659 2165
774 2243
2380 2381
557 410
362 278
84 2382
1912 1829
61 109
2304 1992
2383 869
2384 1848
2385 2026
2386 2387
2388 2048
1276 704
2389 732
1793 973
1956 570
1295 394
1861 2259
1902 2390
2391 1971
218 2392
72 1087
2017 1759
517 1716
274 365
433 2059
362 2393
2146 2345
1366 1764
382 698
2394 2395
1783 2072
2396 1094
1787 1708
61 720
2397 2134
2398 491
2071 1930
1754 1708
1824 819
1846 2104
2399 2400
1823 1682
2255 192
2401 491
828 2402
414 101
1766 2029
1754 1807
1909 482
2403 1737
423 1276
1780 1836
1319 1953
2404 2094
2405 254
32 1128
2191 2406
2311 1903
935 1331
2407 2408
2333 778
150 2330
1788 1828
1335 1336
1682 2039
1705 1824
2409 260
1729 2410
2144 826
2411 2412
2413 1098
222 988
1951 1367
1787 1836
2159 2414
1084 82
2415 2416
1753 1934
2146 2362
2117 2379
1211 2078
2057 1885
1347 763
946 665
2038 1836
1089 536
151 952
2417 176
343 277
37 464
2418 1308
2419 2294
112 78
2420 2421
2124 2422
1766 816
2423 2424
414 1123
1753 1836
2425 2426
2079 1069
2427 692
1972 2292
1883 2117
828 1359
2353 2428
2033 790
2177 1704
720 62
257 960
2261 315
1100 461
1787 1846
2429 2430
1992 2305
888 2431
1707 1944
1148 2361
1950 790
2432 731
2029 265
675 1363
1089 1155
2045 790
2019 796
2373 428
2433 2034
2434 2435
1823 2039
222 1711
2139 2030
1715 2436
1766 1802
1278 2236
1754 1781
762 1347
1717 62
1813 1985
1375 1711
2196 2111
2437 349
1379 1380
1925 952
1845 2327
1982 2438
2439 2091
1934 1789
1754 1789
2440 2436
2148 15
1383 1384
289 62
2223 1527
576 2441
2234 2295
340 1222
2056 2106
2442 1765
1952 1367
1902 2311
2057 1886
1050 2089
2443 2433
2444 2022
362 265
1847 1910
1428 1824
1791 1912
135 2330
2085 1222
1251 65
1711 1742
1823 2445
1896 2018
2446 720
2447 736
2290 82
2448 2449
72 1953
257 1067
2146 1883
2163 362
2450 2451
2452 2453
805 562
588 2437
1913 1828
2237 1899
1824 1717
2454 2347
222 171
2455 2132
2456 2228
2208 2187
2457 2225
192 2458
2459 2460
1929 2084
1945 2140
1723 2082
1897 2265
2461 2102
2008 2140
2462 2463
362 739
2464 1786
517 82
462 1784
2202 2465
1780 1828
1972 2265
651 2207
299 2466
2203 1808
1148 317
2359 1856
3 2467
1737 2468
2469 2470
2471 225
959 1067
222 704
2075 2472
2100 2039
2380 2387
2148 2473
860 2168
1703 1870
2474 2475
909 1037
1859 2233
1342 1038
2420 2476
1435 1255
1046 2477
778 1900
1782 2001
1718 387
1912 1792
1934 1792
2478 24
2479 2480
2481 2018
112 436
1439 1092
2045 2258
681 453
2130 2444
2482 2412
115 2483
1944 2038
1723 2287
2430 1712
2290 1735
1829 1806
2484 2485
2406 2192
265 278
2148 2486
1794 973
82 1735
1452 832
1944 1934
1824 1050
2249 704
2487 1567
1787 1934
2461 974
2488 604
920 1915
2489 2490
1955 570
1912 1708
1787 1829
2491 2492
2065 2223
2016 2493
2494 2495
2068 1773
1912 2104
2023 2233
2496 2094
2497 362
1753 1829
2498 2319
134 1468
1064 1918
2234 2499
2008 1946
37 1546
1724 2082
1972 2180
1978 2209
2388 1015
1722 103
1546 1351
2500 2501
1705 1276
2177 1871
1725 1781
796 2020
855 2347
1725 1829
1428 2502
2049 1821
1782 2198
2183 2503
2234 665
1473 28
1791 1827
1994 2504
1753 2104
150 135
1474 590
2505 179
24 1476
580 1477
1872 2082
1717 2222
29 2506
2000 82
2507 2508
135 122
1635 2509
2510 893
78 436
2483 816
535 2511
2512 2513
1411 1484
1468 51
2514 2515
1415 639
920 892
1823 2150
2171 51
1285 20
1707 1846
2516 2426
1825 2517
1729 1056
432 1092
1725 1789
2518 2355
1780 1789
1576 1933
2263 2002
1929 1194
2454 1527
2209 1819
1797 70
947 2374
2229 2083
2519 1092
2520 2521
2522 1695
1490 2523
1129 365
289 108
884 177
2193 1222
55 1126
1708 1828
1754 1912
2524 2525
1193 1331
2526 517
1363 2050
2050 2093
1857 2527
1753 1807
1889 1932
1830 1789
946 1932
31 1784
2409 44
1903 2390
2388 824
2528 2529
2398 2401
1526 2065
1339 1499
2120 1886
1269 2530
819 704
2531 1144
947 428
1787 2104
2532 2142
627 610
2314 2366
1428 2222
1725 1836
2533 2436
257 2534
675 1273
1874 1742
218 731
1253 952
1783 2001
2171 1468
796 2535
923 888
2536 1326
5 2389
1725 1912
2097 2537
2265 2180
315 573
2393 739
1100 1322
2538 2539
1835 2327
1881 2175
824 2270
682 453
1725 1827
150 16
1292 1141
1064 2207
1824 2540
2116 2111
3 1525
2541 1356
1867 790
1766 278
1587 2171
2241 1026
1526 1527
2070 2542
2038 1828
2353 1072
1863 1207
2543 2544
1531 1532
1428 1050
327 2410
2474 2545
2546 2547
2548 2027
2148 72
1276 2089
2430 2549
2079 1956
2550 1937
2033 1741
2252 1950
2551 1056
1411 729
1934 1807
426 1244
771 2552
2008 1776
850 194
1714 2533
884 2417
79 753
819 2089
2365 2553
2554 179
1978 2187
952 427
1911 2224
1526 2347
1846 1708
2555 2162
2556 2557
421 644
115 816
2558 2559
1865 2246
2050 1273
1251 1276
274 1129
2560 1288
2561 2562
2064 2563
1754 1780
1263 1548
314 1124
1499 1072
257 278
1769 106
2177 2564
2565 2566
2170 103
1987 2233
1725 1792
2454 2065
935 952
2567 2568
2569 2570
1203 438
2571 801
1269 984
2572 2493
2429 2573
1734 2574
1877 824
2575 1808
2283 1922
1934 1781
2187 2351
2576 1554
2573 2549
2577 2578
435 1163
2579 2580
1787 1792
1526 604
2102 1184
2581 1026
2198 2263
2071 2198
2582 2517
1820 1719
1792 1827
1207 237
253 1452
1923 426
2233 1759
2386 2583
1912 1934
2156 122
1718 2045
1940 801
1370 2584
363 2585
2177 1870
1740 2572
1123 101
315 913
2586 2257
1816 2546
2223 604
2045 1720
280 103
2587 2588
1781 1913
1492 2589
981 2418
1791 1789
2322 2133
1944 1827
2590 2591
2186 2592
2177 2273
2036 2272
536 923
2593 2254
2445 1061
590 2594
2595 2596
82 557
2550 103
2597 2062
2205 1825
1527 604
1780 1807
1927 712
651 1578
179 1998
1944 1912
2598 2599
2600 2424
2461 973
2601 602
793 1010
2602 1749
1678 1813
1846 1789
151 953
2135 2603
1142 278
768 1167
2283 2188
2494 2067
1889 946
2403 627
2258 790
2486 2473
2025 2053
1719 1711
2162 2604
1046 1222
2014 2605
2045 1711
1968 1038
2286 2606
32 2607
2100 1873
2561 2608
2379 2118
257 1156
1548 1264
1806 1792
990 754
222 1428
1359 1117
2488 2347
1707 1791
1944 1846
860 1194
2175 803
1375 819
888 2220
475 2609
1375 704
2001 2263
2223 2347
1897 2180
2610 1387
2088 2010
2203 2611
2359 1852
1791 1828
1753 1828
1758 1987
828 2176
258 413
1079 797
2612 2613
1735 2291
1820 2258
2267 1804
2008 1971
1830 2104
2614 687
2615 2616
1772 2551
2617 2272
2507 2618
522 1056
1780 1788
134 2320
2619 2257
1753 2038
1823 1685
2620 2019
1984 2078
1099 2621
1587 1468
462 1113
688 750
942 72
2047 320
1717 704
1754 1787
1740 2493
1832 1934
1855 453
1853 2458
2271 2036
1867 1741
2177 2622
1600 1518
2623 526
2387 2624
2519 1439
1794 2461
308 1333
2625 2626
1428 1276
482 2077
2017 2010
1972 1990
1885 2306
135 2156
1415 292
778 169
2367 1953
1906 2143
2385 2025
2482 2411
2627 2628
2429 1713
1810 1767
2307 2629
224 16
2533 2346
2630 2225
2559 2631
2397 1363
2632 1704
31 1113
2633 1844
1571 972
2100 2150
2634 1848
1791 1934
2001 2072
742 38
1202 2279
1356 173
78 435
292 639
1741 2258
989 913
1974 832
37 327
2001 1930
2635 122
2095 1765
1251 2309
2636 2426
1793 974
2637 2638
1865 2639
2325 888
362 280
2241 2581
1798 2640
2641 2579
1714 2436
1830 1788
1707 2038
1788 1792
1884 1739
2387 2583
2430 1713
2642 2643
1736 2468
617 873
2351 1819
1068 1276
2619 2256
2644 2645
2401 1905
1151 920
1100 859
1766 116
2084 2168
1752 2646
2255 278
888 2421
1824 2647
2648 857
373 2649
1707 1836
1887 2650
1375 2606
2518 2354
15 1087
2651 2652
2455 2099
2653 2654
1866 1731
1992 2655
1718 1741
1725 1828
1527 2347
1832 1708
295 1050
1893 1512
536 1947
1820 2033
2038 1827
1912 1789
2023 2010
2442 801
1828 1807
2313 2103
1718 1719
2131 722
2258 1742
2079 570
2656 2225
1820 2045
4 2657
1783 1930
859 1322
1797 433
2658 2659
1707 1934
2660 2661
2113 517
412 877
2104 1913
1787 2038
1211 482
2662 2663
1979 1924
855 1527
1211 2077
1253 151
1794 2022
2664 82
2028 2665
1794 2130
163 2410
1938 156
1846 1836
2021 2666
1603 2667
349 2668
293 2327
19 426
1758 1860
2301 2344
2118 1796
1710 935
2669 2322
1832 1787
2632 2273
1895 2128
286 2581
1858 2527
2670 2289
151 82
2632 1870
2208 2578
1884 2362
2461 1184
135 16
1883 2510
2671 455
2461 2444
2218 2127
2672 2673
349 2674
2675 1384
2619 2586
2480 2676
1846 1828
1712 2549
436 1163
2021 257
1222 869
1917 2207
169 570
2677 2678
990 2679
2680 2681
1874 1741
2682 2119
2640 32
1707 1788
2473 156
1395 88
2261 2231
1733 2574
1935 2683
15 1953
1927 1746
1810 362
1016 1367
65 2326
1331 952
2684 101
1948 1155
1866 2639
2685 1876
2216 1801
1912 1781
308 873
2335 2363
2250 2686
1738 2345
763 1321
1874 1711
517 573
2071 2001
2301 1319
2616 2687
258 704
1587 2688
2689 2241
1707 1781
2629 2308
2379 1796
665 1890
304 2690
1660 561
1781 1708
771 2563
2691 2692
2693 2694
175 292
2695 888
959 2509
2602 65
2030 2128
2505 1998
2696 2697
2224 2247
412 1706
2698 1072
1395 1666
293 2224
2407 2112
2699 2580
1824 1276
2625 2700
2179 2701
2209 2187
2462 2378
2261 573
1590 2702
1323 2441
1738 2362
1717 2089
1526 2454
2393 103
2479 2703
2108 2704
2705 349
2532 2531
2614 688
372 2649
2294 1578
1780 1827
1987 1860
2194 2593
1791 1787
1251 258
2706 2707
1717 258
758 46
2708 2638
1061 1685
177 1056
2070 2111
1987 2017
943 278
1806 1827
1944 1913
1820 790
477 438
2473 1938
2709 475
1084 1735
1867 2033
1921 1906
1808 82
2582 1826
2320 51
2710 1303
2409 758
1820 1720
1546 2193
1050 1717
2373 947
2282 2711
1871 2273
590 2521
1016 159
2163 2497
1492 952
2712 2105
2505 991
2442 2310
2422 2125
1676 1217
2632 2178
2233 2017
1792 1913
78 1163
2036 2713
32 2714
1830 1828
1820 1711
1677 1474
2533 1715
1971 1946
2715 2716
2205 2517
170 2168
2717 2718
1936 188
2719 606
1707 1913
1911 2247
2033 1874
222 2222
1835 2720
1074 349
1871 2622
2276 739
2084 171
1718 2033
1660 560
1855 681
1806 2104
801 2310
1089 1947
1804 2721
2722 2437
1398 2530
1752 2723
2227 156
1251 1050
37 580
1015 824
169 2724
1306 1691
2163 2725
2726 1476
1207 2586
2481 2129
1991 1872
2727 2728
518 913
2117 1796
488 2729
2117 1739
2264 1990
1935 2730
1723 1872
1682 2100
2137 1900
1712 2573
2731 2732
2045 2033
1972 1897
942 2733
266 278
1708 1807
597 2724
1296 2241
2100 2445
2734 2735
2736 2737
1260 279
981 1308
61 1245
2256 2586
488 192
2318 2498
427 1244
2417 646
1676 1216
1050 1384
1707 1828
1792 1807
222 1717
1753 1944
1207 1924
72 156
1046 2502
134 2688
2405 2738
1725 1806
2117 2362
2140 1776
1913 1827
72 648
222 1194
1830 1807
1758 2023
1730 1866
2038 1789
213 277
2419 1578
1363 2134
453 1163
1792 2104
2544 2739
2740 2741
2203 557
2682 888
2117 1875
2177 1703
1351 1222
1278 825
2742 1862
2486 156
1917 651
2743 2744
1696 722
1793 2130
2745 1775
1211 230
2497 2534
2054 2564
2746 450
1825 2582
1753 1781
1813 382
32 2747
2394 180
2461 2022
2600 1626
1720 790
1986 2233
2148 1953
1799 349
1725 1807
2726 24
884 1056
1916 278
1944 1788
2253 2075
2742 2329
2117 2345
1930 2072
1728 2410
2163 2064
2683 188
1876 984
855 604
104 468
2748 888
1720 1741
2086 2749
2636 2516
2428 1073
778 531
1725 1787
2615 2687
1769 1165
2750 2697
2613 1850
1734 2751
29 30
2454 855
1817 2546
2334 2016
1802 2483
2752 2134
2188 2115
1774 2745
19 151
2469 2753
2754 1243
47 48
1735 116
2755 2693
1997 2756
2364 2402
2094 2638
2188 2143
2757 2091
237 2655
1278 1756
1814 1280
2386 2381
2758 892
1853 192
952 750
2492 2049
1906 2759
1783 2198
104 105
115 116
1753 1787
2760 648
1830 1934
299 475
2166 1306
1954 984
2761 2151
437 2762
2535 2020
1719 1742
134 51
258 819
1906 1922
2683 2730
1832 1828
387 1742
2139 2129
1912 1788
1820 1867
151 152
150 122
2486 1938
82 116
159 160
2357 526
2725 362
170 171
1703 2564
1787 1788
2632 1703
2255 2163
2763 2764
176 177
2497 2725
2765 2766
2069 2196
1708 1836
2084 1194
2235 665
1822 868
1330 2767
1977 82
190 191
894 2768
194 2769
1800 2217
2456 888
176 1056
2442 2219
201 202
2770 2771
2685 437
2072 2002
1945 1776
2772 2714
1955 1069
2773 2774
135 224
1703 2054
82 2291
2775 2776
230 231
1623 710
2440 1714
2019 2777
237 238
1836 1913
1842 757
2778 2343
253 254
2761 2779
1061 1873
1800 2216
1089 285
2647 1210
2780 107
2781 278
2634 1910
1846 2038
1717 1375
2200 2782
2486 1087
1788 1913
2325 606
2783 2067
2784 1868
257 2497
299 300
2775 2737
1754 1934
1750 722
2271 2617
1865 1730
84 318
2723 2646
108 62
1342 452
1707 1780
1705 1711
2785 14
2786 1326
2787 1605
1707 1830
2531 169
2788 1959
253 1974
2016 2572
536 888
1867 1720
2518 1065
1832 1781
1792 1708
387 790
372 373
1720 1742
299 2709
2729 278
387 2033
2003 2789
2564 1704
2409 1755
1342 2790
768 2009
2208 674
1363 72
755 2679
389 390
2354 1065
169 2790
2791 2792
258 1276
222 1276
2150 1873
407 408
1928 2262
2793 2794
412 413
2439 2021
2669 72
873 2795
1794 2102
37 1222
1874 790
2313 1072
426 427
2796 2797
1934 1788
2545 2475
1428 2089
435 436
1753 1788
2443 2034
2798 2788
1867 2258
1944 1829
2677 2799
2800 2651
460 461
2801 2378
1754 1788
2497 1156
2573 1713
1930 2198
2215 824
1738 1884
1730 2802
482 476
712 2262
1872 2229
2803 2804
2678 2799
2124 2805
488 278
2177 2054
1829 1789
2252 1908
1781 1789
2334 2572
2353 1073
1802 816
2806 1716
2069 2116
687 103
1392 2769
2021 2757
2650 1888
530 531
2666 2529
1875 1884
2807 2808
2266 2721
2141 2809
754 2679
2778 1796
2810 2811
2669 2202
2500 992
2812 2813
2238 2390
2814 2815
1375 1276
560 561
562 563
2816 450
2445 1685
2717 2370
1893 1954
1829 1836
44 2817
362 2534
2434 2716
2614 750
1050 1375
2818 984
2819 921
2820 300
1894 2217
2821 2479
2740 2822
190 2823
2354 2824
151 2825
2826 2029
15 2473
1207 2114
407 2357
828 2121
984 2827
2828 2770
1956 169
1276 819
1402 2829
2830 2831
1861 2832
2833 2500
2310 2095
651 652
653 654
661 662
2548 2028
72 2733
51 2172
122 2834
1705 2089
2632 2177
2758 920
1870 2178
1885 2058
1568 1963
2784 1869
2835 2836
2702 1957
597 169
2321 2749
681 435
517 665
2783 2066
1724 2229
2345 1739
47 2026
2373 1821
2068 2176
2361 1962
1787 1789
1855 78
2403 2468
2837 408
2069 2542
2195 2593
1749 2838
2839 2687
1753 1912
2019 2535
418 2339
2840 2275
2361 317
1861 2329
1827 1807
2841 2842
2295 665
1251 2458
82 1809
1980 30
1526 2488
1867 2045
480 2843
1752 2844
2845 2836
1791 1708
1847 2384
1832 1846
754 755
2227 2149
756 757
1754 1828
1717 1276
1880 2232
762 763
1363 2202
1755 44
1730 2639
387 1719
2548 2665
2481 2030
2167 1306
1473 2846
2847 2848
1093 2849
192 1767
2300 2342
2429 1712
1736 627
2379 2343
222 1375
2154 2850
1705 1050
1793 1184
588 349
1901 122
1832 1944
1351 2851
2852 2853
1129 1854
2620 2777
1882 1899
1787 1828
2454 2223
2758 921
34 799
2854 2855
1718 1874
2639 2802
1805 2721
1832 1789
2856 2857
806 807
2477 1222
1728 327
270 2230
814 815
2214 1148
1754 1944
1720 1711
2642 1424
1766 1810
1778 2033
1713 2549
2858 803
1753 1791
254 832
1859 2023
2463 2801
836 480
1071 2095
1787 1827
2859 2376
2027 298
873 2208
19 427
222 2168
2286 2860
222 860
2065 1527
2637 2708
222 1824
2861 2862
2768 729
2685 984
757 867
801 2219
1830 1708
868 869
1074 2668
517 1735
1754 1806
2506 30
877 413
2863 2147
1766 265
2423 1626
2489 2864
661 2865
1785 2866
106 1165
2182 2867
1778 797
1780 2038
1991 531
2369 2718
2054 2178
2868 2862
894 729
2222 2089
1207 1864
2422 2805
2322 72
618 1333
1754 1791
258 2222
1363 2094
1729 522
1071 801
2374 2049
2158 2414
888 1985
2805 2125
1946 1777
911 522
2869 705
2794 2870
1753 1792
2516 2871
1934 1913
2208 2577
1720 2258
2372 134
920 921
2057 2120
755 923
1945 1971
1865 2802
2344 1953
2461 2130
1313 2872
253 832
2444 2102
2873 2874
2499 665
2875 2705
2747 2714
1753 1780
933 934
2876 32
2038 1792
1430 790
2309 257
1889 665
2718 2370
1705 704
2877 610
1829 1788
2071 2002
952 953
1720 1874
1787 1807
1875 2362
959 960
1754 1832
2387 2381
2113 82
1194 2168
1741 790
2610 2878
171 2168
105 468
1832 2104
1148 2270
912 315
2301 1748
192 278
2879 2536
2260 2724
1829 1708
1906 2188
1793 2444
1830 1827
315 989
1800 1894
2664 591
574 468
991 179
169 2142
2636 2871
2222 1276
2088 1986
2736 2776
1791 2104
2145 2090
1944 1708
1870 2564
2381 2583
2762 1876
2237 1882
1050 1711
1793 2461
617 2880
1050 819
1986 1759
1808 410
627 672
2028 298
1951 2323
892 921
2455 1141
453 436
2671 627
1141 2493
1707 1807
1016 160
2869 1803
1492 2881
1068 450
1526 2223
1788 1781
1021 753
884 176
2882 1423
682 112
1768 106
2361 2270
2371 2279
2686 2251
2883 2884
1428 1251
959 257
2462 2377
1068 2660
2140 1971
2054 1870
72 2134
1938 1087
1824 1375
1685 2150
414 2684
2699 2579
1867 2210
2065 604
2163 2063
2699 2641
2885 1904
2433 2035
31 462
2571 1941
1885 2120
2327 2720
1794 974
62 639
1428 704
1046 1047
2260 169
2088 1860
1512 984
852 871
1789 1807
2310 2219
295 2886
2571 2199
1866 2802
2380 2386
1830 1792
2887 1942
2888 1534
2444 973
2889 1017
2615 2890
1855 112
1795 2343
675 2094
1788 2038
1758 2233
257 266
1824 2089
2088 1759
2632 2564
613 2891
2103 2428
1788 1708
2346 2436
1719 2033
2380 2583
1801 2217
122 704
2029 278
1072 1073
1808 557
2108 2892
1788 1827
2806 517
2660 450
1776 1946
1934 1828
2445 2150
2876 2607
662 2865
2703 2676
2611 557
2656 2457
2893 2894
2444 1184
1725 1708
1708 1827
1964 2895
2287 2229
512 753
1780 2104
1711 2089
2323 1952
2896 357
1100 460
2196 2116
2897 2676
2833 2501
2742 1861
1742 790
222 258
1251 278
2103 1073
2069 2110
2877 793
2417 1056
857 1880
2246 2639
1720 2033
2102 973
1061 2898
2558 62
2206 2431
840 1126
2881 953
2150 2039
704 2089
2543 2739
2102 2022
151 828
464 742
1835 2247
2201 2465
382 888
1743 1079
1787 1913
2479 2676
2374 1821
1865 1731
2800 2652
622 610
2899 2900
1746 1928
1780 1792
82 591
1707 1792
1718 1742
180 2395
2537 2098
2311 2901
909 970
2902 1700
1142 192
2425 2871
2203 82
2345 1884
2903 1167
2471 2904
2302 2905
682 435
1794 2444
2841 2906
1375 258
1148 824
1150 807
2245 2073
2345 1875
1980 1924
286 2689
1832 1807
2683 1936
2837 407
2264 2180
1904 2401
2755 2694
1590 1957
2682 308
2907 923
2908 2094
1986 2023
65 192
1944 1830
2008 2909
2366 433
2910 2911
1924 30
1428 1705
1725 2038
2039 1873
1725 2104
270 2298
1071 2310
988 2168
1089 923
1929 860
2744 2912
1791 1836
2669 2134
2798 1960
864 315
180 2225
2311 2390
2713 2037
2120 2306
2913 2914
2785 798
2104 1836
163 1129
1814 1420
2915 192
2744 2470
1285 2284
2877 627
55 840
1251 2091
2564 2273
170 1194
1219 24
2163 771
1069 570
2344 1319
1717 819
2600 2423
2916 2917
2033 1711
1845 2720
2772 2747
2903 2009
1788 2104
588 2674
2602 2838
1909 231
801 2199
1203 477
2112 2408
1207 1208
2070 2110
1897 2204
65 2838
285 1155
1050 2749
2469 2744
2491 2049
2420 888
1212 122
1999 82
2494 2066
308 2880
804 254
2647 2540
758 44
2437 2674
1836 1807
1253 2589
1824 1210
2918 973
2015 2605
2196 2542
1859 2010
850 2769
299 2609
1210 2540
433 2197
2169 2782
2682 2748
1791 1788
2396 1093
682 1163
1830 1781
2730 188
2919 2920
2921 2922
2923 1367
1228 1092
1707 1787
2611 82
790 2210
1232 1233
1239 514
1967 2621
519 913
2918 974
1245 109
278 1767
1763 1366
1252 1208
1944 1806
2409 2817
1127 1837
2281 2711
2417 177
2317 2924
2833 992
340 1351
1780 1934
2859 2375
2481 2128
2925 2450
687 750
2720 2247
2926 2813
1883 949
1263 1264
1781 1828
576 2586
860 171
2551 648
3 1757
1917 1064
2927 1520
2486 1953
2928 116
1990 2265
2929 2930
1279 1280
387 1950
2341 2882
2837 2357
1703 1871
988 171
2146 1739
2657 1981
2875 349
576 1207
1065 2355
1881 803
2931 254
1931 825
1806 2038
2240 2932
2394 2225
2141 2933
2023 2017
237 2305
2157 2410
343 213
2934 535
1754 1829
2935 2870
2936 2705
2937 2029
518 315
988 1194
1806 1828
2132 2099
1750 2131
2138 394
1648 254
1754 1725
2334 2493
1724 2938
2939 665
2940 1838
1766 362
1719 2258
2941 2488
1754 1827
801 2942
1322 461
1194 171
1944 1787
2188 1922
2943 1528
1446 413
2222 1711
2782 32
1705 819
2388 2352
2050 2094
1754 1830
28 2846
2918 1184
2194 2254
2488 2944
2264 1898
1468 2172
1748 1953
693 2945
435 453
687 731
2322 2202
2102 974
2946 2546
2702 1958
1914 2284
2222 819
1867 1874
1780 1708
1510 1090
1209 923
1446 362
2444 974
672 2947
1855 435
1251 1711
2466 1561
1826 2517
1428 1717
293 2720
1829 1807
1986 1860
2948 712
2885 2401
1347 254
1263 1811
1969 2949
2030 2129
1288 2950
488 2781
665 1761
455 627
2634 2384
103 731
1718 2210
112 1163
1251 192
2885 491
1789 1708
2003 1015
2395 2152
2891 614
15 2486
2576 1255
2876 2951
2306 1886
1096 1219
682 436
2488 2065
536 1948
2802 1731
1923 952
1072 2428
2637 2094
2312 1184
1367 160
1895 2481
16 2330
175 62
2163 2563
2184 2503
1862 2329
2130 2102
648 1056
2488 855
2940 1839
810 122
408 2357
20 2284
1829 1846
2139 2018
2564 1871
2435 2715
1845 2224
2397 2133
2936 2875
2952 103
2088 1987
2264 1972
1851 1856
2130 974
2366 2059
2093 1273
230 2078
2454 604
2187 1819
1711 790
1815 1420
151 1359
2953 336
970 1037
850 1392
1791 1913
1719 1874
1815 1279
1944 2104
1148 1962
1251 1375
2440 2346
1944 1792
2407 1689
1398 1269
1973 2204
2299 2954
1978 2351
1883 1738
1682 2445
632 2296
949 2510
2955 2792
2181 2867
1829 2104
2839 2616
2301 2367
1010 622
2742 2832
2166 2315
62 109
47 2025
2934 2511
1934 2104
2314 432
2038 1807
155 2809
2512 2956
1295 395
2957 1567
2730 1936
1263 1812
1415 279
1211 231
1840 2160
1832 1836
1762 2751
1279 1420
2036 2617
1863 2114
1729 327
2392 731
2174 2958
1193 151
1748 2367
1046 1428
2959 2960
2443 2035
1706 279
2941 2944
258 2089
1762 2574
2156 16
19 1244
2258 2210
1781 1807
1899 803
2246 1731
2961 2041
2954 2342
2807 2913
1021 512
2962 2963
1766 2483
1245 720
2045 1874
3 1726
1375 2089
1992 358
1428 1711
2038 2104
2964 2965
1791 1806
1213 2503
2184 1213
308 1446
2373 2049
155 2933
62 2631
1919 2597
1383 2966
3 1727
2268 923
517 591
2618 2508
2863 736
2473 1953
2708 2094
1144 169
1853 1251
2283 2143
61 2446
2935 2794
1375 2860
1707 1912
2221 2447
2211 62
1010 610
1459 763
2440 1715
1725 1780
1782 2072
1883 1739
1891 2046
112 681
824 892
2385 47
1847 2634
450 2661
37 1351
1987 1759
2772 32
1411 2524
362 2029
2208 2795
1754 1913
1781 2104
2669 1363
2897 2703
860 170
2967 2968
2440 2533
2255 265
383 1471
1446 258
387 1741
1719 2045
1874 2258
1824 1711
2067 2495
2237 803
2270 317
942 2107
1705 1251
2179 2348
2304 358
1874 2210
2817 260
2188 1943
1547 2485
2298 2230
1705 412
1709 1150
1347 1459
340 1546
2161 2604
1766 1916
1836 1828
973 1184
2969 2970
2453 2971
1832 1725
1415 62
1832 1829
2583 2624
1896 2129
1322 460
884 72
340 2193
2722 349
856 604
482 231
1486 1487
2048 320
1725 1830
2439 2757
302 15
1920 2597
1127 32
2806 665
2606 2860
2636 2425
1846 1780
290 2972
1846 1792
2776 2737
1704 2273
1719 1741
2930 2973
1253 1492
2974 2092
2931 2738
2738 254
1912 1780
590 2975
2381 2624
320 2352
2045 1742
1738 2117
2076 2472
1605 2976
1722 731
1253 739
1897 2292
860 988
1860 1759
1732 517
34 946
1921 2024
383 2977
2931 2405
1251 2757
1810 265
1846 1806
1751 2723
1724 2287
1911 2327
1015 2789
2398 1905
2100 1685
192 116
2712 2106
2665 298
1791 1830
1906 2349
1973 2292
2031 1771
2054 1704
1251 819
1793 2022
293 2247
920 317
2591 2978
2071 1783
2367 2344
308 618
2316 2924
2828 2771
1335 2979
2980 1490
836 2843
1411 2525
2807 2914
2779 2151
1916 192
1510 1942
2455 1292
2287 2082
2013 2981
2709 2609
1492 953
1934 1836
1725 1791
2622 2273
892 317
2047 2388
2146 2117
2982 1605
72 1938
2488 2223
1944 1836
2983 1635
591 2291
2974 1623
1785 2464
801 2357
1711 819
2435 2716
2761 888
2655 2305
1879 2232
414 100
2488 2454
1050 2886
1212 704
1990 1897
2022 974
1782 2263
2238 2901
1245 289
299 2820
1050 704
94 1086
674 2209
1363 2093
2267 2721
1796 2343
358 1528
2635 704
2984 2460
2985 984
194 74
1766 115
1424 2643
2560 2950
2233 1860
2901 2390
2877 1010
1792 1789
1830 1836
2196 2110
387 1867
2632 1871
2684 1123
2313 2428
1718 2258
1943 1922
2986 2987
2478 2244
1754 1792
1705 1375
801 1941
1753 1830
72 2269
2157 1129
2532 1144
522 934
2088 2017
1050 2222
2208 2351
410 384
517 116
2988 1619
2476 2421
1896 2030
1526 855
2927 91
1280 1420
1832 1792
2377 2801
2384 1910
1806 1781
1923 427
387 2252
2322 2134
2789 2004
1296 286
2989 2667
1705 258
1402 2990
1912 1806
2504 1995
1551 1552
1755 2817
2430 2573
2991 2992
2832 2259
755 2827
1965 2895
1707 1806
1931 826
2983 959
1554 1255
2559 62
2590 2978
2048 2352
1830 1780
1820 2210
1846 1934
2928 82
222 1050
1859 1987
2480 2703
2222 704
2885 1905
695 156
2205 2582
1829 1780
2018 2128
1787 1830
892 2248
1912 1846
299 1561
2001 2198
2943 358
1970 2949
1071 1765
2572 1141
2835 2845
2689 2581
583 2977
2071 2263
1725 1788
2993 1650
2994 2995
150 2156
2954 2300
1733 2751
1129 2410
1725 1846
1525 2467
2996 984
873 1843
2063 2563
687 2170
1568 966
1934 2038
1257 1384
2198 2002
794 2997
1896 2128
1571 480
1284 2998
912 989
2832 1862
1094 2849
32 2951
1931 1756
2490 2864
1806 1788
2639 1731
383 583
2391 2909
1940 2571
2027 2665
1395 87
2393 280
2278 2371
1832 1913
2409 46
2696 2750
230 2077
1914 20
2058 1886
1150 806
1520 91
2473 1087
2999 3000
2432 218
1930 2263
1791 1807
2834 704
2897 2479
2513 2956
1881 2237
1919 2062
2966 1384
3001 1997
2811 3002
2736 2775
1984 482
2685 2762
836 972
1587 51
2066 2495
2442 2095
1945 1777
1758 1859
15 156
933 522
2439 1251
2267 1805
1751 2646
2330 122
3003 2978
3004 3005
2071 1782
1754 2104
2332 778
681 436
2832 2329
1921 2188
1882 2175
1245 108
2391 2008
828 2905
2278 1202
2767 2011
1156 2534
1810 192
2235 2499
1387 2878
2157 274
2334 1740
2641 2580
888 2779
2501 992
2823 2938
1291 2701
2155 2850
2812 2926
1742 2210
452 1038
1846 1807
2700 2626
2866 1786
3006 3007
1705 2222
2903 768
2398 1904
2483 116
2877 622
1843 2633
1306 2315
3008 168
34 3009
2897 2480
2229 2082
771 2064
2283 1906
3001 2756
2346 1715
2445 1873
2264 1897
1148 3010
1898 2265
2238 1902
984 438
1251 1717
1428 819
2611 410
1050 2321
2038 1708
190 2938
1576 355
2173 2958
2983 2509
1711 2258
1984 2077
2995 3011
1050 258
1883 2362
651 1918
2936 349
2080 2523
2555 2161
1815 1280
2312 974
387 1908
2116 2542
2762 984
2132 1141
1829 1828
1912 1828
2026 2053
2130 1184
2829 2990
1753 1827
1148 1745
1547 1989
2088 1859
2117 1795
1988 1547
1678 698
1144 2790
1829 1934
2226 395
2632 2054
1587 134
2036 2331
1883 1875
3012 2766
1971 2909
1879 857
2104 1828
2553 2202
327 1744
2564 2622
1623 1624
315 519
2024 1922
804 1452
1871 2178
2388 320
2109 2892
1342 1144
3013 3014
2558 2631
959 1635
1990 2180
2742 2259
2169 2200
1944 1789
150 224
2778 2117
2117 946
1207 1252
2143 1922
627 2947
177 646
279 639
2094 1273
1824 704
1071 3015
1336 2979
1375 2222
2006 169
2348 2701
2104 1827
2887 1510
2462 3016
2293 1578
2555 2604
1846 1827
1824 2222
2394 2152
2664 116
1089 1948
237 2005
3017 3018
2360 2242
2866 2464
192 265
2596 3019
1719 790
617 308
688 1722
151 1331
2445 2039
1342 3020
2353 2103
2733 2269
2239 2932
778 3021
1720 2210
2117 2343
1724 2823
2398 2885
1151 1966
387 2258
1207 2005
2397 2322
1947 1155
2758 317
1987 2010
3022 2612
2442 1071
2925 2451
1916 265
2374 428
588 2722
1708 2104
2729 2781
3023 3024
464 327
720 109
2385 2053
2058 2306
1704 2622
1704 2178
1829 1781
1923 1244
1903 2901
1753 1832
1643 1644
1148 892
225 2904
2224 2720
2574 2751
79 512
2157 163
1705 279
285 1948
1904 491
1859 2017
2369 2717
2741 2822
2946 2547
2380 2624
2208 1978
1718 1711
2224 2327
2478 1219
2410 1854
1915 921
1753 1846
2012 2981
2982 2087
163 1854
1736 2403
1089 2268
1806 1913
1707 1827
800 630
3025 3026
254 1452
2528 2666
2246 1866
3027 718
2459 2984
2148 156
2608 2562
2016 1141
2698 1499
224 122
3028 573
1682 1685
2331 2713
1849 2613
2532 169
2432 2392
804 1974
2045 2210
2395 2225
464 580
1758 2088
1902 2901
517 3028
2974 710
1071 3029
2266 1804
2840 2274
2481 2139
2595 3019
418 2340
2564 2178
762 1459
2765 3012
1832 1788
2615 2839
171 433
2246 2802
1836 1827
2140 1946
2906 2842
1934 1708
2386 2624
824 3010
24 2326
1939 2760
2038 1913
1251 943
535 426
2603 2136
1877 1148
627 622
2607 2951
2139 2128
2516 2425
1788 1836
1780 1806
32 3030
848 775
2967 3031
2879 1326
1578 652
2622 2178
2349 2759
1789 2104
2055 2106
911 1056
2843 972
1822 869
2287 2083
888 2476
365 2410
2542 2111
1791 1780
2146 1875
1395 1924
1703 2178
1829 1913
848 2243
2787 2976
1795 2118
2861 2868
3032 3033
1895 2129
1875 1739
1671 202
1986 2017
2368 2007
156 1953
1603 2989
873 2633
1587 2320
274 163
2100 1061
1718 1720
1835 1911
1909 230
2072 2263
921 317
1486 2328
2611 1808
1814 1279
1285 2285
2722 2674
2957 2487
2208 1819
2798 1959
1295 2226
3009 946
1914 2285
1331 82
804 832
2219 1765
2054 2622
2753 2744
2157 1854
163 3034
387 2210
2045 1741
1677 590
437 984
2183 1213
2065 2347
2156 2330
1830 1806
2488 1527
2630 2457
1142 488
2994 3011
480 972
1741 2210
1986 2010
412 279
2462 2801
1832 1780
222 522
574 105
387 1874
2810 3002
2115 1922
1870 2622
222 819
2429 2549
2767 1063
2290 591
2542 2110
778 1872
1979 30
422 644
2362 1739
1943 2024
2548 298
2955 2791
1944 1828
2929 2973
2438 1983
2214 824
156 1087
1723 2083
1912 1787
1392 194
2047 1015
658 998
1913 1807
1682 1061
1934 1806
517 2000
2520 590
1781 2038
2434 2715
2104 1807
1547 2484
20 2285
2630 2656
2408 1689
1707 1789
1251 704
1253 2276
1415 175
674 2351
1753 1708
65 2458
729 1484
3035 91
3022 2613
1916 1767
61 289
3036 3037
2116 2110
2366 432
2092 710
2953 335
935 82
2689 1026
159 1367
1253 2881
1912 1807
1703 2622
1253 953
799 946
1871 1704
3038 3039
2541 173
365 1854
1678 382
2215 1148
2632 2622
2753 2470
37 1744
1758 2010
810 704
2614 1722
627 2468
3040 3041
112 453
884 646
1911 2720
476 231
1824 258
3042 1255
2887 1090
1974 1452
1829 1792
2079 169
947 1821
1699 1700
1829 1827
387 1711
759 44
2788 1960
2185 2592
1895 2139
1703 2273
1789 1828
2253 2472
824 317
1626 2424
2146 1738
2481 1896
1061 2039
