3425 11793
82 5885
11794 11795
11796 11797
4311 8942
9587 9610
11798 3604
6679 151
11799 11800
11801 4145
11802 11803
11804 11805
11806 1307
11807 11808
11809 9646
7751 1609
222 433
11810 11811
11812 11813
11814 11815
11816 11817
4220 11818
11819 11820
11821 3123
11822 6790
11823 616
3446 1761
4806 11824
11825 11826
495 5910
9806 2898
1666 3073
8650 3374
954 11827
11828 11829
7165 11830
9056 11831
7391 11832
11833 82
9808 2041
11834 11835
11836 11837
11838 11839
11840 1536
3093 3094
11841 11842
1347 410
11843 11844
5723 11845
11846 11847
997 1761
11048 11848
8896 9086
11849 11850
11851 116
11572 11852
1251 257
11853 11854
11855 11856
2106 8982
886 7437
11857 11858
893 3396
11859 11860
7035 11861
11862 11863
3021 11864
8725 11865
11116 11866
11867 2769
8753 11868
11869 2748
3154 11870
11871 11872
11873 11874
2636 7795
4702 7757
4806 7796
3439 4040
3289 11012
11875 4583
4767 861
2989 11876
2562 11877
1216 2647
920 9842
11878 11879
7360 11880
9701 11881
11882 11883
3846 8729
11884 2540
11885 1069
5271 883
11886 3165
1137 5952
5807 317
11887 11888
8200 11889
151 7808
7812 7813
11890 11852
11891 3166
11892 10015
888 11893
308 1685
11894 116
302 7905
11895 6006
11896 463
11897 11898
5216 11899
873 11900
6766 72
11901 8927
4657 11902
11903 536
10400 11904
11905 11906
11907 5005
7824 984
8056 11908
11909 11910
312 313
11911 4571
6310 349
447 5332
9867 2690
11912 2106
7155 1735
11139 11913
11914 9279
5137 11915
11916 11917
90 32
10960 1363
6905 7835
11918 11919
11920 7400
11921 11922
11923 11924
7420 808
2920 11925
362 2170
11926 9701
1133 11927
2941 984
11928 11929
11930 3223
300 3571
11931 8135
10794 8829
5094 2376
11932 11933
11934 11935
1778 7852
29 9885
7854 51
4853 3214
3208 2029
2170 5491
11936 11937
11938 7601
11939 11888
11940 2491
11941 11942
1015 9889
1800 11943
11944 11945
7541 11946
11947 11948
10689 3545
11949 10499
19 4048
6027 1423
11950 11951
278 7866
11871 11814
11952 11953
1929 7872
4756 11954
3729 11955
3840 11956
3464 11152
11957 471
3292 11958
11959 11960
11961 11962
4976 8312
11963 11964
2848 9714
11965 11966
3769 11967
9916 6673
2463 5137
11968 9757
11969 11970
11971 11972
11973 11974
6044 6045
11975 11976
1610 4590
11977 11978
11823 10044
9929 9420
11979 11980
9780 888
1144 475
11900 254
1114 952
8138 11981
1536 9930
11982 11983
11323 188
1114 3396
9935 158
11984 2363
11985 11845
11986 11987
1083 384
11988 2763
11989 11990
11991 11992
9701 11993
647 11994
4137 9942
11995 5271
11996 11997
6568 6692
11998 11999
3731 12000
12001 12002
12003 4505
4137 7905
12004 12005
151 2393
10918 12006
12007 12008
888 70
4461 4618
12009 12010
12011 9421
12012 12013
1519 71
12014 12015
6766 3936
12016 12017
47 12018
12019 6640
12020 949
1144 10308
12021 12022
12023 7811
12024 3429
8942 9506
12025 6959
12026 12027
12028 12029
1093 7719
1481 4636
12030 11998
12031 12032
12033 2801
163 5654
11232 12034
265 3216
12035 12036
12037 7722
3252 12038
12039 12040
12041 12042
1072 4640
12043 12044
12045 3745
3425 12046
5481 12047
12048 11425
536 12049
12050 12051
2738 861
12052 2774
2669 3285
9298 5590
90 5807
7238 9271
12053 12031
12054 12055
11887 12056
2920 9988
1165 9486
8681 4571
12057 12041
4856 7687
12058 2425
3219 2087
12059 413
11921 9262
11867 9669
3204 384
12060 6517
12061 5170
387 1026
12062 12063
975 12064
12065 553
12066 12067
12068 12069
12070 12071
2021 1251
24 1333
12072 12073
682 78
2748 9086
12074 12075
12076 2318
12077 12078
12079 12080
12081 12082
12083 12084
1719 3289
4976 410
32 317
10019 1395
209 12000
7971 7972
8067 1216
5973 2337
81 12085
3464 7309
7812 5578
5581 9045
8774 4942
2203 11425
151 665
6766 12086
12087 11598
12088 10955
12089 3749
12090 12091
12092 413
151 7974
7975 1155
12093 2611
6692 1092
9482 14
3252 4522
12094 3392
12095 5441
12096 12097
10043 3166
12098 892
12099 11917
5202 8258
7664 5332
5161 9666
8400 12100
12101 12102
2825 4740
12103 2989
90 12104
12105 12106
433 410
12107 12108
1820 2338
12109 12110
3489 12111
3462 1062
12112 12113
5648 12114
12115 433
11983 739
11540 12116
6047 3700
2736 12117
12118 12119
9136 107
12120 682
12121 12122
7541 10213
12123 11819
606 3141
12124 12125
4749 10634
12126 12127
2673 557
5737 3178
7615 8001
6382 12128
2266 11834
12129 3453
12056 12130
4837 3289
10056 9840
12131 12132
12133 12134
1148 8002
12135 12136
12137 10777
12138 12125
12139 11805
11800 12140
12141 12142
8067 7579
12143 12144
12145 11913
12146 256
12147 12148
3555 2041
4675 10063
1395 12149
12150 12151
12152 12153
11900 317
12154 12155
12156 12157
820 6964
6176 3781
12158 12159
12160 12161
1571 2876
1555 724
2134 5807
9388 12162
8013 1926
7923 82
708 12163
9711 950
12164 12165
12166 12167
12168 4119
12169 9679
12170 1217
10043 12171
12172 11902
12173 1690
5094 90
12174 12175
10440 12176
12115 8671
3610 12177
12178 12179
5492 12180
12181 12182
12183 1948
3754 913
10097 1567
997 12184
2337 12185
12186 4390
12187 12188
4664 5769
5009 522
12189 12190
11911 2774
12191 12192
16 122
7541 9483
7664 826
2223 2504
12193 11991
12194 12195
155 12196
12079 12197
422 12198
2087 12199
12200 122
82 3396
9840 9271
1685 317
1929 7405
327 2134
12201 12122
12202 12203
3165 12204
12205 12206
12207 12208
12172 4657
2149 8671
4785 997
9580 12209
12210 480
8118 4942
11887 12211
9245 280
12212 3803
763 70
6430 1292
12213 12214
8060 5000
12215 12216
6229 6230
12217 12218
8861 974
12219 12116
702 4538
8312 11325
12220 4841
11036 12221
12222 12223
4284 8056
163 5244
12066 12224
687 4539
12225 12226
8072 983
11806 5944
447 10130
12227 5027
7937 1144
892 265
951 258
12228 12229
997 5819
3559 8
1119 9486
412 2907
1216 9506
12219 2876
4853 533
1307 9189
8082 8083
4806 11863
11794 984
12230 1924
12231 12232
11930 9279
6509 12233
12234 839
12235 12236
12237 12182
12238 12239
437 8130
11152 7309
11282 12240
1924 1488
6166 1717
12241 7420
7812 280
12242 10767
3745 12243
4877 2950
8605 12244
10768 7998
12151 12245
1714 1820
10151 9850
873 175
3548 2037
12246 4145
1709 4051
11106 12137
12247 12248
11571 12249
90 11946
1121 12250
10015 11893
78 4882
1594 10253
12251 12252
12253 2433
116 591
2876 616
3154 12254
2463 12255
12084 12256
1052 12257
12258 12259
11911 12260
12261 11441
31 12262
2748 8896
2363 10162
2900 12263
12264 12265
12266 1174
1835 10213
2376 2029
8829 10440
12267 12268
8118 8119
8957 10868
1676 12269
10024 12270
12271 12272
12022 12273
12274 12275
5519 12276
2974 3024
4957 826
488 313
3165 12277
1802 12278
12279 12167
12280 12052
12281 12173
4571 12260
5854 7503
1423 12282
12283 12052
11323 806
12284 4837
11917 12285
11506 11827
12286 2611
763 32
12119 12287
12288 2029
222 2486
12289 7413
11789 12290
12291 7996
12292 12293
9978 2346
3565 12294
7268 82
12295 975
12296 12297
12081 12298
286 523
12299 12300
12301 12302
4806 12303
11892 888
254 1083
10201 828
12171 12277
12304 12305
778 10063
7503 9886
3996 4505
11690 280
1090 1222
12306 12307
12308 12309
12310 12311
10208 82
4806 12312
224 6310
8339 12313
6766 9896
2637 6502
3570 82
12314 12315
12316 3154
959 5658
5202 428
10216 643
12317 892
3708 388
12318 2624
5917 12319
797 739
6320 1722
6266 11831
3572 12320
9184 11832
12321 12322
12323 12324
12325 5033
382 433
12012 12076
12326 12327
12060 7687
12328 151
855 4740
12191 12329
6673 5258
12330 4911
12331 9758
2363 12332
12333 5910
11232 12334
151 573
2047 824
12335 12226
32 313
163 12336
4574 6627
12337 2274
388 10238
488 32
1743 12108
12164 12338
12339 7157
278 12340
12341 9641
6278 12342
8198 974
9637 12033
2748 3068
199 8200
12343 12344
12345 12346
12347 8538
12348 3761
2183 12349
12350 984
12351 12352
675 6047
764 12353
12162 9272
5324 12354
12355 12356
5181 2774
12074 12357
12358 12359
2401 10254
12074 12360
4988 81
12361 1052
4246 12345
11506 954
524 765
2337 12362
9692 12363
2249 10262
12364 2848
12365 12366
3216 317
4397 5819
410 10263
12094 8331
659 998
4404 10264
4806 10265
12149 3073
2420 10015
8681 3176
12367 5971
12115 2249
12368 9714
3943 8213
8217 8218
384 2247
12369 8200
12370 12371
12158 12372
12373 12374
4330 12375
5009 2029
11186 5000
12373 12082
2637 12045
5244 12336
12376 4378
702 11798
237 1924
12377 12378
923 2534
3214 3446
984 477
12379 12380
4988 12085
6240 12381
984 12382
11944 12383
9748 12384
1685 888
12385 12386
9896 12387
12388 12389
8312 410
4988 12390
2516 10474
12391 8776
5027 51
12392 12393
12394 12395
12396 12397
984 158
8991 10672
2274 10275
29 12398
12399 2171
470 8331
42 12400
12401 12079
12402 9930
11949 2604
12403 2736
2738 12404
12373 12405
12406 12407
5190 8036
3063 433
12408 1015
12409 12214
4118 12168
2692 12383
12005 11985
11958 4856
920 179
12410 12411
12412 12413
749 11875
12414 12226
2941 7824
12158 12415
12193 12416
5094 254
5391 32
12121 12417
12418 370
12419 12420
2830 12421
2795 845
3049 5348
12422 12423
12424 1354
2341 1423
7808 12425
12426 122
37 12427
4384 913
10831 12428
7975 7437
5566 9075
12429 5833
12430 12431
2669 3890
7389 12432
19 7923
8250 8251
3166 12176
7330 5885
3445 3073
12433 7001
5728 12434
1714 3793
12435 869
7848 826
3075 3700
5332 12436
1666 8258
12437 8566
7727 12438
8 813
12439 8261
11871 11820
82 6374
12440 11928
12441 1333
5806 1307
11889 6575
6430 6431
11884 12442
8754 12443
8262 8263
6382 6121
2478 8403
8122 12444
2969 12445
3985 3761
5670 12446
7238 9272
12417 12346
8236 7795
1719 3708
951 3227
12447 5152
1915 12448
4337 4777
12163 12449
7196 12398
12450 3572
1820 12451
1347 9806
12452 12453
7482 2818
8170 317
12454 12455
11867 10703
12367 12456
12457 12458
12088 10262
806 188
12459 19
135 349
2372 5517
12460 74
12359 12456
8605 12461
2372 5060
1313 8287
10341 450
8217 9415
1571 616
4679 8064
5565 12462
12463 1555
7253 433
7253 70
12464 12465
11778 4051
1089 5769
151 7923
1481 12466
12467 12468
12350 3446
7596 12469
308 70
10344 4404
9013 12470
12471 12472
2372 51
12147 12295
222 32
12473 12474
6455 6456
10015 12475
12476 7268
12477 78
11830 12478
4246 12417
12295 12064
1216 8942
72 8312
4220 12479
254 11946
12480 12481
12482 12483
6266 7125
1083 317
12366 12484
10488 12024
12485 12486
12487 12488
9130 1144
10043 12489
11900 2247
12490 12491
12492 12493
416 10354
9082 3392
4916 6766
2211 11832
10794 6688
11812 12494
12020 12495
222 861
416 1283
12496 12497
8309 651
933 12498
2558 12499
12500 1626
12501 10826
299 10361
682 12477
4278 6473
3705 12502
1121 1287
327 2247
12503 5917
10366 10367
254 410
11833 3570
4012 965
12504 12505
7813 7405
12506 8644
5094 433
5444 12507
4683 12508
12502 12174
12509 3289
5160 5161
7043 82
12510 12511
12512 12513
480 6921
12514 12515
12516 2989
12135 12517
12518 12519
12520 12521
94 8330
12316 12522
5696 12523
12014 12524
12525 12457
10360 10474
12526 12527
5856 12049
1333 103
1114 12528
10390 1915
11925 12529
9262 12530
6277 3216
7836 12531
4571 12052
12532 2757
11859 12533
8339 5234
1833 7923
4404 6299
5263 5332
6509 6456
1144 12132
1347 1520
12534 12535
299 11935
12536 12537
1307 3931
1347 763
3392 471
3021 11425
2163 10867
2249 8671
388 12538
12539 12260
1137 5209
2278 12540
12280 12260
12541 6112
11017 2733
2344 433
9388 12542
4976 3068
12543 12544
12206 12545
12503 12546
12547 1034
490 12548
4664 902
12335 12414
12295 12148
12283 3176
12483 12549
12550 12349
12536 12457
16 349
9756 2413
702 3462
12551 12552
959 7970
12553 12087
12554 12555
1685 70
11886 3166
3013 8729
12556 12557
7664 3780
2748 12472
151 3779
682 4882
12328 665
3840 105
12558 32
10165 7309
5951 10415
6672 3166
4448 12559
2249 2344
5807 384
12560 3840
1370 1371
5769 2267
12561 9783
12562 11927
9184 279
1467 3749
9184 3141
257 12563
12564 12565
8001 12046
3292 4461
2651 892
12566 11828
11887 12130
11900 1083
12567 12568
12569 12570
6542 6045
2183 9379
12571 12572
4614 7389
12573 12574
10133 12575
9896 410
12323 12576
12528 11107
12219 616
12577 12578
1165 5369
12579 11221
11796 12295
12457 5774
2380 12580
12292 12581
2736 11927
5833 371
12582 7155
1395 12583
12584 4218
12585 12586
11795 984
12587 12588
5819 12184
12589 2472
2225 2739
7782 7161
976 1536
3946 3021
11906 12590
2163 362
12591 12413
675 3700
12592 12593
5679 12594
12595 12596
9869 70
5094 5272
1071 892
12597 9323
6807 12478
12598 12599
682 12600
2683 992
7287 3343
12306 11814
1833 12601
9916 4505
12602 12603
4916 9086
12604 12394
11839 11960
12605 10133
12606 5137
3068 10216
12607 12608
11807 12466
9896 4956
3741 6568
90 888
7836 12609
12610 12611
1096 1065
12612 12613
12614 52
7905 12615
12616 12082
12045 3075
1824 3974
12617 3447
12618 8478
2748 2247
1144 1069
4911 8330
12307 11815
199 6575
12298 12374
997 158
12619 12620
12608 12486
12621 1292
12622 12623
12624 12625
1714 964
12626 1269
1520 317
12627 9610
7812 7405
8886 12628
7072 12629
8774 7796
12630 12527
388 11669
1151 7360
8001 2611
12164 2336
1924 2305
8439 3781
2581 3078
2130 11809
12137 12088
12631 12632
12633 12634
12635 9941
10460 12636
1823 6596
12637 12071
4059 12638
7287 7996
12086 4956
2249 433
4246 12122
12639 2287
8448 32
317 410
12331 12640
12641 12642
5481 3618
1757 8453
3027 1900
488 12471
12643 12644
10485 10486
8001 12093
12645 2830
12646 12236
10488 3429
9680 2935
12022 12647
8400 7902
12648 1210
12616 12373
12003 8448
12649 12650
12651 739
5202 1666
5021 12652
12653 11808
8799 12654
536 12655
3029 9379
12656 12657
12658 12659
12660 12661
6944 6640
9680 12662
633 12663
12323 1347
6166 11901
1198 6672
12664 12239
10499 2604
892 1605
12221 317
12665 12666
12667 12668
12669 10162
12670 433
12671 3024
12672 12673
8774 4008
911 10213
12674 12675
12676 4070
5965 6615
12193 12677
12678 8616
2249 522
12679 12680
12681 6568
12682 12120
3068 10524
6766 2748
4916 1363
12683 12684
2014 12685
2417 3084
1684 12686
1929 5955
480 12623
8478 1331
7852 10513
12076 2319
9580 2533
1823 12687
11886 893
6521 5244
5244 5654
12688 8843
12689 8349
308 317
158 1761
12399 11818
517 12256
10524 10216
8328 6131
12690 2208
920 892
12691 12692
4798 12693
252 12694
1144 952
12695 12696
4505 32
12697 12698
2134 1520
9702 12699
258 10263
9850 590
11834 11411
90 11994
12700 12701
12702 12703
4183 71
1074 16
1849 12100
12704 12705
384 4334
5566 7624
12706 12707
6989 6444
9978 6416
12708 12267
12709 2857
10536 952
7330 9564
11892 12710
2363 3696
3705 12174
11840 4633
12711 6382
8060 8503
6653 12712
12713 12714
2363 12715
12716 12717
6658 6659
845 7976
1114 82
12718 12719
12720 7296
6193 4430
2748 384
12721 12722
12723 10582
888 2134
11926 12699
327 317
12724 12374
12725 1106
6318 616
12726 12727
4721 6047
12728 8528
11825 1594
12729 12730
8118 7937
12731 10705
5973 2338
7854 5209
8442 826
712 8929
12460 12309
12412 12591
6672 893
2931 455
11832 3141
5661 12536
4806 12609
5441 12661
410 2247
4951 2067
12732 12456
6616 10904
12604 12395
5565 1662
12733 12198
12591 3024
12734 6455
12735 9189
302 12736
12737 643
308 763
12298 12405
3075 6047
179 8529
8639 2106
11814 12738
8403 913
12733 12739
1354 12740
116 9189
10567 2950
151 1673
1383 9386
9627 11152
8461 11870
9062 116
12065 12741
94 12330
12742 12272
12743 158
4786 4278
2278 946
12744 12745
10891 12746
718 10486
5094 32
12747 12748
3565 47
2296 7296
289 765
4806 4556
2409 12749
10578 2326
151 1144
4769 7866
1119 5369
10582 3196
3643 984
2988 12750
8339 12751
12752 1690
9869 12753
382 70
11237 6949
10777 12754
2208 11937
4612 826
828 12755
12351 10601
12756 8119
7923 7731
12605 9420
6615 12535
12214 12160
327 1520
5566 724
6193 1026
11870 12254
12416 12677
12648 12757
12758 8151
199 10599
9818 10601
12759 12760
2042 2801
576 9308
3846 6705
839 12761
12762 11861
11920 828
12763 12224
6318 11823
12764 12649
12765 12766
3943 3650
9660 12038
12152 12767
12768 12712
12769 6341
6713 82
9500 12770
362 976
12234 12771
3946 82
959 8435
12772 12094
9163 4189
12773 12565
6783 12774
11147 1144
12775 11956
12776 12238
42 10634
12777 12778
12779 1255
8875 2960
12780 12570
1074 122
12401 12197
12220 12395
12492 780
6723 6724
10918 12781
12646 12360
12782 12783
12784 10657
1137 12785
12333 495
382 317
12786 1660
7428 10633
8503 10634
7155 12787
7532 10331
12205 12788
32 5807
778 5665
5094 1520
12376 12060
9489 3141
3166 12789
12790 11238
441 3589
280 103
2087 651
2611 12046
12791 304
4585 12792
8899 11956
4496 12793
12045 675
8844 12794
1516 12795
8597 4408
12796 12797
6027 883
12798 12359
11892 11893
12048 2203
12799 1644
2274 826
8595 8602
2296 6111
4806 10063
9343 12800
12801 832
175 5807
12802 12803
9818 12804
2748 2134
4378 7687
12805 1536
1198 3247
12806 6341
12722 11915
11843 12042
151 953
5492 12807
12808 12809
10052 5549
12810 12811
5807 433
24 107
763 410
12384 8743
1313 6747
12812 12077
10661 10662
4648 2830
9627 9935
12813 12814
199 8549
3464 10582
5560 3840
8616 3429
12815 12766
12816 12817
90 1083
6277 5186
12551 11896
12818 12453
12756 7937
199 12819
12820 8956
12049 8669
12821 12822
1395 3073
8896 8312
2203 11864
9916 5258
12337 10275
12823 158
12641 12824
12157 12825
770 4712
12826 1660
12827 12828
12829 12830
11939 12056
11540 11823
388 8628
805 10672
5854 9886
845 6112
3814 349
6954 2532
5856 536
7056 1536
3396 11593
997 3214
382 32
12296 12831
522 10213
12832 32
10530 12833
8639 304
3985 8910
12834 6517
42 12835
12836 12400
8644 8645
5462 1567
2183 3029
1685 384
11930 2236
12837 12838
12584 11893
836 12839
12840 1566
10960 7389
2393 7974
12841 9063
7835 606
12842 12444
3252 9660
4767 3332
12351 12804
1676 8067
320 824
873 888
8660 1367
12843 12844
2177 12845
8453 3150
1015 5467
8666 4650
12709 12804
10133 256
828 8667
7196 12846
12847 7727
12831 12297
11886 12171
224 16
5785 935
10689 10690
12425 12848
382 175
12537 12849
12192 12850
10390 9762
762 8671
12851 12852
6905 6568
12853 12854
12855 12856
3219 12857
892 587
872 175
8865 6230
15 6299
12785 5209
12858 531
12859 12860
8875 12861
12005 11845
848 12862
5467 475
9896 3178
5216 2773
151 8051
12191 12863
2093 12689
1644 12038
8713 861
12539 11911
12864 1567
6791 128
5163 4959
4612 12436
517 12865
1090 12866
4461 2883
151 8056
10703 2769
4837 4430
12867 12868
12210 6921
762 12088
1151 920
11894 11700
12869 12870
12564 12106
11956 7296
6675 12871
536 10705
12872 9044
942 10703
12873 32
78 12600
2636 9420
1824 2647
12539 12052
2149 2344
19 7731
12812 12078
8692 517
597 12874
12390 12875
5009 2249
11926 9702
12876 12877
12878 12052
12879 5163
12880 12571
1673 3068
2857 12804
3936 4956
12881 11907
3058 6799
12866 8319
2211 3141
12882 3120
12721 965
2417 934
12338 2336
9896 11325
11886 12883
10936 12745
3593 5560
11874 11955
3445 12884
12048 82
10714 8729
12409 12213
11896 12552
12566 11829
12885 10415
10459 4155
11440 12628
12886 5163
12043 954
7420 12887
8749 12347
12179 12208
4264 1383
12426 7859
12558 12888
12235 12074
12889 11059
1444 94
3090 3406
12476 6374
12107 12890
6806 6807
12891 12892
12608 12893
12283 2774
12894 12895
12896 12897
317 1155
2341 12898
12899 12069
433 11946
12900 1887
888 384
12345 12901
12902 233
1743 12903
1347 12576
6812 2558
8036 12904
5258 4505
12461 12244
10732 10733
12905 12880
12152 12906
1304 953
8349 8723
10736 6929
824 10657
8724 8725
1144 8108
2463 4040
11888 12907
1074 12200
151 517
11976 12908
317 384
24 12488
3302 151
750 12909
10043 11886
1833 8753
3154 6176
762 2249
6318 12219
11869 11946
12129 265
12373 12822
10344 10745
5332 4612
11980 12229
5950 8
1481 12653
10460 6606
8735 7918
1428 5658
2346 10634
12910 12911
12173 12912
12913 192
11826 10253
4792 12879
12059 12914
422 12915
3492 12916
11796 12064
836 12917
9840 12542
12918 7926
12744 12919
12230 2690
8251 12920
12921 9850
1313 8743
532 9935
37 646
708 12449
12625 12922
2748 11325
7629 2978
12923 3548
6826 3708
7937 4942
2748 5807
11282 12867
11555 12200
12924 151
778 4712
873 90
12925 9063
12926 12506
10985 12927
2211 9489
3103 12795
2375 8753
12928 5833
1660 12929
3166 893
8886 12930
12728 12835
12111 9010
12931 12860
517 573
12932 12588
10982 8762
12933 4844
12934 3739
1548 8363
1198 893
1428 4359
1778 10513
12935 12936
12659 12937
10165 11152
12924 19
5094 1083
12938 12939
8566 12940
2376 7541
12941 5620
8761 8762
7541 1321
12506 3234
12942 1948
4384 8403
959 2509
12232 12943
12744 12944
308 175
6522 158
12723 3464
12086 12945
6019 410
12440 12717
12946 12947
12948 12949
11638 12155
10541 2037
12317 587
12792 12950
412 12194
151 1304
4786 10767
5151 5549
12951 5867
12408 9889
12952 12953
12169 12685
11882 12954
9596 9573
151 7043
12955 12356
12956 12175
12957 12958
4806 8774
1381 12959
8289 7935
9207 9188
12956 3705
12960 984
349 10633
865 4408
12961 12962
12963 12964
3214 533
12965 12907
12966 2326
5546 4702
6563 7848
10361 11935
762 10777
4785 158
12062 12967
4636 12968
9669 2769
12456 371
1444 4911
387 12043
3705 12175
11430 10386
8650 6631
12171 3166
477 438
12932 12969
12970 12971
11932 12972
12815 12765
12951 12973
12576 12324
12965 12056
12290 11790
7905 9942
12974 12975
9067 5578
3103 1046
1685 32
7565 1144
3252 1644
12775 8899
12976 3729
4155 6606
11991 12677
135 6310
12977 6799
3489 3429
12094 471
590 2521
5144 1685
433 8795
10794 3166
12978 8138
12429 12359
8798 8799
12979 12294
12980 12981
5186 3216
12982 12423
763 2134
12983 5216
5833 12367
12156 12825
12358 12367
3985 4794
5833 12359
7848 4848
5751 6172
12841 12925
12984 12453
850 10806
12119 12877
8597 865
265 317
12985 12986
12798 12367
7262 12987
12878 4571
1069 8108
1074 349
11014 12531
1685 763
7731 7043
32 70
801 12988
10344 5277
1114 2532
12496 8528
12989 12990
12991 12992
2782 84
7821 12993
12994 12050
279 12995
12350 12996
12997 12998
5578 7813
12316 12999
1347 11946
2848 13000
175 2247
47 13001
9886 13002
5137 965
13003 3029
8083 12654
13004 5348
2203 3021
873 763
997 633
2339 12727
13005 151
911 11946
12747 13006
13007 6783
13008 13009
3039 13010
12116 616
9222 13011
2442 2130
7761 1144
308 90
12120 435
4785 5819
2636 13012
13003 9379
8776 13013
8844 12941
12060 5665
3846 13014
13015 8331
805 12462
8814 1555
6826 12284
4330 13016
10400 437
7447 13017
13018 9386
12487 24
5560 105
13019 9044
2748 70
13020 992
9068 3447
13021 1372
13022 13023
12149 3445
12231 13024
12025 7119
12519 13025
6890 813
1114 4942
12560 8899
12376 13026
71 3063
317 11946
2042 12033
1743 13027
12736 13028
13029 12652
13030 1255
536 7850
13031 780
3392 8331
13032 13033
12688 8844
2575 11849
11996 13034
11900 1685
12105 12565
12213 12161
6141 892
13035 13036
12857 651
13037 4154
8645 3234
6570 10331
7465 266
1383 13018
13038 13039
4777 531
13040 557
11826 12657
6006 13041
7287 13042
886 7975
820 8130
308 888
12807 12180
90 1685
6880 952
12099 11916
883 1423
2920 12529
9824 1536
6472 13043
8182 13044
12119 13045
6434 1800
13046 8667
3710 2516
5718 4145
12088 2344
13047 11844
13048 13049
12218 13050
13051 1537
7998 11271
37 12723
12379 12856
11962 13052
8843 8844
9896 10524
6521 90
13053 1536
5216 5181
13054 10362
11838 11960
1198 13048
11555 5017
12563 256
13055 10388
2636 2516
517 4097
13000 9714
10857 1287
13056 1243
13057 10904
12869 13058
2344 3063
9970 13059
3204 8909
11839 13060
13061 5658
13062 6078
13063 2655
19 151
8013 702
13064 13065
9643 13066
13067 13068
4767 12404
12584 12475
4845 24
12456 5971
13069 13070
135 3814
892 8529
10868 10541
12945 3178
280 5491
1083 763
701 12343
4976 10524
15 12302
2748 4956
6075 3789
5723 12005
6554 3572
12983 2773
11869 888
11833 3021
13071 10672
12965 12211
8861 2093
1033 6923
13072 13073
13074 12514
3864 12922
5094 888
1089 4664
11814 11872
892 1169
12053 13075
13076 13077
12636 13078
8865 6229
13079 10450
3710 8171
6277 13080
13081 13082
12368 13000
151 152
12286 7402
13008 13083
82 116
576 5161
13084 12997
10732 13085
13086 13087
12359 371
265 3453
12525 5774
3513 12638
11810 10970
12094 10904
2375 11868
9627 37
11891 13088
13089 5170
13090 12385
935 8461
4942 10308
13091 12140
13092 3303
8875 8876
7832 1516
12231 12943
2691 8729
4118 4119
9684 13093
4268 8258
13094 12197
3374 10885
13095 13096
1444 12330
2773 2774
11979 13097
13098 12061
13099 10599
10432 13100
11927 12117
12868 13101
2781 647
12668 13102
12759 13080
9587 13103
1093 8435
13104 13105
13106 13107
1823 13108
533 984
4916 10960
412 12995
10894 2136
11152 9935
13109 7562
10830 11152
13110 883
13111 13112
9163 13113
12289 11795
13114 12631
12934 13115
4769 587
2780 107
13116 6615
13117 12356
4785 12801
2748 10216
9473 2534
4088 13118
9596 9187
762 13119
12682 4882
770 12354
524 289
10213 11946
1520 11946
8200 13120
9316 3429
12296 13121
10043 13088
12345 12417
5137 4040
13122 12291
8856 8396
12598 2425
12121 12346
12094 13057
6500 1144
12292 12524
13123 5381
13124 12270
2417 10450
11939 11887
8547 5383
7624 12463
1763 13125
11761 11946
9842 179
2575 11850
11123 13126
4806 13127
5546 4806
1363 8312
13128 13129
13130 9289
13131 13132
10255 739
576 5160
2060 237
5513 6956
8896 72
740 6431
13133 1115
12127 8043
105 8899
7855 10917
1800 4605
3178 4956
9730 992
13134 13135
12883 12277
13048 797
12122 12346
13136 2287
13137 2748
10453 657
1144 1115
13138 13139
12736 9942
3406 4629
682 6546
12130 12907
13140 13141
13142 8735
11887 12907
8909 384
6266 13130
11973 11901
1520 433
12171 12789
13032 13143
13144 1735
6961 6176
13145 770
5571 5648
382 2134
12649 13146
5441 13109
2337 13147
12917 12839
13148 13149
3996 32
820 13150
2349 3797
1347 5807
13151 11304
12510 11842
5021 217
4614 12635
8924 5955
5027 13152
6112 12778
10344 10264
12690 13153
12931 12859
488 278
590 992
4785 488
5661 12457
820 2941
13154 13155
8896 3068
13156 13157
12241 12887
892 5951
12982 12422
9896 12945
13158 13159
13160 13161
12034 1518
11869 2134
2021 2757
13162 12559
1395 10941
12317 13163
10942 5151
13156 13164
2941 3447
11796 12148
13165 13166
13167 13168
12312 4675
2692 13169
10902 6799
13170 12222
4390 13162
13171 13172
12878 11911
9298 4141
12101 12300
12634 6640
6658 12428
1497 13081
4792 12686
1151 11107
13021 1373
10450 1536
1411 8876
12716 13173
12610 13174
447 13175
7532 13176
254 888
12361 12257
1833 12425
778 4675
90 384
11911 12283
13177 10634
13178 13179
13180 12545
2637 3075
5381 1119
13181 12651
12768 6653
3846 984
10360 2636
237 12163
7503 13002
254 1520
237 1637
1207 2305
13182 3429
151 2825
13183 13184
2344 10955
10857 1121
12816 13185
327 433
8754 13186
11851 12735
13187 12146
1216 3974
13188 13189
12234 12761
2935 12662
362 10957
893 12277
6310 12200
848 1333
8942 2647
30 643
13095 12270
13190 12788
13191 12937
13192 13193
3176 4571
437 151
12104 13194
13195 6575
12253 8716
13196 3023
5546 7757
13122 7287
72 2733
12818 12452
13197 12718
8814 13198
836 13199
13200 5272
4913 4384
2093 13201
839 12771
51 12785
13202 3166
2442 8956
12772 13015
13203 12647
13064 497
11899 21
13066 9644
8122 2193
7332 12427
5917 9072
3936 1363
382 11946
13204 13205
4806 12531
13033 12549
13206 13207
13208 12197
13209 5467
13210 13211
12798 12732
12694 4334
90 175
12185 13212
12351 646
9067 7405
13137 3936
11833 7367
2337 12465
10904 6711
3429 9317
12640 9758
13213 11594
32 13214
2372 13215
7297 1282
4670 12655
3930 2269
5950 813
9191 6672
7835 3332
8251 4942
12264 5225
12830 13216
13217 13218
11916 12285
11298 13219
488 861
12307 12738
8973 8974
1347 2134
13220 1947
5517 51
8122 12842
12580 2624
763 1520
12717 11929
13221 12295
13222 13090
13223 13224
370 4217
2203 13225
13226 13227
7824 13228
7481 13229
892 1948
762 13230
12633 6640
12326 13231
9415 8218
422 13232
12004 11845
6939 10989
778 7687
2857 12351
12120 12477
8038 13233
8065 12689
2733 10994
8689 6688
4702 4556
10995 10996
13134 13234
9534 3262
2344 10262
2811 8984
10043 12789
8407 2692
12101 13235
1719 4837
12752 12173
13170 12223
774 13236
8875 2508
1596 10435
1824 8067
12279 12166
13237 13238
2409 13239
12054 12972
12346 12901
2748 5819
7029 4522
13240 2266
10634 6416
2337 6416
13241 5590
2480 3464
13204 13242
4404 5277
9283 13243
1833 7043
13241 9299
175 32
5190 771
7836 8774
13244 13173
4702 10265
13076 12575
12816 13245
13246 13247
13248 11924
13249 12992
13250 7019
12914 413
13251 992
1824 1129
1047 2225
13244 12717
770 5324
4976 9086
11975 12112
8051 4740
8442 7848
13078 6606
1685 2134
12664 12776
2543 13252
12611 9589
7866 587
2106 4753
8056 964
11833 6374
4228 3063
1207 1864
12546 5917
2857 646
13253 13254
3862 13096
1729 522
13255 12962
12520 13256
1709 12846
12983 2774
5021 13219
911 522
13257 8287
13225 3021
997 4679
9489 7835
13258 12304
5517 13215
13181 11983
11007 1723
12604 4841
4048 7043
12298 12821
12308 1520
13259 13260
155 5444
13261 12203
13262 5590
13263 12382
11976 12113
9005 9006
13264 13265
9748 8743
13266 12105
13267 7241
13268 8217
12270 13096
12618 1331
11870 3781
9896 8312
6193 4837
4837 11012
13269 13270
3439 13271
13061 1428
2974 12591
13272 2375
12043 790
11911 3176
11905 13242
7795 13273
11986 13274
4767 13275
12753 70
952 953
13276 13146
433 317
1298 12808
5566 1555
13277 12792
11238 13278
5517 5209
2983 13279
1685 1083
888 11946
12744 13280
2376 2093
12171 12883
13281 13282
13283 13284
6688 1644
4841 12395
12578 10981
12913 13285
11871 13286
975 976
9268 13224
13287 12389
13066 10994
984 13228
9006 438
13288 13289
2478 3396
11851 9189
9489 2907
2521 9021
1685 5807
4271 11990
1795 13290
1209 11840
9013 2223
647 7059
5561 7856
4625 12578
883 12282
8921 12694
13291 13292
873 410
2769 2220
13293 13294
81 12875
9489 9184
702 1210
4141 9299
13295 13296
13297 13169
2651 317
13086 13298
12086 1363
13299 1009
12060 5471
308 11946
11430 13300
10165 2480
1383 46
12086 3178
11982 739
1047 13301
11036 317
7855 12291
12001 13302
3090 12778
12241 1709
12945 4956
647 7761
4237 12427
12292 12015
47 10806
2093 8723
12280 4571
13303 11870
3189 12995
4882 435
13304 7996
13305 12962
12801 5849
12689 8723
13306 9760
4008 647
12555 5032
6675 13307
308 2669
12682 682
12477 435
5467 9889
13308 13049
13032 12483
6610 8130
1653 11042
13309 11829
12148 12064
2480 3196
13246 13310
2931 12156
1660 3793
13311 433
12201 12901
935 6371
12782 13312
199 13313
7309 3196
12081 12374
1058 1059
13314 13315
257 266
10745 4404
3392 13316
254 5807
13317 3998
1823 6172
10634 12497
11569 587
11669 8628
122 704
51 13215
8671 433
12345 12122
8612 8814
12601 8753
13318 13225
4749 6416
12120 4882
1367 9044
13319 992
6554 9508
12287 12877
12710 12475
12429 12358
13320 3998
13321 5549
1096 1066
997 5514
2748 9896
13322 13323
8650 13324
13325 9387
8059 8396
3302 6880
12639 4145
13326 12258
2463 3439
13327 5656
13328 8754
422 7996
3673 254
13329 2363
4183 4228
9388 13330
15 10745
13331 8792
12709 646
6563 13332
7872 7813
10777 12088
199 13333
7808 12848
382 888
12905 12572
3368 4041
12723 11152
1430 9061
2748 832
12978 11981
5981 6777
9281 13334
1083 410
3075 12243
12846 643
13335 5163
9643 13100
13208 12080
9760 3665
2203 82
8549 13333
12576 5610
682 435
6310 122
1148 824
3930 2733
820 11795
13336 13031
1476 6145
6766 3178
12306 11819
13036 4683
16 6310
3219 8309
9075 1555
12878 12260
3088 13337
5751 1823
9748 13257
13231 12327
9077 3429
5981 13338
11950 13339
12434 13340
888 2247
13341 5179
12661 7562
1106 13192
1287 12250
861 32
1924 30
12083 517
13085 13342
13343 7609
8650 13344
12472 158
687 7090
12311 13345
6370 8170
13346 12030
5661 12525
11869 1347
12441 24
9917 452
6766 4956
13347 13348
12851 11585
12280 2774
11797 12147
12764 13146
11993 12699
12708 5661
3406 12778
1757 349
3103 7832
13349 12338
576 13350
8001 13351
4384 3396
13352 3604
12404 861
8327 647
8013 3462
13001 12294
13353 12685
7795 9420
1090 7900
848 13354
888 4218
5039 3797
1069 570
4786 12242
362 9135
1114 3779
12554 5032
11380 1446
13355 10705
2134 433
2093 6020
5806 12735
6568 1092
13356 8956
9730 1446
12246 13357
13358 2907
3954 3749
13359 13360
5094 317
13361 13362
1165 1119
4794 13363
9896 72
11088 6341
13364 13365
13336 780
3406 6112
10613 13125
774 9316
12748 13006
6521 11994
12743 12823
1467 3954
13366 7360
828 13367
13324 6631
2682 3030
4756 13368
13353 2014
12942 892
12205 12545
5094 7027
13369 12027
10485 718
10133 12146
8082 12654
2691 11099
3332 433
4749 11014
12126 8043
13370 9772
13371 27
12243 3700
12045 6502
10732 13342
13055 13372
1083 32
433 13275
12095 13109
13373 13374
13375 13376
382 254
13128 13377
1520 384
9002 8217
13057 471
274 12663
8390 9120
1924 9758
6240 11069
13378 13017
10794 2425
4647 7510
1083 1520
12348 13363
7664 12436
10830 3464
13256 12521
9086 10524
6575 10599
7330 11910
13241 4141
13379 13380
13381 12779
2341 883
6455 12233
2577 2795
3292 4618
11106 2249
10478 2223
892 9842
113 357
9589 13174
5216 2774
3489 7926
12558 8761
883 12898
6415 116
10165 3464
8749 8538
8083 9129
12821 12374
13382 4283
13180 12788
3708 4837
1096 12249
12878 12280
708 13383
8724 11865
832 5849
13135 13234
9840 13330
13384 8401
13385 12478
12734 12233
10530 984
5250 13386
1571 10044
845 12778
13257 12384
3492 1555
12735 1307
8729 3014
4877 10567
5444 7056
11014 13127
6502 3700
12270 3862
10982 8035
2870 13387
11506 790
13385 6807
11790 13388
4251 190
237 2305
11947 13178
151 7811
873 5807
11871 12307
13389 12855
10857 12250
433 12753
12247 13390
1926 1062
13391 6382
13358 7835
13392 13393
13394 13395
12640 1924
7367 82
8957 10541
13314 13396
222 523
3643 8130
5094 2134
13397 8362
13398 984
12041 11844
11124 1682
11123 10996
308 433
7043 4647
4916 8896
10360 8171
12926 8644
9748 8287
11460 471
13399 7609
12616 12405
805 13071
7959 13400
9142 691
4785 5849
6183 8026
12044 790
6172 13108
1395 4268
11881 13401
13402 12975
7708 13403
116 1307
9587 13404
4246 12201
536 13405
10162 3696
2183 12550
5094 1347
12861 2960
12204 12171
13398 3214
8327 1144
254 763
30 10216
21 2774
12582 13144
1952 13406
12562 12117
5271 12898
13407 4717
11855 13408
13409 2326
12677 11992
4614 9941
12330 778
5581 4815
1423 12898
13270 13410
13411 12750
10344 15
10344 6299
11904 151
780 5608
2442 12820
5094 2247
13358 279
12585 13412
1322 12255
646 12804
11900 888
13413 13414
2339 13415
12401 12080
1137 5517
13328 13186
10623 13096
1071 6141
8762 13416
13417 3107
82 12453
5253 71
11116 1321
5951 13163
12233 6456
1226 12370
12472 5849
13418 12992
4496 2531
4976 8896
12352 12804
13347 13419
11801 12639
12120 78
4410 10208
4912 1144
12669 3696
12773 12564
12801 12472
116 12256
8725 13420
7711 10281
11145 10255
6806 7165
848 13421
3890 3285
13357 12639
13422 13423
11954 13368
12301 6416
7167 750
6989 280
12547 3803
5833 12358
90 254
13424 13425
12186 13162
2941 9068
6266 3392
1216 12269
6027 5271
4461 4712
13426 13345
12688 13427
12034 12334
71 4228
6944 12019
327 888
308 384
12650 13146
11152 3196
13428 13429
12142 13430
304 8982
13080 3216
8083 8799
1684 3049
12310 13426
522 11946
13431 13432
32 8762
6546 4882
2393 5866
3332 13275
12489 3165
3673 384
12507 1536
11900 763
11869 382
2496 13226
1313 13257
12170 12757
12314 9034
13084 12998
13195 8549
7834 1644
4614 2333
3214 158
12450 13433
2420 12475
13434 13435
13089 13098
12805 13053
4145 9886
4792 12886
13436 13437
7268 7367
2445 3332
828 5793
37 7309
11945 12383
12151 3290
13438 13439
13440 10045
12404 3332
72 10524
12158 13441
13442 7008
11506 12043
12048 13225
6277 9518
12119 12481
12429 12456
4370 12499
13443 13444
2134 70
90 2781
13445 13385
13446 13447
308 1939
3570 6374
13448 81
13449 5852
13450 984
12191 13451
13452 9415
2636 13453
13454 13455
7035 11733
9188 9151
13456 13457
6616 8331
8681 12283
10623 3862
1383 13458
11147 475
2887 163
5196 12691
9748 8939
13459 13460
8875 13461
10831 6659
13462 13463
8390 440
12186 12559
12616 12822
11909 557
13464 6111
1709 808
5590 4141
12125 13465
12021 12647
13466 2305
13457 12947
13467 12097
8844 13427
1009 13468
11919 3319
13306 3665
1757 3150
8749 9197
2637 11856
12940 13469
8681 12260
13470 13471
7902 3023
5137 12255
808 13472
6027 2341
5094 873
12056 12907
3641 12854
888 433
12614 5060
280 921
13473 2472
12539 3176
12487 4845
12379 12855
8010 16
6266 992
13474 13475
13476 11867
13477 9641
12321 13478
12565 12106
7608 13343
12476 3946
1448 475
11795 13450
12201 12417
7532 13479
12048 11864
12080 12197
3292 770
12102 12299
5391 4506
2149 3063
9262 13480
13481 12430
32 384
6019 2748
9207 8981
13303 3781
13229 13482
5094 7541
2486 10981
13483 3864
11761 13484
4841 12394
12973 5867
497 13485
8454 3030
5696 6006
13486 13487
13488 10029
13489 13490
3489 13491
2478 913
13492 13493
12867 12240
12681 6692
3814 6310
10165 3196
8861 8198
11989 8776
13494 12986
116 4097
7965 1449
12934 13495
13496 11817
12819 6575
12367 371
5723 11985
7196 1709
13497 360
12254 3781
12625 3864
4384 433
524 764
13498 13499
3178 13500
12433 13501
9323 317
13198 1555
15 10264
976 3084
7437 1155
997 984
774 10130
13191 12659
11878 13502
12539 2774
808 13503
888 410
13235 12300
2611 7402
12709 5413
1835 11946
12083 12256
10788 1904
10133 8236
274 633
3936 3178
13504 6956
13505 4657
2604 2950
12101 12299
13506 13507
2006 116
2748 72
1428 2509
3779 952
4890 826
798 10520
12980 6959
11898 13508
13509 4740
13510 13511
13132 13512
5435 13513
13514 13515
13516 13517
3946 7268
1926 3462
13447 590
4378 13026
13518 13519
2931 12825
12155 475
11967 1155
13095 3862
9477 949
12053 13520
12617 8130
175 2134
387 4837
7812 103
1719 11012
12457 12537
9279 2236
13521 10412
13398 13522
13523 369
13524 13525
5774 12537
13526 13527
6673 32
997 2818
1283 13528
10960 410
13529 13530
6444 103
12360 12236
382 5807
13531 12144
13532 13533
13534 12407
2989 7043
12347 9197
762 2344
317 2247
13535 12300
2171 4220
13536 5665
3331 6479
9875 1660
6472 1722
12783 13312
13221 12148
11963 13176
2907 11832
13537 12133
718 1900
9262 13538
10536 1304
13539 2476
1824 4311
4725 12284
7413 11795
12908 12113
13540 3283
12301 15
13541 13542
13543 13544
11900 175
13545 13546
313 13547
13548 13364
4916 4976
10957 976
3406 13386
4268 3445
13276 12650
3464 3196
13476 9624
9818 2857
4786 6473
4311 1216
13381 1255
280 278
6266 9289
8056 13549
13538 7795
8921 4334
11946 410
12409 12160
2748 3178
12214 12161
13176 11964
2748 10524
8725 13550
13551 13552
13553 3907
13554 5415
2887 5244
10985 5958
1255 7236
9045 4815
13471 13555
984 13556
536 13355
4951 12215
4137 13028
7415 8258
9660 12799
13117 12955
155 13458
12919 12944
13036 12508
10960 9896
13557 13558
12766 13559
3049 5415
151 6672
488 5737
3189 279
13560 13561
416 13528
8036 771
12136 13562
7241 6431
13563 13564
151 6880
13116 12535
12706 12545
6430 13565
5716 5649
13566 11976
1198 13049
517 116
13567 5272
12576 12378
13568 5744
1047 12441
12086 9896
6766 410
13569 2508
3165 893
2577 3406
2155 7236
3708 3289
13570 12202
13571 2266
9271 9272
237 11298
12198 12739
9737 12615
2478 4384
10275 826
9191 893
13572 13573
1378 10917
3936 12387
13123 1119
12499 5578
8439 11870
12022 13203
9630 13574
192 3392
10832 13575
37 7332
12696 13576
12705 13577
7664 4612
13128 12268
13578 13579
2559 62
11886 12204
13580 13581
13525 13582
3303 280
6673 12003
13182 13583
12013 2318
12083 116
13584 13107
12687 6596
1363 12387
8798 9129
4359 13585
13586 13587
13588 13589
175 11946
1129 2647
5144 2898
4785 12184
11821 468
12267 13128
3769 12342
4806 11862
13507 557
11869 410
9489 279
12891 9875
13231 4223
2835 2845
9637 2801
1719 12284
4430 11827
7835 9184
9917 1342
13351 12046
2496 13590
13288 3974
12360 12075
4311 3974
13591 13070
13164 13157
368 1566
4912 4942
3292 13145
12375 13016
5263 826
6521 2134
12738 11815
4650 5008
11900 70
12813 13592
12137 2249
3745 6047
3392 1169
488 176
1169 7125
82 7811
10941 12884
447 826
12464 952
12493 780
12878 3176
5835 475
308 2748
12421 3734
12709 12352
3710 10474
12724 12405
5551 1139
4916 410
12123 11872
13593 4539
13146 13594
3422 975
13209 475
596 1467
6719 179
4337 531
12081 12822
13040 2673
13417 1219
10777 2344
1148 10657
11506 12044
3936 9896
13595 13596
13597 5413
1347 2898
12451 964
992 9289
1148 587
4988 12875
892 13598
5705 2748
5381 3734
11815 11872
11892 12475
1047 1711
12938 13599
11942 13600
935 13601
13137 9896
13597 12804
6688 3252
362 1333
1363 12945
11376 13044
13476 2769
3107 1219
11823 2876
440 731
4942 8119
2134 384
12765 13559
888 5807
7855 13122
6673 8448
6027 12898
2961 13102
12968 13602
13603 12482
2748 410
3492 12964
12617 984
2825 8051
6688 12038
9189 3931
12540 946
12473 5163
12798 5833
12392 9982
82 3021
13122 7996
1350 12061
12331 1924
8716 13604
1594 616
2060 1924
81 13605
13606 13607
12894 13460
470 471
1219 13274
12769 12806
12708 12457
893 3218
1778 13608
12722 965
8251 42
9298 9299
4721 3075
8236 12548
12855 12380
1151 13043
935 10362
1219 13609
10942 5549
2907 12995
12373 12298
6563 826
13152 5209
532 158
6747 8743
12377 12324
13522 12382
13356 12820
13610 16
13538 13611
3565 13001
12052 12260
6874 12852
12805 9930
12862 6047
12205 12707
11900 2748
13612 13613
151 893
2748 12387
13614 2989
12857 12199
3846 151
13026 5665
13358 606
4220 11987
6766 6019
9120 731
12468 13615
4800 1594
12116 2876
13616 13617
13618 13619
3219 12199
763 317
11983 797
12984 82
11794 13450
1735 8170
4357 4358
12474 4959
13620 13621
1444 778
7629 627
8774 11824
357 5846
5272 7027
5160 13350
13106 13622
984 438
12668 2961
8844 13623
257 252
189 13093
873 11946
12345 12121
3425 13624
984 3447
12045 12243
13625 13626
997 12663
4384 8795
13095 10623
13627 13628
4060 7902
2989 82
12558 8762
9311 9312
6675 4657
7287 12291
4461 13629
8650 10885
12427 646
12841 9677
9316 9317
12178 12208
5751 13108
4767 433
6679 665
4118 12217
4505 8448
13311 70
13451 12192
12339 13630
3165 12171
12228 13097
13510 471
310 1052
12640 1488
13631 12203
4048 82
13388 13632
6766 10216
8321 13633
12723 3196
3247 893
805 1662
9508 12320
12708 12536
2171 11818
13634 12318
2372 5209
13635 13636
13637 13638
10029 10931
1347 5610
7092 2106
7287 3935
11298 1637
13145 5324
3425 12810
2941 8130
3429 10130
13639 633
13640 11970
12283 4571
984 52
6688 9660
12122 12417
13641 12824
1481 11808
13642 11816
13643 10435
935 13644
12406 13534
13279 4045
10386 13529
1833 7731
13645 8261
892 3216
2462 3016
13053 5444
37 3464
9484 11304
12969 12588
1347 175
286 10981
873 70
12804 5413
13291 13646
2780 1165
13647 13648
1719 6826
1619 13649
1395 12884
13263 984
6278 317
2907 9184
2208 11936
3292 778
2857 12352
13650 722
2344 12754
7834 3252
9335 9336
362 587
8429 4817
11959 13060
176 12472
13232 12915
10201 12755
2733 2269
11307 10458
1378 12363
12248 13390
3489 9010
12721 11915
13651 780
13191 12658
13652 13254
12674 6100
13432 11808
10650 11271
13653 13654
13655 12250
13656 11454
12057 13657
2042 10565
12802 13658
13659 13660
9388 9840
12964 12916
828 12091
13551 13661
13483 12922
12724 12082
11315 9810
12147 975
11871 12738
13662 13404
3016 2801
2780 1119
90 2247
13663 13254
13361 13664
2887 5654
9676 8258
2682 8454
13457 12946
11949 2950
13665 1283
5441 12660
861 384
13543 12641
8921 257
2780 5369
12323 12378
286 2486
13488 10931
12287 12876
2478 3754
3392 7125
1083 2247
6266 11323
12495 949
1904 491
12286 1352
12387 4956
12358 12456
13335 12879
5271 1423
2380 2624
4060 8401
848 3075
12150 12245
12253 1673
13666 12180
90 327
12376 778
7747 1735
9643 10432
12058 12599
3710 10360
12889 13667
9086 11325
3175 13218
6277 12760
7307 7287
6444 7812
3814 16
3332 861
10703 8026
13668 13119
191 11913
6688 4522
3027 718
13262 4141
4636 13602
6371 13601
10703 2220
774 3489
8236 9420
12281 12752
2425 10440
13339 11951
4118 13050
10436 12746
13477 12341
12352 13597
2509 5658
3779 1144
349 992
12057 11844
1661 1662
4749 2346
12811 8278
943 7311
2974 710
5492 13666
13669 7287
8644 3234
12041 13657
8875 1411
5514 6522
5728 13340
13449 5665
12530 13480
13670 2690
13548 13365
2134 2247
12641 13671
1520 5807
12710 11893
12728 12496
150 8449
778 13026
12336 5654
11337 6929
13574 9631
175 433
3223 9279
4378 778
1921 3619
2252 13672
11014 7836
12744 10936
11116 1835
7835 6568
13673 11924
888 2476
12464 12362
12138 13674
7747 7155
13221 975
13669 3935
10690 3545
10089 10384
4261 13675
2781 1083
11555 1074
12440 11929
1566 369
13651 12493
7731 82
762 433
12888 32
32 4506
15 5277
12522 3154
13676 7935
10811 13312
12608 12485
216 952
12516 13614
954 13677
70 11946
12688 13623
2006 573
4984 113
828 2599
13244 11928
13678 13625
2042 2691
2134 11946
888 12710
2876 10044
370 13404
6954 1114
13679 888
13680 9250
3663 13649
8118 12756
6766 3068
4264 13018
13183 13172
12055 12972
151 13509
13061 2509
6826 11012
3425 12811
13137 3178
12372 13441
13681 12329
7836 11824
11430 13530
7731 13682
2781 2134
11953 13683
12032 13684
6371 3463
4806 7757
4848 826
2611 1352
8258 6497
12775 12560
5253 1519
12610 9589
13666 12807
12566 13685
12923 2037
12700 12191
11506 4430
1226 13686
437 984
2050 8762
13358 9489
6191 4983
13005 952
935 13382
10601 5413
13687 7032
13688 13301
4721 675
9701 13401
13689 8691
12317 317
4430 1026
12980 12025
10857 13655
13690 13493
8250 4942
11900 5807
11186 8503
9988 11925
5094 9483
2420 11893
12587 12969
12111 12918
12205 13180
1074 6310
8692 12865
13691 3021
13692 12423
10801 10994
13693 2787
13476 10703
13433 13694
192 13316
1824 9506
12264 13695
5216 21
5560 8899
12518 13025
651 12199
12098 317
9373 2739
12439 13645
1536 3084
13696 13697
2249 10955
13181 739
11908 964
5365 9056
13349 12164
13359 12702
33 4045
13221 11796
1151 9842
2748 254
12014 12293
1685 11946
252 4334
9506 9696
7541 2029
2480 5705
4859 3094
1653 13698
13699 13162
11359 2375
9679 12685
13306 3664
4725 4837
2249 12754
11993 13401
10801 13066
13700 11370
861 433
1198 13308
11542 13455
11797 12148
13701 12910
7565 13133
5144 1347
11364 2029
13702 5186
82 7828
13190 13180
13251 13703
13704 480
2442 13356
12965 11888
2337 952
12065 13705
7268 3021
873 327
7974 5866
11866 1321
1804 6939
4264 9386
2738 433
12107 12903
10262 12754
13000 13706
9682 4633
2363 9706
2333 12635
12282 12898
70 2247
13537 12134
3214 12382
5951 317
13707 12907
1052 13708
6766 8312
8921 252
13130 992
1137 5060
1347 2748
13709 13710
11807 13432
190 13711
5973 1820
4378 12060
13200 1520
2883 13712
6616 470
11869 308
10524 8312
5332 826
1833 7808
13441 12415
12004 13713
1106 13193
13603 13143
433 13714
12337 826
27 28
13196 7902
11106 12088
12651 797
13253 13652
6766 10524
13026 7687
2941 12617
382 1083
13493 13715
10745 5277
9457 13716
2417 13079
310 12257
873 2247
4767 2738
1735 12787
11036 587
12238 13717
13718 13719
13720 4119
13721 7032
12709 10601
12376 5665
11804 12139
3068 410
8639 8982
13351 8613
13310 13722
12424 12740
2211 279
78 13723
13724 13619
8180 24
763 433
12082 12405
256 12694
3708 8628
4573 3368
2807 13725
11939 12907
12025 12981
8843 13623
1129 7579
2203 13318
387 954
13445 11830
1313 12384
4806 4702
8160 8305
13349 12165
13662 370
13330 12542
9812 3218
6277 12759
12119 12876
13726 8363
13727 13728
11393 536
13729 455
155 3120
1047 1795
4792 5163
2375 12601
12796 13730
13583 4500
13731 13732
7808 7811
8082 8799
2682 3571
3593 8899
9408 6964
13142 7918
1047 7362
2006 517
13733 3024
4311 9506
11822 6172
13116 5965
11982 12651
12043 11827
12640 10216
5833 12456
151 5866
3643 13228
11946 2247
2042 11099
942 11867
7902 9412
1833 82
12788 12206
12647 12273
12615 9942
12931 13734
3165 3166
3176 2774
5094 2748
13447 2521
12351 5413
11869 11900
13445 6807
11978 2624
12324 12378
12711 12128
5253 4228
13446 590
1322 4040
4957 13735
13712 13629
11758 12902
12648 1217
13736 704
13737 13738
12897 13072
13080 5186
4767 8795
2931 13729
13739 12363
11819 11871
12658 12937
13740 12274
74 13741
11900 382
12031 13684
258 410
13496 11816
12220 12394
11909 7330
368 369
5517 12785
2636 9929
13673 11923
3292 7687
5546 10265
12079 13208
8704 5917
2445 13275
13588 12017
13014 151
13622 13107
13494 13620
9701 12699
2425 8829
11514 12177
13598 7510
762 3063
4976 72
13221 12064
437 11904
488 384
4536 13742
13486 13743
2611 547
11555 6310
11820 11872
12805 12402
1350 13515
7381 7311
934 976
13744 7856
9983 1282
13745 13746
5196 12692
990 11795
3178 12387
4853 13747
2376 9483
8481 11418
702 1926
13369 12026
4916 2748
497 13748
13021 13749
9006 477
12053 13684
1729 911
1449 5644
11947 13179
488 3178
13750 12258
12253 13604
8160 324
13751 13752
12404 433
472 128
13303 12254
13409 13753
13754 13755
597 1304
13756 3023
12368 13706
13586 12800
308 11900
12119 12480
1428 13757
4541 13758
12616 12724
10089 13759
12640 30
12526 12630
12607 12893
12824 13544
12960 13556
4237 7332
497 13065
12457 12849
387 12044
11825 10253
12974 13402
12303 11020
7390 7391
13014 6705
4786 7389
13760 13761
12016 13588
5365 9291
12112 12908
2748 317
2637 12243
135 1074
116 3396
12664 13717
12669 2363
5807 11946
12429 5971
13309 12566
8671 3063
9627 3196
13101 12240
12365 12484
1226 12371
13133 1144
7400 828
82 12452
13762 13763
2492 13764
3041 2540
13087 13439
13151 9484
13077 12575
13765 3921
13766 5565
1660 13767
12537 12458
12873 313
1284 9043
447 3429
13221 12147
12429 12732
13761 13768
1209 4633
7035 12762
13769 12739
13770 13771
3974 9506
5751 3968
4246 12901
6266 188
740 7241
12267 13129
12805 5444
155 7161
9388 10056
175 8735
7420 13772
4951 12216
12716 11929
763 2247
13603 12549
1144 3112
13460 13773
1047 1333
13456 12947
11897 13508
12917 5750
997 13639
13774 4684
13318 11864
3741 6905
770 4618
13775 1308
11869 1685
11307 10998
10830 3196
2748 11946
13142 872
13776 13746
12734 6509
13326 12259
11869 873
11973 6166
13518 13371
12349 3029
13358 11832
4709 9387
10024 13124
11986 1219
3559 13777
8795 13275
6616 471
471 6711
12720 2296
13653 9922
13142 3298
13356 2130
7719 7970
12115 2344
12425 7811
11819 11815
13778 12389
1322 3439
12309 1520
5094 384
12437 12940
3039 12556
12056 13707
10383 3289
1322 5137
1820 3793
7414 7415
954 4430
12810 8278
11921 13538
12826 12892
2988 13779
3710 2636
12822 12405
5094 327
32 278
13780 12530
9998 13775
327 410
12092 12914
13753 2326
9624 9669
10733 13342
1347 1685
2637 3745
13657 11844
4882 12600
12616 12081
13766 805
72 410
1373 13749
8886 11440
11441 11381
13781 557
13543 13641
5491 278
12083 13782
11922 3429
8616 9077
997 8064
13188 13783
3974 2540
10043 3165
13784 4956
254 327
873 317
15 6416
12786 12929
13258 12305
13785 12245
13777 8
11942 13786
4916 72
12562 2736
13445 12478
13029 217
11886 12789
764 765
12471 176
151 591
11928 12717
7835 279
2748 327
3252 12799
12681 1092
254 70
1148 13787
12103 13614
2636 468
11982 797
2835 13788
2983 4045
3780 12436
13190 12206
3696 12715
11869 1083
7428 349
12131 1144
11958 7687
4976 10216
13230 13119
11441 10367
2274 11016
11106 10777
9625 13039
13448 4988
13566 12112
2611 8613
5661 12849
1673 8716
13789 1273
6686 3604
382 2748
13790 13791
5661 5774
13785 3290
2748 5849
13792 13410
1735 12835
11454 583
2225 9373
13600 13786
2748 1363
12123 11820
3492 5566
47 11015
12857 8309
1190 2101
1571 12116
11106 12754
3463 10362
4233 6078
7900 1222
82 12425
3298 8735
12977 3058
7155 8170
13793 13660
11914 2236
7165 13385
9610 13103
13794 11803
10650 10768
3741 1092
11868 11865
382 2247
2134 317
7238 13795
12095 12661
12205 13190
11824 7796
3068 11325
13796 13647
1363 4956
3292 4712
2748 12945
4800 616
13797 587
6959 7119
13798 3492
5444 9930
9006 984
12217 13050
675 3745
13678 13626
5094 11900
13799 13800
13801 4163
8681 2774
1209 1536
13802 13803
13208 13094
8991 13071
6686 13352
13137 12387
5578 7405
5332 3730
9473 257
82 11593
6686 702
10222 3730
2339 13804
1151 6472
6688 6672
151 8130
12237 12181
1119 107
9678 13805
3572 13433
13806 13513
5856 8669
28 3493
488 12472
13807 13210
9564 7904
2907 3141
921 587
3846 7389
1921 8330
13570 12203
32 433
4913 8403
4837 1026
5094 175
13808 12797
13809 7203
13810 6777
13042 3935
11939 12211
1660 964
2170 280
12204 3166
11971 1302
13597 10601
12235 12360
5021 13029
10788 491
4890 10130
13811 11806
4631 984
12350 158
1685 1520
11948 13178
1350 13098
175 384
12645 13812
828 13813
13814 13815
13024 12943
647 1144
175 327
5381 12421
9482 1098
9677 9063
1685 410
982 179
2211 13358
5225 13695
12283 12280
13359 12703
13816 13559
4806 4675
10768 11271
11986 4220
590 11154
19 3021
13817 3619
4916 8312
12094 13015
13780 13480
13818 6058
2983 33
3780 5332
4753 8982
7330 82
2333 7389
72 11325
12147 12064
13743 13635
6166 11974
4311 2647
12045 3700
1395 13819
5807 410
12172 7777
7834 6688
13486 13635
13820 13821
13822 107
10450 3084
13823 13824
13453 13825
13826 12717
224 12200
13505 13307
11016 826
13827 11953
151 3021
312 13547
11838 11959
12086 3936
12803 13658
12116 11823
13828 13395
12983 5181
13019 12872
13829 12686
13187 12575
12616 12821
4251 13711
6766 4976
151 13549
12440 13244
12923 10541
12016 13589
2376 10690
12303 778
1536 13830
6266 806
13831 3262
37 10830
308 3571
10056 13330
12708 12458
12302 10634
12789 12277
433 70
155 12315
12489 12204
9086 8312
12084 116
11900 410
2780 9486
7624 1555
2463 13271
12636 6606
12075 12236
5027 5209
824 13787
11232 1518
12085 12875
13832 13833
582 8500
2130 9646
13419 13348
10904 11460
873 254
13834 13835
254 433
13836 10481
13837 4792
8704 12319
647 4942
12265 13695
13825 468
10052 13321
4845 13838
11905 13205
13839 492
5536 6713
13304 12915
12543 11795
1313 8939
6415 11700
256 4334
12956 12502
11893 12475
9812 3396
12772 3392
13114 12632
12550 3029
13067 13840
893 12789
13742 13841
289 12353
5661 12458
13842 8650
5723 13713
5190 12904
13142 175
12359 5971
12642 946
13843 12729
557 11910
9491 2106
4984 357
3093 12853
12211 13707
11873 11955
2211 606
13689 13844
13845 7528
9005 477
13076 12845
10293 9749
12454 12446
7923 3021
5965 12535
13762 13846
13351 2611
12076 12013
6431 1292
12201 12121
12896 13073
11884 3041
3846 4786
2748 1083
13311 12670
6673 4505
12008 13847
7541 11866
4629 13386
11833 3946
10891 2769
13719 13848
13849 3208
12683 13850
4625 10981
1074 3814
959 1428
13172 13184
9119 1448
4769 278
8942 3974
3641 3093
2781 11994
12764 12650
11107 116
422 13304
12741 13705
1114 1144
5435 13806
72 3068
2637 11855
778 4618
636 11408
8689 3252
12732 5971
2318 2319
12758 2117
8428 6024
13851 12949
11900 1520
447 13650
13852 4977
13182 4500
12204 12789
12708 12849
8328 13122
13185 13245
1520 70
422 7287
13541 13853
9499 9500
9420 13273
3664 3665
1133 12562
1165 107
13646 13292
10459 6606
11506 387
13831 9534
6502 3075
7414 6497
13298 13439
12699 13401
11814 13286
1820 1660
7035 13854
11869 2247
12510 11841
52 5060
3650 8213
13145 12354
8180 1741
12088 12754
13360 12703
2337 2338
10488 4500
7165 6807
9624 8026
13855 13856
10052 5151
103 9502
1729 11946
13509 2825
7808 7828
1217 12757
12582 12787
934 3084
12870 13058
90 13194
13171 13184
2149 433
1033 1200
299 4898
11154 5489
11900 11946
4657 13307
2067 12215
13601 3463
12878 8681
12776 13717
13313 6575
6777 13338
12772 11957
11864 11425
523 10981
12504 1282
13828 13857
13300 13529
2346 12302
12169 2014
888 9505
12213 12160
13858 360
4785 12472
12899 13859
11959 11839
1313 9748
9336 13860
11540 2876
13861 13862
13394 13828
13317 13320
12286 547
13811 5944
10942 10052
12402 1536
3166 12277
3572 9508
13827 11952
6826 3289
12429 371
2442 11809
3514 4537
13863 13864
13676 8289
11898 13865
12979 13001
6217 258
422 12291
490 8236
827 13866
11973 8927
13308 797
10388 13372
257 12694
13027 12890
12450 13694
199 13120
13867 11957
12130 11888
7167 12909
2748 175
1685 327
13713 11845
5027 1137
11048 12592
6905 3332
12981 7119
3040 13868
10384 13869
2636 11521
11868 3643
2830 3734
4060 9412
12800 13587
2857 5413
12418 9587
11381 10367
11843 13657
12640 643
1304 952
7465 2534
8776 11990
11900 90
9062 151
1705 1804
7959 13870
324 8305
2748 1520
11069 12381
12237 13871
13872 704
12437 13469
1347 70
3292 5324
12563 4334
12524 12015
10941 12583
3075 3745
9780 9505
13873 13874
13747 533
13859 12069
13054 3463
9184 606
10386 13530
13875 13447
107 5369
13876 13100
9897 8180
362 278
1058 13862
12276 4477
1071 587
13143 12549
13492 13690
12331 30
13603 13032
2249 10777
12760 3216
12885 5951
13877 13878
11551 82
13699 4448
1761 13879
1190 10183
4574 992
7532 11964
10450 934
13335 12886
12306 12123
2130 8956
10830 7309
12595 13880
9388 13881
9758 643
935 13054
997 9935
12350 1761
12380 12856
216 13005
12925 9677
1823 1682
6672 3247
5952 52
3593 3840
1083 433
12624 12922
3780 826
1350 13514
616 10253
94 4911
10281 13882
13310 13247
2376 3545
1363 410
6006 12523
13640 11969
13867 8331
4571 2774
5806 3931
12459 13691
256 13883
13884 3289
2445 433
9519 9520
12369 10599
3425 8278
13145 4712
2883 13629
5021 11298
12212 12547
13446 2521
3589 6602
12814 13592
12501 5846
9894 13885
13721 13687
12138 13465
4725 1719
10524 410
873 1685
6166 8927
6502 12243
151 7828
9850 5489
8981 13886
13887 8
2648 1808
37 10582
12667 13102
5833 5971
12362 952
7834 9660
997 7482
11538 468
11014 12609
1743 12890
1411 12808
6430 7241
19 13682
9272 13795
813 7493
12268 13129
12219 10044
155 9034
4916 3068
11114 3392
151 952
6320 13888
13507 13781
13487 13636
12786 13767
2848 13706
9676 1666
254 2134
1673 952
532 997
872 8735
12966 10578
13889 13890
3936 12945
3593 105
13692 12422
12708 12537
2682 300
11282 12868
10366 12261
327 70
5094 308
7905 9737
4794 3761
3492 7624
12751 5234
3754 8403
3154 3781
13674 12125
13524 13582
440 9120
13336 5608
13183 13171
11900 2134
13891 12911
10366 11441
51 5209
4137 12736
11841 13892
934 1536
6658 7570
13893 13581
13894 13895
1714 12451
5000 9462
13235 12299
13391 6121
6766 13137
8461 12254
873 433
13896 13897
422 13769
11869 32
1372 1373
12004 11985
8453 349
1169 7510
11551 4647
7624 724
1824 8942
12563 12694
4785 12471
13898 976
1685 175
12822 12374
12361 13708
12306 11871
9136 3392
4378 5665
11555 16
1065 13899
3266 103
6615 12534
13151 13900
13655 1287
9086 10216
412 12195
12440 13826
1481 11807
13901 9772
8439 8461
7447 12633
12416 11992
3090 6112
1952 13902
13395 13857
1520 32
11106 10955
6575 13120
13829 3049
5885 13903
12539 12283
12725 13193
11960 13060
8566 13904
4060 8400
13539 13679
5270 1481
7834 12799
12667 2961
1735 317
13464 2296
320 13905
480 12622
11819 12738
12476 3021
13766 12462
13906 13907
10777 10262
13908 2252
7795 13611
9916 32
12771 12761
7718 12149
13445 6806
13909 12068
11814 12307
2559 6476
13054 13601
13889 657
6434 4605
13567 7027
13086 13439
3769 2136
13910 1529
3088 13911
12225 12414
13896 13912
2341 13110
9842 8529
2266 11411
1613 13913
12351 13597
4916 10524
651 4538
5179 604
7340 13659
762 13668
1685 2247
12726 2339
13598 1169
12707 12545
11945 2692
7905 12736
9010 7926
13438 13087
222 488
90 1520
3779 7811
13914 4890
13835 13915
175 1083
13236 9316
7836 7796
701 12344
13681 12191
13792 13270
5027 7854
11994 2134
2349 5039
13750 12259
13099 199
12086 12387
12631 1129
13681 12863
12887 808
12920 42
12726 13415
13487 13635
1520 2247
8331 10904
13631 12202
1395 3445
382 1685
13798 12916
2516 468
11869 70
9271 13795
4786 13916
11915 965
13917 13918
13919 13729
12425 7828
2748 433
13448 13605
12928 13499
5094 410
12649 13276
13584 13622
975 12148
13920 12548
1673 410
13131 13512
13921 13922
647 3112
12489 11886
4207 4642
5806 116
12702 13360
12708 12268
13363 8910
13456 12946
2337 13212
12551 463
4008 7059
9056 9291
7872 5578
12307 11820
2136 3862
3708 11012
13083 13009
2021 12532
13923 3650
4573 9254
308 5807
12374 12405
10960 8312
13263 13522
1474 590
11569 362
11540 10044
11895 1306
13495 3739
9477 7196
13702 1384
12716 13826
2333 9941
1083 11946
12372 12415
13150 984
13318 82
11900 384
1096 11571
10222 447
9421 9250
11819 11814
4370 5186
12369 6575
11572 7630
257 2757
1924 2690
10634 8528
12578 3084
1283 10354
9547 9520
3252 7029
13309 13685
11911 12052
13357 7503
9640 12341
12154 475
4806 7836
861 8795
11942 13924
8927 11974
13665 416
8429 8976
12039 13925
13926 13762
9034 12315
488 13500
2266 11835
13927 7481
11733 13854
2093 974
13855 13928
12896 13072
10366 11381
13321 5151
32 410
11826 1594
762 2149
4976 9896
2208 13929
13453 468
13930 12252
2857 10601
7428 8591
12362 13147
959 13061
254 384
8921 256
1083 327
12306 12738
1571 11823
13865 13508
1350 13089
12545 13931
11825 616
252 384
2989 4647
9075 12463
13807 13211
13137 1363
13769 12198
11059 13667
8287 12384
155 7782
11794 990
7711 13882
10360 2516
11941 13924
382 763
2533 2436
12068 13859
2170 278
257 2534
12095 7562
13569 13461
13826 11929
9676 5202
1833 151
13932 388
10960 6766
12980 7119
13225 82
12150 3290
12358 12732
12604 12220
12711 13391
10265 4556
12212 1034
647 1083
816 12278
3974 2647
6766 8896
13115 3739
2534 266
1571 12219
13909 13859
3103 1516
3741 6692
1824 2540
155 13933
10165 37
1802 13934
13935 13406
12649 13594
12436 826
2134 410
5094 11946
12621 7241
763 384
13476 2220
6318 10044
6371 10362
11887 13707
4163 13691
11856 13408
11799 12140
10407 13907
3641 12853
216 151
13936 711
992 6627
2445 8795
2508 13461
12700 13047
6017 2413
778 4911
2042 3853
774 3429
12924 3021
412 3189
78 13937
3930 72
9225 6674
13358 9184
12426 704
12442 3041
1269 12419
4246 12121
3769 10894
9271 12542
12784 824
13431 12466
7761 3112
12477 4882
2480 11152
11017 151
1083 888
5670 12455
6961 3154
12584 888
13054 6371
3176 12260
13470 13555
12476 3570
11116 10213
2637 3700
13163 587
12799 12038
4794 12348
11905 12590
13411 2988
13335 4792
302 9942
13851 12948
4767 2445
7307 13042
94 778
199 11889
13938 13939
7367 3021
9486 5369
12895 13773
6890 7493
13940 13941
1347 90
6522 12823
2931 13919
11976 12112
9130 4942
6888 13012
116 12735
13942 13697
1685 2898
12281 1690
997 12743
1518 12334
4633 1536
10541 3548
11540 616
4712 12354
3396 913
9569 9311
12073 13943
3392 10904
8010 5017
1921 13817
278 587
11555 8010
11922 9077
7835 11832
4220 13609
13298 13087
8312 10216
13318 3021
13621 12986
82 11864
13566 12113
13634 2624
13327 13944
5415 5348
8013 1062
1083 2134
12123 13286
12769 13945
13481 12431
13037 855
1207 237
302 12615
11832 279
13691 13682
964 13549
11903 13405
12118 12481
13946 13947
13389 12856
11899 5181
13844 8691
12504 9983
13948 13949
13950 13206
12642 13951
13363 3761
8287 8743
9477 12398
82 3571
9567 5951
116 3931
12455 12446
6746 13922
12867 13101
308 410
13277 12950
13819 7718
410 11325
12359 12732
2795 7976
7307 3935
12780 12569
37 3196
12601 11868
942 9624
11376 8182
32 2247
82 7808
5207 13751
13952 12850
12123 11871
12670 70
6131 13362
2445 861
11899 2774
9254 3368
1682 6596
12609 12531
1347 382
12731 13355
6266 9056
13554 13829
12326 4223
12243 6047
13925 12040
11851 5806
3954 12089
933 13953
12498 13953
12153 12906
12550 9379
13954 2801
12306 11872
2060 2305
5655 13944
12111 7926
5551 4173
4976 2748
13900 9484
12059 12092
12920 4942
904 1537
9580 2436
12763 12067
175 888
12241 808
12709 13597
1071 3262
10162 12332
13955 13149
1947 13956
12082 12374
6212 710
12847 12438
1114 11593
11953 13344
13957 983
82 13903
13867 471
13121 12297
13958 2870
4964 13789
13873 13959
12118 12480
9922 13654
13126 10996
34 12642
13960 13468
2047 320
13035 12508
480 13961
13962 536
362 7866
13739 9692
3641 3094
12468 13963
12060 778
13539 888
2577 4629
8321 13964
1438 13830
9942 13028
12921 11154
12072 13943
2738 3332
13826 11928
8163 7811
6521 365
274 997
11830 6807
3446 158
13597 646
5763 9457
8439 12254
12475 4218
13283 13965
13506 557
1347 433
12873 278
6131 13664
13538 9420
3565 12979
2830 5381
12589 13473
78 435
13225 11425
12724 12821
13966 13167
8829 12176
1833 11868
9869 7253
151 4740
861 722
2748 4397
4390 722
12695 13576
12614 5952
302 4137
12221 587
794 13643
11337 11602
2155 1255
13696 13967
13341 604
2748 1685
12918 9010
13019 1367
5094 11869
12472 832
13968 12592
7395 13894
11946 384
11297 13969
13970 13661
13074 1487
2480 7309
12465 12185
10045 313
13266 12106
9669 10703
13971 2410
13205 12590
7360 1722
13035 4683
2006 4097
3619 8330
13972 1243
3643 7824
8118 1144
1709 12887
13099 6575
13973 13155
3446 984
12897 13073
6278 1155
12501 357
308 1347
175 763
12878 2774
5610 12378
13459 13773
433 2247
3303 5491
8639 4753
13974 13975
151 964
279 606
12653 13431
11901 11974
3985 12348
1151 116
3392 107
4500 3429
4060 13384
308 1520
1824 7579
1820 964
2433 13604
829 13320
3234 13976
5207 13752
9335 13860
1520 5272
2807 13771
10868 3548
1709 643
8428 6361
2193 12444
2476 5067
13934 10652
13977 9420
647 2134
13150 11795
13418 12991
7581 3224
5854 13136
388 13978
7340 13660
11957 8331
12891 12826
8301 2974
13699 12186
12883 893
308 2247
13979 13265
1144 7811
8764 2289
12567 4684
13900 11304
13980 1176
3262 13424
9624 10703
3793 12451
13981 12166
151 82
13391 12128
2683 6627
9896 9086
3218 3396
6121 12128
5010 12262
135 16
13955 13148
12352 10601
4712 5324
12539 12280
617 1939
11790 13632
13982 2569
1596 794
12797 13730
12123 12738
892 179
5908 2991
13079 976
13498 5833
5027 5517
13186 12443
222 286
5186 1384
5519 4477
447 4890
12587 12932
13733 12591
1298 1411
1804 10989
4988 13605
2337 10634
151 7731
13152 51
2042 8729
12141 13430
7389 12635
11841 12511
4222 9604
12267 13377
1089 902
13686 12370
12053 12032
12862 3075
12929 13767
12706 13931
3745 3700
6546 435
2021 257
13204 11906
2417 976
13769 12733
942 8026
24 10149
4585 12950
798 8619
13973 13154
13535 13235
1333 9502
8886 12432
7777 12844
12906 12767
10436 10891
13983 13984
11979 12229
6430 12621
12260 2774
873 382
954 790
13840 13068
12912 1690
13407 3425
13593 687
12834 5471
9062 591
13765 194
13286 11872
6278 11967
13491 7926
12377 12576
13985 13986
422 11624
12227 5517
1098 14
4605 11943
254 32
2420 12584
12124 13465
1520 410
13987 13988
8461 13303
11020 778
12246 7503
308 873
387 11827
12348 8910
13989 13990
13479 6570
13158 277
9869 433
12261 11381
34 2278
13076 2177
151 9191
370 9610
13991 13992
7311 1413
11911 8681
6191 8561
13892 11842
7570 6659
12184 158
13031 5608
13225 11864
12006 12781
1684 13829
11843 12041
3425 8613
13993 1541
997 13994
13743 13636
763 888
9614 949
12349 9379
10613 1763
11797 975
1251 12532
13995 13996
8761 13214
12464 2337
762 12754
13177 6416
9005 984
9929 7795
10499 2950
2480 10830
12776 12239
4964 5581
872 7918
151 116
11106 762
597 952
9615 1149
2907 279
13997 13870
3068 8312
488 433
12607 12485
5634 12436
9752 4041
6444 280
2420 11892
13631 13570
3214 13747
3298 175
861 410
12736 9737
10955 12754
12568 13774
8001 8613
3710 12720
13998 13999
13760 13768
12345 12201
12581 12524
116 573
9978 10634
12042 11844
12883 3166
7155 317
12965 13707
12123 12307
12597 317
14000 14001
9875 12892
12777 3406
13484 11946
4430 12044
13117 12355
8439 13303
16 12200
13152 7854
8200 10599
13049 797
4500 12024
11940 14002
14003 9644
12466 11808
12682 12477
13959 13874
4183 3063
12552 463
873 2748
13241 13262
14004 13948
1347 12324
2417 1536
12048 13318
3729 11874
798 4146
4437 4213
12752 12912
13286 11815
13890 11021
12057 11843
12123 11815
12403 2775
8875 13569
6277 892
10264 5277
14005 12533
7601 7602
27 3493
12853 3094
14006 13166
495 7157
42 4942
1519 4183
5665 7687
1682 12687
9624 2769
990 984
11881 12699
12306 11820
774 447
90 763
237 12449
7332 646
536 4670
4625 3084
6277 1605
3741 12681
10777 10955
11514 3610
13286 12307
836 5750
9625 3224
7603 712
4284 11908
12985 13620
1347 888
3936 2748
11799 13091
11975 12113
13353 9679
1488 30
6610 14007
12412 3024
13300 13530
1455 4070
8250 42
11852 7630
12224 12067
12138 12124
2183 13003
8065 8723
13370 13901
4853 984
597 524
12274 12484
13921 6746
13122 422
12284 11012
12207 12179
11906 13242
11835 11411
14008 13239
10826 357
6888 2636
14009 13167
4631 52
9067 7813
4647 11876
11638 475
14010 14011
12881 5005
14012 14013
12204 12277
9489 11832
1481 13431
14014 1541
3224 13039
8896 10524
12706 12205
6318 12116
6516 13175
1372 13749
13284 13965
808 13772
6500 4942
11838 13060
7420 13503
12611 13174
8829 3166
1676 1216
441 6602
12404 13275
13144 7155
10794 10440
1207 1924
11398 8984
14015 13988
209 3731
12401 13094
12522 12999
8067 2647
4060 13756
13897 13912
10745 10264
12736 12615
8942 2540
10265 7757
1914 12673
8258 3073
5258 32
11887 12965
370 9587
14016 11931
12815 13559
37 11152
10384 13759
8328 13361
13735 826
4268 12149
6766 1363
13679 2476
12818 82
10601 12804
5258 12003
12191 13047
12118 13045
13839 6799
14017 13429
13615 13963
698 1741
12596 14018
12115 2149
12728 42
13421 1333
2857 13597
616 10044
2375 1833
6024 6361
84 8909
5785 13644
9630 9631
13269 13410
13090 12386
9272 13881
12402 5444
12108 12903
7608 7609
8163 1144
11977 2624
254 317
13993 14014
6961 3781
11645 11646
13593 7090
29 9477
8078 1603
11918 3319
308 3890
9818 646
2748 888
13571 13240
11809 8956
327 5807
151 2733
2738 8795
6724 10491
14019 14020
1372 11647
9850 11154
13978 10238
13195 199
3492 9075
2193 12842
14021 4233
13837 13906
14022 4798
4284 964
14004 13949
7360 14023
13699 12559
14024 1321
13623 13427
5027 2372
13024 12232
827 11654
1093 7970
749 4583
11944 2692
8327 3112
597 12976
12068 12899
13197 12719
6500 9130
10089 13869
12880 12572
12678 3429
2042 9637
12711 6121
13350 5161
5705 13547
12759 3216
14025 14026
14027 13754
13038 9625
13349 2336
990 13450
12878 12539
7297 9983
6501 1662
11893 4218
12376 7687
7905 13028
10831 6658
12081 12405
5847 5995
2637 13408
12228 11980
10767 14028
12335 12225
2782 8909
175 317
5854 12639
12563 384
12170 1210
702 3604
10436 2769
3439 5137
9640 9641
6806 12478
2491 14002
8198 2093
13268 9002
2636 11538
12388 13287
12651 11983
10275 11016
11989 4271
13545 10293
13385 11830
5253 3063
12749 13239
13981 12167
10183 2101
13968 12593
10183 11877
8328 13362
12293 12581
8400 1849
12924 13691
10794 12176
7872 7405
12502 12175
14029 14030
3303 278
11934 4898
14031 13435
14032 12838
2748 763
4976 11325
488 410
2991 4777
7503 12639
11869 90
12764 13594
13550 13420
12852 11585
13801 13682
11881 11993
6502 675
13652 13663
12735 3931
12332 12715
12137 2344
12886 12879
13589 12017
11796 12147
12046 8613
13909 12069
5459 6921
13262 9299
14033 14034
1342 452
279 3141
7165 12478
12130 13707
11114 9082
2211 2907
9643 9644
6806 11830
11123 10995
1347 1083
10998 6947
151 6705
12283 12260
8390 731
9222 13865
659 495
10794 6672
14031 13434
14035 12957
7437 587
14036 14037
8956 9646
387 790
1219 12479
2050 8761
12196 3120
8910 3761
14038 9731
12664 12238
2344 8671
16 5017
12665 1518
13111 14039
5540 4602
12828 13475
984 1761
12122 12901
5981 13810
12204 893
5094 5807
13920 8236
12669 12715
14040 12794
13438 13298
14041 13640
12006 14042
12890 12903
9188 13886
12261 10367
5965 12534
1449 395
8078 14043
11939 12965
12523 13041
12963 3492
12641 13544
191 12145
14044 14045
5258 8448
3429 826
2887 12336
12510 13892
7855 7287
1835 7541
13220 13956
3214 984
11871 11815
12536 12849
9916 8448
3154 8461
12660 7562
14010 13929
888 12475
2941 13228
13248 13673
13583 3429
12268 13377
12227 51
10582 11152
8328 7996
1487 12515
13318 11425
11020 4675
12845 13077
33 13279
12082 12822
13309 11828
13187 256
12641 13951
10015 888
13308 13048
7402 547
5655 5656
6546 12600
3150 349
10650 7998
14046 5917
7268 3571
12467 13615
1378 7855
1428 13585
14047 13564
4154 90
11359 13272
10015 4218
5696 11895
12624 13483
1438 1536
2025 12018
3663 1619
13476 9669
1802 816
14048 1207
12662 14049
155 651
1929 8924
3840 7296
5791 12435
12650 13594
3818 5649
12759 5186
12464 13147
11819 12307
14050 14051
14052 14053
1047 13290
5661 12537
9656 718
12440 13173
9818 13597
13089 12061
820 984
11869 254
4800 11825
10043 12204
12873 488
12009 4220
11961 13052
873 384
12467 13963
11972 1302
5991 966
11900 32
13352 11798
12074 12236
1812 14054
12984 12818
13136 12639
13951 13671
6278 3769
11869 433
4916 9896
10567 13980
12605 13977
12429 12798
5718 12639
13286 12738
12270 10623
1488 9758
3425 14055
3708 11669
254 2247
850 47
9631 9658
13313 8549
13445 7165
10998 10458
3840 8899
3731 14056
12251 13930
10902 492
13257 8743
1151 1722
14057 2305
13485 13748
8200 6575
13015 11957
175 410
13217 3175
7155 6370
14058 14059
12619 11210
10867 362
12391 4271
7615 2611
11892 12584
12985 13494
12137 12754
13718 13848
11009 13969
12476 7367
13789 5581
12939 13599
14060 3023
12567 13774
12060 13026
3214 12350
14061 14062
308 1083
14063 10293
370 13103
1129 12632
14064 14065
8774 7059
14066 13416
2067 12216
9660 1644
9075 724
10293 13546
11899 2773
11888 13707
2170 9135
4845 12488
11832 606
5160 9666
7090 4539
5774 12849
47 12294
47 12979
13010 12557
4311 2540
13261 12202
11826 616
10460 13078
5536 5885
2479 14067
13631 13261
794 10435
12621 6431
13109 12660
4370 1384
3107 7528
6500 10308
13934 816
10995 13126
9421 13680
13685 11829
8729 11099
13539 5067
892 9518
9667 265
5571 12114
829 3998
7402 1352
32 8761
9998 1308
12728 10634
13046 828
12653 12466
2149 2249
829 13317
9669 2220
12805 12507
997 12472
8591 10633
3396 8403
10361 4898
12945 12387
382 410
4785 2748
4800 10253
13511 471
7811 12848
9897 1741
13033 13143
12081 12821
13639 12663
13173 11929
8309 2087
10485 4005
1820 2337
13601 10362
13287 13778
13097 12229
11106 10262
11869 327
12798 5971
12577 3084
13223 9268
873 2134
14017 13428
13255 12961
4916 11325
12338 12165
4786 14028
10133 7795
12497 8528
14068 12290
1114 11107
8666 5008
3075 13354
1481 13602
873 32
1151 1114
1047 9644
12617 9068
1137 12614
13496 13642
12709 12351
1685 433
327 384
371 5971
6790 6172
12373 12081
12798 371
11900 327
5566 12463
12724 12298
4145 13002
2050 12832
12991 13249
12728 12497
14069 14070
12317 5951
2748 90
7381 1413
13241 9298
14071 526
42 8528
12872 1367
3422 976
1133 2736
2974 13733
13699 4390
12209 2533
2433 8716
13479 10331
12839 13199
5513 13504
2773 21
7196 643
12013 2319
12165 2336
12399 4220
4390 861
13079 934
3100 265
1481 12968
12704 13577
90 647
888 1520
5791 869
12536 5774
7855 422
1951 801
13080 12760
8331 471
9676 428
29 7196
12337 11016
12496 10634
12553 14072
12021 12273
7414 8258
11851 1307
11430 13529
12298 12822
19 13801
4059 3513
4237 37
7835 3141
11851 3931
6318 2876
12324 5610
1455 12676
13236 3429
14073 8939
11967 12342
14005 11859
12653 11807
13356 11809
12643 14074
1571 11540
6500 1114
13950 13207
13967 13697
256 384
14075 12639
675 3075
9388 9271
13955 14076
13522 984
9869 13311
12582 1735
8896 410
15 4404
10486 4005
3075 1333
12219 11823
12043 4430
1660 12892
8921 384
1137 52
3262 13425
12738 11872
7539 13994
12153 12767
2773 5181
4898 11935
14077 9043
2117 8151
11690 921
12121 12901
14021 6078
13945 6341
2748 1673
10894 3862
4800 11826
14006 13165
13109 12661
5656 13944
5744 14078
7757 4556
13570 13261
10811 12783
6019 9896
2543 1936
1833 3943
7777 12843
7389 14079
5444 1536
14055 13624
382 90
12012 2319
4073 2692
12859 13734
9916 3996
2845 13788
7532 6570
13431 11808
2014 9679
14080 13880
12832 8761
2442 9646
12525 12536
13114 1129
1709 7420
6476 62
5514 12823
12369 199
8301 710
11888 12211
13459 12895
13771 13725
1210 12757
7481 13482
8681 12280
13705 553
4916 10216
1074 224
13926 13763
13909 12899
12764 13276
13826 13173
6193 387
7443 14081
12011 9250
317 587
997 3446
3302 952
12311 13426
12476 11833
13346 11999
1207 2060
8335 1072
9245 11690
13798 12963
5054 1008
7503 4145
12541 845
12942 14082
13334 14083
13265 7795
2671 627
12079 13094
2683 4574
6812 4370
5944 1307
12459 151
14072 11598
3154 13303
9682 1209
1833 7828
5958 12927
422 12733
1347 317
12637 12070
13782 116
9683 966
888 32
34 12540
2636 10474
8036 4494
778 4856
14023 11880
1219 4220
10201 2599
997 6522
12303 4675
6027 13110
13618 13724
4725 6826
14005 11860
1347 327
13688 9644
13038 3224
12307 11872
13720 12168
12994 12051
6020 13201
805 8991
13831 1071
12373 12821
11282 13101
13110 1423
12772 471
14060 13756
13088 893
13888 1722
7834 12038
2869 12554
9680 14049
14084 3396
12773 12106
2478 14084
12056 12211
5513 14085
13734 12860
1276 5737
13920 490
2935 14049
3252 14086
14042 12781
7836 13127
14087 14088
12123 11814
8035 8762
1071 9534
4913 14084
12641 13641
12584 12710
951 10263
855 2825
6502 3745
1929 7813
11869 5807
13189 13783
657 13890
12642 13671
8200 12819
12684 13850
12368 2848
12372 12159
11106 2344
116 11700
12137 10262
12708 13128
155 12314
13106 13584
12669 12332
12095 12660
1090 8319
4725 3708
12014 12292
3710 2296
13097 11980
14089 12971
13181 797
2738 2445
12021 13203
11885 570
997 12350
8957 3548
7420 13472
9970 14090
6542 6044
12388 13778
12820 11809
12306 13286
13747 984
9222 13508
12458 12849
7330 13903
14091 360
13098 5170
12274 12365
14057 13466
12209 2436
12646 12075
5785 3463
646 10601
13075 14092
13017 6640
12408 5467
7937 8119
6212 2974
13263 3214
13928 13856
13079 1536
13811 1307
13535 12299
3492 12463
1705 14093
8130 984
6266 1169
11797 12064
7812 7872
9010 13491
14094 14095
7624 9075
12972 11933
12893 12486
13492 13715
7719 8435
12832 8762
765 12353
11820 11815
13816 12815
13440 313
6989 103
12159 13441
257 384
11979 12228
11116 7541
11811 10970
4983 8561
597 3729
9067 7872
13772 13472
5716 3818
13267 6431
14096 14097
5253 4183
13565 1292
310 12361
14098 635
1217 1210
3793 964
14027 13755
475 7001
13013 4271
8616 11922
13190 12545
12023 82
12956 12174
12514 14099
12760 5186
12489 12277
12323 12377
2907 2267
2682 308
8010 13610
6766 11325
4060 3023
5137 12722
8327 7761
11450 3862
12731 536
257 4334
9983 12505
13304 13232
11886 12277
6944 11708
12721 5137
13123 2830
13329 11984
14100 14101
702 1062
14102 12975
1936 13252
11900 433
13801 13691
778 11958
4331 9698
13007 12774
13400 13870
14103 14104
1519 4228
9627 3464
9067 7812
1802 10652
12404 8795
6766 9086
861 13275
12327 4223
12581 12015
13389 12380
13137 12086
6217 951
590 5489
13551 13970
10130 826
12631 14105
5540 590
12108 12890
12479 13609
308 254
2637 6047
12171 893
3803 1034
10400 151
19 4163
11398 2811
8130 9068
4410 82
4749 7836
155 12882
12293 12524
14106 12538
8002 587
5517 7854
4060 14060
12367 12732
6318 11540
13937 13723
9818 12352
13829 5415
2780 13716
13398 13263
12777 3090
9701 9702
14102 13402
1519 3063
7731 3021
14107 383
14073 9748
13655 1121
252 256
13763 13846
3292 12354
13394 13857
13315 13396
2577 13386
257 256
3214 1761
2420 888
13286 11820
13203 12273
2647 2540
1929 4797
13869 13759
13817 8330
12553 11598
3176 12280
11892 4218
12246 12639
1333 587
12749 14008
8896 11325
11364 12288
2208 13153
14108 295
428 8258
3068 9086
7395 13895
9704 9705
2636 13825
2738 13275
12211 12907
8060 11186
11796 975
13110 5271
5835 7001
13262 9298
14022 12693
7362 2225
433 384
2341 12282
820 9408
2991 7416
9547 9519
10745 6299
10918 14042
12900 14109
10831 7570
3093 12854
12918 13491
12404 2445
9737 9942
3039 12557
2420 12710
9896 8896
3176 12052
2050 14110
13486 13636
1273 5581
6554 12320
13686 12371
12734 6456
627 2978
13958 13387
13957 8072
2941 3643
11819 11872
8798 12654
12586 13412
13289 3974
1929 9709
14111 2143
12246 5718
1350 5170
2830 13812
12983 21
10386 13300
873 2766
14102 12974
9130 1114
1363 9896
11719 665
11891 893
14084 913
5441 7562
6131 13361
3643 11865
4536 13841
4163 13682
7415 6497
14041 11969
264 950
762 12115
151 984
1489 14112
12666 1518
9982 12393
116 11593
495 13630
12700 11844
6455 6509
3572 13694
13603 13033
14113 14114
12489 12171
13677 790
11720 4946
12442 2540
13248 11923
13352 702
12358 371
12115 3063
151 855
8400 3023
12474 5163
7390 11832
10942 13321
1378 13739
3133 14115
12159 12415
9281 14083
70 384
4785 176
13476 8026
4246 12346
7157 13630
2177 12575
12584 10015
7719 14116
1148 12784
13137 12945
7253 12753
1137 51
5094 70
648 14117
12084 517
13244 13826
13929 14011
14035 12958
8566 13469
1824 1216
10162 12715
3729 11873
13942 13696
13474 12828
13474 12827
6791 472
1347 384
12999 3154
13889 11021
4220 12010
12504 7297
13085 10733
9013 2504
12476 82
7330 7904
308 300
13244 11929
7330 557
1929 7812
6521 2781
12528 116
10056 9271
13701 12911
10736 11337
5444 13933
12360 12357
13353 12169
8776 4271
13378 6640
12798 12358
9818 12351
8689 4522
122 5780
8856 8059
12627 370
3165 12883
13969 14118
1347 254
10043 12277
13586 9343
3946 7367
12030 11999
189 9684
13003 12550
3112 643
14009 13168
14119 3002
12616 12374
12834 12060
3769 1155
1833 3021
6723 10491
7731 13691
6688 7029
888 317
1497 13082
12831 13121
13320 3652
13506 13781
12429 12367
4942 1144
4725 11012
3769 3862
8729 984
12487 13838
3846 10714
8331 6711
13661 13552
829 3652
12057 12042
11827 790
12352 5413
447 722
13562 12517
12496 42
13726 1548
5718 7503
6880 1673
2486 523
7923 7043
3780 4612
14120 8650
2170 3303
12746 2769
6766 12945
9569 9312
14121 13468
32 11946
13919 455
5094 2029
107 9486
1596 13643
10805 5955
14122 2036
10264 6299
10015 12710
13264 7795
8461 4283
12959 14123
935 4283
222 10981
3214 13522
3123 468
2134 32
9643 14003
8 7493
14032 12837
7777 4657
12819 11889
1137 7854
12084 13782
6874 11585
12763 12066
12192 13952
7381 943
4749 12531
13793 13659
13246 13722
14124 13489
12239 13717
590 4602
11869 317
13092 5491
12242 14028
14125 4922
3996 12003
4538 1210
3223 2236
11975 12908
447 6516
12756 4942
10794 13202
13302 12002
1190 11877
12868 12240
9978 12302
495 998
4797 5955
47 2025
12984 12452
2748 8312
435 12600
4785 832
13327 5655
9730 349
4913 2478
19 13691
10216 11325
7970 8435
9916 12003
12418 13404
10043 12883
14126 14127
13431 11807
886 1155
9483 2029
2480 13547
11393 4670
8400 13756
90 433
13782 12256
5950 7493
3094 12854
2931 12157
12882 12196
13838 24
8328 13664
11551 2989
12595 14018
2208 14011
7389 12930
774 9317
9271 13330
13679 5067
12716 13244
9711 264
12107 13027
12313 12751
888 5067
5806 9189
12323 5610
90 2134
1587 1144
7437 921
3166 10440
805 5565
3252 6708
1587 475
9630 9658
892 14082
1114 151
3292 4856
5192 13100
12255 4040
12485 12893
9783 8906
14128 13365
770 778
1587 11147
1952 13935
12820 2130
14129 14130
2409 14008
13495 13115
10354 13528
12204 12883
13620 12986
13554 3049
13563 14047
12154 11638
11551 7043
11906 13205
892 7510
704 5780
14131 14132
11869 1520
1378 9692
997 12823
308 327
12464 12185
992 13703
12279 13981
10043 11891
14124 13490
536 8669
14133 13904
5094 763
13797 8002
12708 5774
6688 3166
12694 384
90 70
13230 13668
9935 3196
12143 13531
9709 8924
12755 2599
308 3285
13159 277
10133 9420
12302 6416
13175 3730
13222 12386
12313 5234
547 1352
6027 12282
5833 12732
12851 6874
11869 763
12339 495
12440 12716
4081 14134
1347 2247
5250 4629
9869 12670
4430 790
2249 3063
3219 651
8082 9129
13400 13997
1381 14123
8981 9188
6318 1571
237 708
13027 12903
14133 8566
12709 9818
4189 13113
12007 13847
12136 12517
1481 13432
12607 12486
13849 2029
11342 14135
4748 1741
12558 2050
13785 12150
13692 12982
763 5807
12044 11827
2425 12176
4137 9737
12710 4218
11116 11946
13785 12151
155 1383
14043 1603
12359 12367
12489 893
447 3730
175 7918
8757 10149
12503 9072
5812 5813
13181 11982
1411 12809
14136 13791
954 12044
14137 739
12281 12912
1705 10989
11145 739
6370 317
13305 12961
11869 175
12724 12822
7859 122
11922 13538
13656 583
12298 12082
3189 2907
12577 10981
7900 2267
3446 3473
6713 5885
7902 12697
11934 10361
5833 13499
12894 13773
14082 1948
3996 3656
6659 12428
12981 6959
13032 12549
12541 12778
34 946
6688 12799
5769 7900
12205 13931
1251 2757
952 7811
13790 14136
13934 12278
13459 12894
997 7539
14077 1284
3985 13363
5807 70
10133 9929
12627 13103
3489 12918
4797 8924
4097 573
11819 13286
12583 12884
12682 78
1605 9518
4749 9978
12560 11956
13927 13482
1395 8288
4797 9709
7603 8929
12839 5750
14041 11970
5908 7416
4913 3396
82 4647
388 14106
327 11946
3223 12996
6516 3730
12489 12789
2907 7835
217 12652
12798 12456
12793 2531
12494 11813
9896 10216
14003 13066
6546 78
1083 11994
11897 9222
13793 7340
9499 12770
1129 14105
1347 11900
892 317
175 70
11948 13179
691 9435
14138 14139
12116 10044
12716 11928
11939 13707
762 12137
9262 11922
1313 4413
13438 13086
872 3298
13808 12796
14140 3131
9068 984
1661 6501
13501 7001
12274 12366
14141 14142
10450 976
11307 6947
13487 13743
13173 12717
12742 12271
302 9737
12616 12298
14143 367
3332 6568
657 11021
90 410
1133 12117
299 11934
12193 11992
10222 5332
24 10516
12835 8528
920 8529
13421 13354
10151 590
11393 12655
12891 1660
10262 10955
14144 14145
828 12090
3425 13351
12558 12832
5774 12458
850 11015
4618 4712
9222 11898
151 13691
8612 13198
12482 13032
9758 10216
10407 13906
13367 13813
14016 8135
3357 557
14120 13842
11867 2220
72 2269
4390 12559
12525 12458
13204 12590
12857 2087
12965 12130
10941 3445
410 384
12829 13216
13110 12282
4370 5578
12556 13010
9875 12826
12845 12575
13177 8503
4749 12609
12525 12537
4173 1139
4806 11020
308 2134
11380 7823
6806 13385
13690 13715
3425 4717
13276 13594
13358 412
5696 13041
12788 12545
3710 7296
12708 13129
12310 13345
8065 8349
12878 12283
14146 14147
12905 12571
9005 438
2433 1673
2050 32
2869 5032
13476 942
11802 13794
4794 8910
13221 11797
5590 9299
1363 3178
14142 14148
9086 410
13094 12080
274 13639
9245 921
12595 14080
437 3643
9988 12529
2346 6416
8250 12920
873 1347
9812 893
9067 1929
13478 12322
11867 8026
4461 13712
12377 1347
10567 1176
3368 9752
14149 14150
12137 10955
4817 8976
562 14151
7241 1292
12895 13460
4769 362
14152 14153
12644 14074
13066 2733
543 14154
1709 11778
12186 4448
11963 7532
12201 12346
12539 4571
3741 7835
811 965
3996 8448
90 317
2869 12555
13962 7850
597 10536
7565 1115
12563 252
13669 13042
13839 10902
5181 21
7850 13405
13509 8051
51 5060
13074 12515
203 14155
12098 2651
12525 12849
13927 13229
12466 13432
4725 3289
310 13708
12732 371
13366 14023
10029 14156
9753 8052
6686 11798
13187 13883
222 410
13914 447
11758 233
8503 6416
13027 12108
12357 12236
13914 826
14157 14151
365 5244
11985 13713
13685 11828
9737 13028
873 1520
576 9666
4964 1273
9129 12654
2736 2775
12005 13713
4585 13277
13893 13580
14072 12087
387 4430
6766 12387
42 12497
12772 8331
289 764
532 8940
762 10262
14105 12632
1467 12089
70 410
13467 12096
9656 1900
12847 51
1951 12988
13116 12534
13966 13168
855 10103
19 82
12708 13377
771 12904
12048 3021
12926 3234
9506 2540
10289 2401
308 32
13144 12787
10736 11602
12624 3864
12514 1487
5951 587
14158 13741
12012 2318
9756 6017
12963 12916
7130 3643
12954 11883
873 1083
13483 12625
13704 13961
1395 7718
349 8591
14109 1887
12352 646
12539 8681
9624 2220
12682 435
382 1520
13358 3141
4233 13062
4913 913
3223 12350
12365 12275
1148 13797
13371 13519
1096 13899
3027 9656
5094 1685
10043 893
14090 13059
12568 4684
5277 6299
8171 2516
2425 12599
5514 3214
13488 14156
10019 8288
13398 12382
13822 24
1347 32
2249 12088
9187 691
13866 11654
8612 1555
11297 11009
5670 12454
3425 2611
13137 4956
8309 12199
2341 5271
811 4012
5807 2247
9129 8799
4008 4942
12332 3696
12401 13208
4137 12615
3921 194
3741 3332
6947 10458
2991 4337
10801 2733
4118 13720
12227 1137
13989 14159
13362 13664
13253 13663
13051 904
10151 5489
524 12353
13970 13552
12561 8906
1487 14099
327 763
13932 8628
848 6047
12833 984
13945 12806
12775 7296
13267 740
2780 11708
11569 1333
13816 12766
5723 12004
646 5413
12921 590
1114 116
12042 13657
1298 12809
8400 14060
4035 5819
13706 9714
12265 5225
651 1210
2376 10689
9343 13587
11860 12533
12331 1488
12045 6047
2177 13077
8795 13714
12821 12082
6100 12675
3996 6673
12741 553
770 4461
763 11946
12306 11815
3664 9760
308 382
10714 984
7777 11902
13421 3075
13792 13269
9119 475
13497 14091
6434 11943
2637 675
11897 13865
2425 3166
13354 1333
9506 2647
562 14157
9624 11867
13337 13911
14160 1321
2101 11877
762 10955
82 11425
1833 19
5819 158
13838 12488
5854 4145
5769 902
3013 3014
12627 9587
1705 6939
5514 158
12505 1282
4268 1666
3332 8795
11572 11890
2991 531
12379 13389
8067 12269
72 9086
10652 816
13875 13446
2830 1119
10981 3084
2496 13227
12074 12646
8083 8798
13798 12964
14066 8762
12836 42
12377 5610
14161 14162
13674 13465
12111 13491
12724 12081
492 6799
13568 14078
12003 32
992 4602
13808 13730
9818 5413
1915 9762
12738 11820
617 308
13411 13779
12985 13621
4268 3073
9896 3068
2255 14163
6521 647
2463 1322
2558 5578
11912 7092
14009 13966
12191 11844
12014 12581
13114 14105
8461 3781
12170 12648
9197 8538
5737 13500
14164 14165
5852 9488
10056 12542
3302 1673
382 327
2211 9184
13418 13249
13462 14166
12615 13028
13908 13672
1269 12420
7307 13669
13810 13338
6521 1083
13045 12481
12782 10811
12257 13708
12099 12285
6141 587
14128 13548
8896 10216
12463 724
13003 12349
422 12739
4237 646
12790 13278
12737 3112
382 384
1198 797
12086 2748
7859 704
11930 11914
1059 13862
12626 12419
1929 5578
12653 13432
12983 11899
13205 13242
12775 3840
4749 4806
12358 5971
1216 2540
12245 3290
3049 12686
13498 12928
935 3463
1660 12451
6364 14167
3024 12413
70 317
14158 74
12135 13562
12162 13881
12416 11991
12772 10904
1743 12107
7727 51
3165 12789
470 10904
3266 1333
8439 3154
10826 5846
12829 14168
3996 5258
3445 12583
12235 12357
3298 7918
11911 12280
7972 3862
14169 14170
3422 13898
1735 6370
14171 14172
7043 3021
304 2106
8689 7029
256 12575
8681 12052
13642 11817
327 32
13301 9644
10960 14079
13299 13468
224 122
13079 3084
4806 11014
13796 13648
8503 5000
13535 12101
13222 12385
11814 11820
8886 7389
13204 11905
19 7043
6826 4837
13242 12590
13328 12443
13662 12418
2647 7579
2420 4218
12342 1155
12207 12178
4303 4279
12725 13192
9207 13886
4413 8939
12130 12211
12840 369
13520 12031
13357 4145
14173 5643
13837 14174
13043 1722
12821 12405
4390 4448
9262 13780
14015 13987
175 1520
12536 12458
12708 12525
13861 1059
12750 13779
8082 8798
13264 13979
1083 70
1673 13604
51 12438
13236 9317
14007 8130
13603 12483
2093 8349
13861 1058
11953 8650
5094 382
9709 5955
8774 647
304 4753
72 10216
11890 7630
37 2480
12473 4959
10133 13187
8180 10516
9567 317
13834 13915
1047 24
3223 11914
12516 12103
6502 6047
13574 9658
4749 12302
13853 13542
7959 13997
7447 12634
4118 12218
151 3643
2558 4370
313 278
395 5644
13346 11998
14040 8844
12970 14089
12511 11842
14159 13990
13180 12206
13744 5561
921 317
774 826
3266 9502
7447 6640
3439 12255
13505 6675
4792 14174
5192 13876
13366 11880
13326 13750
12309 74
14141 14148
13872 13736
11869 384
7832 12795
12626 12420
13782 517
13378 7447
14166 13463
7902 12698
8921 12563
13533 14175
6708 14086
12146 12575
254 175
6989 7812
12373 12724
1714 1660
12707 13931
12417 12901
9758 30
11797 12295
14176 12729
6890 8
1923 14177
11800 13091
5094 13567
3166 13088
8130 3447
12598 12058
24 8757
13494 13621
13816 12765
5854 2287
11938 7602
13770 13725
5546 4556
14010 2208
13377 13129
975 13898
10904 471
13979 7795
412 279
12094 11957
2462 2801
14128 13364
13110 12898
13942 13967
13926 13846
4384 13714
12592 11848
1047 13688
10216 410
12497 12835
2748 32
192 13285
8301 6212
13371 3493
10165 10830
12672 1914
13415 12727
13770 2807
13297 2692
12930 12432
8067 1129
37 9935
12480 13045
771 4494
12364 9714
31 5010
7297 12505
12402 13053
10524 11325
4942 7059
5271 12282
222 384
13069 13591
82 12848
13702 4370
8899 7296
3492 724
1666 428
6929 11602
9388 9272
302 13028
12293 12015
13266 12565
12489 12883
13449 7154
12883 12789
12366 12275
11210 12620
13914 10130
12921 5489
13319 13703
13173 11928
2093 8065
13162 4448
1685 254
675 12243
7731 4163
13053 9930
81 12390
702 651
8549 6575
6890 5950
1729 10213
13801 7731
12053 14092
8844 5620
12056 11888
11789 11790
7971 3862
13532 14175
2780 6944
2006 151
9396 951
11795 12544
12489 3166
5540 992
13740 12366
5952 5060
7437 317
12482 12549
1347 12378
13566 12908
13722 13247
12511 13892
4806 778
8619 10520
278 9135
14178 14179
12047 3618
11833 7268
9640 13477
9473 266
943 1413
14180 14181
2907 606
12560 7296
7570 12428
13611 9420
1083 5807
5471 6517
5536 82
7855 7996
9396 3227
3425 8001
2780 9457
13305 13255
8400 9412
14182 14183
13641 13544
13034 11997
5854 13002
12409 12161
8442 4848
12801 2748
12874 524
11939 12130
14156 10931
2211 7835
11540 12219
12967 12063
9489 606
14137 797
