1 2
4376 824
1889 4377
1705 1706
4378 4379
4380 4381
4382 4383
4384 519
2683 4385
1906 4386
2442 4387
4388 803
33 34
1716 665
742 1477
4389 4390
1678 4391
1718 790
3155 4392
3981 4393
1547 2982
4394 790
4395 785
4396 4377
4397 4398
4399 4400
4401 4402
1313 4403
4404 4405
3782 52
4406 4407
1015 4408
3065 704
4409 4410
4411 4412
4403 4413
4414 4415
3711 1710
19 952
3555 2081
4416 32
1128 4417
4418 4419
3080 3081
4420 169
320 4421
1046 3084
4422 4423
4424 4425
4426 4427
4428 4429
3555 4430
4431 1199
4432 4433
3086 745
1143 4434
4435 4398
4436 2766
4437 1878
4431 3247
4438 4439
3090 165
4440 4441
4442 4443
4444 4445
1763 4446
3100 192
4407 2978
222 4447
4389 4448
798 4449
4450 3921
4451 4452
3107 355
1763 1764
4453 4454
4455 1072
4456 4457
4458 722
3113 3114
4459 2611
1251 257
187 4333
1071 4387
828 1773
4394 388
2939 3009
1778 1779
2395 4460
4461 3424
4462 4463
2246 4464
4465 4466
4387 1765
517 1144
4467 993
4468 4214
2822 4469
2748 2669
8 4470
4471 4472
65 587
4473 1395
3133 3134
82 4474
4475 4476
2375 1878
3140 3141
2982 4477
4478 4479
2357 4480
4481 4294
2006 517
4482 27
387 4483
4484 4485
4486 4377
4487 3378
151 1735
647 4488
4489 4427
4490 4381
3154 3155
3147 4491
4492 4493
2063 4494
1833 82
4495 4459
4496 4497
4498 1476
4499 3964
4500 1488
4501 2911
4502 4477
1040 2546
3165 3166
3293 2102
4503 750
4504 3516
4505 4506
4507 4508
279 1210
387 1720
4509 4486
1596 1143
4510 522
254 819
4511 4512
90 32
3489 2102
2267 3187
4513 436
4514 3216
340 320
2093 4515
4426 4448
3190 606
4516 4517
1072 4518
382 648
4261 1331
4519 1347
778 4520
2989 3744
163 365
1710 1193
4504 4521
2546 4522
488 3647
4523 4524
299 4525
4526 3611
3208 2029
4527 4449
2234 4528
4529 4530
4531 4532
4533 4534
1269 4169
4487 3285
394 395
1047 3084
3217 3218
617 4535
169 1900
2404 254
4536 4537
383 410
2156 2252
4447 1536
4477 4538
4539 921
3285 3379
984 4540
1909 1211
4541 4542
4543 4544
659 4545
2781 1273
762 3034
4546 4547
3233 3234
1547 4502
4548 2924
3123 893
4549 4550
4551 4552
125 4553
347 3973
3235 830
4525 2330
4554 4555
3154 4556
4557 3117
4558 4439
4559 4560
4561 4562
4563 4564
1889 3546
4565 2128
4396 4566
4567 3555
4568 4569
3251 3252
4570 4571
1709 806
4572 1605
4573 3967
4087 4574
4353 4575
8 4576
4577 3964
942 3034
3264 103
90 2643
472 128
4462 4578
388 4579
4580 4581
4582 4583
230 476
2404 2148
1 81
4448 4584
4585 4586
4587 4588
4559 4589
1610 4590
1678 4521
1906 1943
4591 4448
4592 4458
4593 134
4594 4543
2636 1253
4595 4596
1951 1952
4597 4477
4598 4599
4600 4601
3166 3283
4602 317
4603 4604
4605 3075
522 523
2736 3604
1367 4606
1909 476
4607 4608
1347 4396
2042 873
3292 2102
4609 4610
3635 2690
1962 317
1046 4138
163 4611
4612 2801
4599 4613
262 357
1966 921
1688 2036
3445 3862
4614 778
3294 3295
3292 3293
4615 4616
2748 4617
4461 4618
2333 4619
340 4620
1975 1976
1490 4621
3 2296
4622 4623
4624 4538
2417 4625
4626 1979
524 3299
4627 4628
382 4629
4630 1143
51 4631
947 4632
935 4404
1209 4633
583 384
933 4634
362 3808
4635 2024
1481 4636
4637 4638
1395 3283
4574 4597
4639 2609
1072 4640
4641 4582
4206 4642
4643 4644
4645 4646
1428 4647
4648 4649
2185 4650
4477 4651
4652 116
1984 1211
4653 4654
4655 4656
4657 4654
617 618
4416 4505
1047 1333
4658 4659
4660 4661
1975 1993
4662 2094
4663 4439
1802 4664
4527 4665
372 3323
4390 4530
1347 4377
1813 4666
2766 4225
4667 4668
2006 1144
1304 4669
4430 2081
4670 4671
4509 1062
3331 3332
1015 2004
4672 4673
4674 4546
3489 4675
4676 4608
2211 2559
4677 4678
4679 4680
4681 4682
412 4683
3204 384
4684 2346
1994 4685
3570 1809
658 659
617 4686
387 1026
1889 4566
4687 4688
4689 3411
2093 4690
4691 4692
4693 82
674 675
2081 1742
1347 3546
437 2818
388 1711
682 78
4694 966
4695 4696
3356 1367
4380 4668
770 4697
2006 1900
2060 4698
4699 4587
1906 2024
4574 789
4700 4701
4574 265
2222 1063
2346 4702
1808 3373
3371 3372
3795 91
3489 4618
4703 4451
1096 1165
4704 4705
1106 3227
85 4706
4707 4708
4709 4710
3378 3379
4087 4711
3489 4712
3166 3862
1395 3166
4713 4480
3782 4714
1276 2044
387 2045
4715 4716
1800 4717
4718 4719
4720 3966
3489 4520
4721 72
4722 3771
911 4723
4724 4725
3179 3295
4711 4477
5 732
3387 1779
4617 4398
4726 4705
4476 4439
2651 4727
4728 4729
3114 4730
4731 4732
103 739
4733 587
1813 698
4430 4394
743 2
4734 2558
2148 4735
1706 3582
4736 4737
4738 256
1144 1900
254 3399
4051 4547
4739 1093
2825 4740
4741 4599
4742 4212
4743 4744
116 3781
740 4466
4745 4746
4747 4748
1943 2759
4749 4702
774 775
4750 3518
4751 1661
4752 1520
2712 4753
754 1128
4674 4051
4724 2081
740 4659
3715 4419
1935 4754
4755 4756
4509 1347
4519 2898
4748 2103
3419 3140
3936 2690
4754 4757
4758 3293
4012 4647
4407 4759
4760 587
1490 2080
4761 4762
4550 4763
4764 4765
923 1948
1547 4538
4419 763
4422 4766
4767 3673
3427 573
4768 3895
4769 4492
382 2748
4770 4771
1685 357
3710 1710
510 4578
4599 4772
4773 3332
4774 4775
4776 4777
820 55
3292 4675
85 4538
4778 4779
2093 2094
4711 4538
4780 3895
4781 4638
4782 4783
4784 2052
1428 2833
4087 1605
4785 3785
4786 1528
4587 4787
4567 1711
3446 3447
2103 1072
3464 1672
4788 4789
3673 3113
4790 4413
3710 952
1709 4774
4595 4791
4792 4169
4793 384
2128 2129
2668 869
3292 4712
4794 4017
4795 2029
4796 29
4686 4535
4797 4798
4799 4713
4800 616
4390 4591
4597 4651
794 4434
745 51
3247 1199
1071 4801
3294 3468
4802 3283
1428 4012
4803 1476
4804 4805
1144 2142
4806 3293
580 38
4807 4534
4808 4809
4481 4295
805 1611
4237 648
4810 4719
4712 4811
1331 1716
4812 122
1015 865
4813 4608
4814 4815
4816 4817
1455 4818
2036 698
798 14
3357 3489
4567 1720
3086 4819
82 4820
222 3034
4821 8
199 4822
1800 4823
985 4824
4825 4826
4827 4828
801 2153
3995 4457
4829 1089
2157 365
3293 4830
3673 4831
873 1844
4832 993
1688 1813
4833 151
279 3500
4834 4761
4835 4836
1993 1976
81 743
4837 1026
4838 4608
1593 4839
3507 3508
4840 4141
1547 789
4087 4502
85 4711
2169 32
3512 3513
2170 280
762 1536
34 410
4841 446
1176 4842
4816 2668
4843 4844
536 3301
4845 471
2176 1773
1794 3518
4846 2719
4847 4848
951 258
4497 3348
2148 763
254 648
4849 4850
279 1222
4851 2353
4767 3715
742 580
4567 2045
4852 587
4853 533
4712 3424
4854 4855
4856 3293
4857 4858
4859 4860
4321 4861
4862 4863
4533 4433
5 3528
2050 4864
3534 3535
4865 1439
3534 2267
2011 1063
982 179
4426 4866
1137 4631
4867 4868
4806 4675
4869 4870
2191 2192
3490 4871
990 755
4872 4873
992 993
4874 4512
1046 279
2200 32
4875 4876
4877 2950
4878 4397
2719 3190
923 4879
4544 4466
32 819
4487 357
4381 4668
4456 4880
59 997
4881 691
78 4882
2833 993
2534 278
4496 4883
3490 4884
2211 1717
590 4885
923 2220
3554 3555
3429 1488
4624 789
4758 4520
3559 55
2106 3470
3190 4334
1144 1155
4598 4886
2136 4887
657 1325
4526 4078
4095 4888
4889 4890
4891 480
1347 1062
3695 4892
810 3301
1718 2156
2558 280
4836 2628
4720 2782
1528 4893
4894 436
51 4714
3247 4895
2748 4435
634 1488
4896 4876
2393 1308
4897 1072
4898 4433
4899 1520
1347 4900
4901 1072
4902 3677
1090 3112
4903 4377
2446 313
4904 4283
3490 4693
4811 4520
4905 4476
4465 4543
4906 893
524 4907
4823 4669
4392 3781
810 888
3534 3582
3292 4811
4908 3373
4909 4910
4631 4714
4675 4911
898 4421
1151 4912
755 819
4913 519
1133 4914
4810 3491
254 4735
740 4544
2242 1555
4915 1852
1719 2252
4916 4497
254 3063
1631 3949
4889 4917
265 4918
596 4919
4416 4506
4920 1804
1148 1878
4414 4921
1395 4922
4923 4924
4679 4925
3389 3590
433 70
2837 606
383 4926
4794 2276
3819 4415
302 384
4602 4927
4711 4706
4928 2985
2982 4651
3389 2404
3570 82
2255 362
4929 4930
4931 4932
4422 4933
2950 4934
1959 278
2222 1270
347 3
4935 192
299 4639
4936 1325
4937 992
4938 2129
921 4540
797 739
3374 3603
4713 2357
4939 4940
3607 3468
4751 4941
647 4942
4943 349
4944 4945
4946 4947
3610 3611
4948 14
855 4740
215 134
1520 471
1887 4949
4950 4538
4951 4952
4953 4954
372 4955
2551 4045
256 4956
1088 800
3615 665
4957 1800
4958 4959
824 4960
1766 192
3444 4398
4961 158
4958 2213
4962 4558
4627 4963
4964 2781
4938 4965
1623 4966
4967 4968
32 2280
1547 4651
4969 4970
1096 4971
4972 4973
4974 4975
4976 3185
1714 4716
4440 4457
923 3301
4977 4978
4979 2213
103 1308
14 4449
482 230
1105 1106
4980 2128
4981 1888
4982 3373
4983 4616
1120 358
4984 357
4985 4986
4987 29
4988 81
4376 1878
1127 1128
1661 4673
4989 4990
524 765
4898 4432
4991 4992
163 4993
4711 4950
4785 1333
4768 4780
65 265
659 998
1714 4994
1979 4995
254 4996
4900 1321
4823 4997
780 4998
1685 3285
536 2220
3677 4999
5000 256
4523 5001
5002 587
4578 2330
3635 1244
5003 5004
4982 4722
319 4421
4801 3029
590 718
2302 828
1156 3621
2227 2393
1997 5005
4584 5006
1678 3516
828 4577
794 1143
2163 278
771 2063
2330 4534
5007 5008
2148 4996
4852 920
1800 3075
5009 2029
3643 921
2569 5010
4692 4850
387 3555
5011 5012
4614 4619
1114 1144
3995 4880
2484 384
1089 5013
5014 5015
4466 4907
4087 4538
4791 5016
1151 921
778 4618
2558 5017
5018 4458
3655 3656
1802 115
2611 1690
1093 5019
2650 4981
933 942
5020 921
1673 811
510 4807
5021 2808
5022 1367
1026 1711
4394 1720
898 992
3559 5023
4378 5024
5025 4820
1802 5026
5027 51
5028 4861
265 3178
3673 360
3141 3500
4426 4389
984 158
3485 5029
992 1169
5030 4677
5031 5032
4498 5033
5034 5035
522 4723
5036 5037
4797 5038
4386 5039
4442 2242
5011 5040
5041 1128
3708 1026
1473 5032
5042 5043
2492 647
5044 5045
5046 4959
3389 254
2193 4620
2176 5047
5048 615
4982 3771
5049 5050
302 819
5051 5052
222 933
302 648
1820 1660
2479 4425
5053 1169
882 3677
5054 5055
5056 103
5057 279
3411 5058
1114 169
5059 4494
52 5060
4586 5061
4950 1605
4721 2669
5062 4890
4226 797
4788 128
1025 1191
5063 4580
3555 2045
2337 2338
5064 984
5065 4754
5066 260
630 2739
179 4637
4670 5067
5068 5069
2341 1423
387 2081
1033 1200
299 4898
4384 913
789 1292
2081 790
5070 5071
1813 2036
4800 292
4878 4398
5072 5073
5074 4427
4624 4572
2335 3696
4722 1808
5075 5076
5077 151
4627 5078
5079 5080
5081 4937
5082 427
1211 476
708 4539
4706 4477
1151 2170
4634 4723
8 813
4453 5083
2208 5084
5085 5086
1216 1217
3570 5087
4807 4578
5088 5089
4724 2045
156 976
5090 4493
1808 3771
1719 3708
4565 4938
3710 3711
4391 3516
828 2364
2255 1959
2666 5091
1561 2330
5092 298
5081 992
5093 4634
5094 923
2366 1092
4765 4486
5095 5096
3593 3717
510 4432
4597 4538
5097 5098
5099 4556
5100 3151
5101 5102
5103 816
4880 4457
5104 4402
4558 4905
5105 4486
708 4417
712 5106
4620 5107
1989 4651
5108 5109
5110 5111
2267 3535
557 4469
4008 5112
5113 1367
4078 5114
3729 3730
4567 1742
2372 51
2225 5115
4616 4737
5116 5117
4426 4489
5118 4659
632 2417
5119 5120
5072 3303
4720 4506
3695 5121
5122 5123
5124 4718
4938 4980
4534 4433
5125 769
4420 2006
2094 3739
3489 1488
4724 1711
5126 5127
5128 2599
1988 657
5129 4766
3741 3331
4923 5117
1299 4552
5130 317
2375 2376
3610 5114
4087 2982
4574 4651
4246 3708
4389 5006
1716 317
3673 3114
824 1878
5131 5132
5099 3154
845 2766
522 2774
4764 4486
3357 4911
4658 4907
5133 5134
5135 5136
37 3177
1106 5137
362 278
84 2382
963 5138
5139 5140
1824 5141
5142 1413
4032 5143
789 4572
5144 819
3268 2295
5145 1113
4972 582
5146 3472
3607 409
576 5147
2234 5148
299 5149
5006 4530
4770 5126
5150 5151
4573 106
4630 794
4219 4753
90 84
5152 5153
382 698
1366 1764
84 384
4897 2103
1989 4538
5082 2584
4787 4588
340 5107
2102 5154
5155 5156
302 279
4389 4427
1989 1605
5157 4452
5158 5159
5160 5161
5162 5163
4185 158
4658 4708
5164 2834
4465 740
5165 3610
2927 2502
5166 3379
4233 1804
5167 5168
2404 3063
5169 5170
5171 1072
2276 3761
5172 1549
4829 1948
3535 3187
4571 2774
3729 3348
3464 2417
4516 4665
5173 1979
1909 482
5174 5175
4487 1061
3607 3179
4741 4613
5176 5177
5146 383
2191 2406
5178 4890
855 5179
4624 4651
5180 5177
5041 5181
4511 5182
5183 5184
5185 722
1105 2690
820 4857
935 1331
2333 778
4455 5080
299 4433
3768 3086
245 5186
1347 5187
1333 103
5188 5189
1705 3582
5190 2063
789 4597
4790 1313
4725 1719
5191 4397
3590 4831
5192 1800
3546 4377
2584 427
5193 1072
179 4638
5194 5195
1951 1367
935 3770
5196 4078
5062 826
5197 5198
2795 5084
5199 2376
4961 5200
5201 5202
3362 3862
115 5103
5203 5204
1347 763
770 4520
510 4898
5205 4682
151 952
3918 4459
5206 1657
5207 5208
1137 5209
4897 4748
1015 4976
5210 1765
2376 4012
5211 4892
4914 2628
3389 3673
524 5118
4418 4730
3777 3778
5212 1050
4834 4762
1596 5213
1951 4606
3292 4911
90 819
3555 388
2662 1800
5214 5215
5216 5217
299 2330
763 360
5148 4528
1883 2117
5218 5219
789 4651
5220 2708
4087 4950
14 4517
4847 1207
5221 5075
1929 5222
658 4545
5223 4417
3154 3781
4875 5224
5225 5226
5227 3895
4411 4400
51 5209
2267 4683
5228 5229
4938 2128
330 5230
4767 3114
4663 4475
4905 4439
1270 2011
5231 3331
682 4882
5220 1647
3862 3283
5232 5036
4443 1555
4624 4502
4823 1304
2482 5184
1209 771
5233 5234
387 5235
2045 790
5213 4434
3846 5202
5236 5121
3264 739
4519 5187
798 4517
5164 122
4517 4449
2376 5237
222 1711
4834 5238
5239 5240
658 5241
1715 2436
800 2739
4365 1536
3489 3293
4848 475
617 2606
383 5242
3040 5243
1151 280
308 4535
5244 5245
3292 4461
4426 5074
65 4929
4466 4708
5246 514
4533 4578
5247 5248
5249 4417
412 3582
5250 276
5251 4985
5252 534
5253 265
5254 2668
5255 5256
1239 5257
5258 2280
5259 4312
4898 4534
5260 1124
1041 179
2442 1765
1952 1367
4896 4875
4509 4566
4497 116
72 5261
1026 790
4801 5262
1711 1536
387 4567
4419 360
4496 5263
4828 819
5181 1128
414 4856
1711 1742
3802 3080
3512 3805
4440 1292
4988 4823
4731 5264
4390 4427
5265 5266
2103 5267
4645 4405
5268 647
3292 4520
522 4634
2163 362
4529 4389
3513 5269
4465 524
382 165
3814 3151
5270 1481
5109 491
657 5271
5094 5272
4681 5273
1929 2084
5274 4759
4595 5016
4726 5275
5276 5277
3818 3819
4990 3151
1151 2558
4387 5210
5278 4434
5279 3348
3710 151
1408 2495
3559 5280
5193 4748
771 3288
5281 4777
4396 1062
1148 317
447 3729
1520 4491
4658 4466
3289 3446
3165 3862
4428 4446
1375 5282
1331 587
489 260
4901 5267
4997 1304
1376 5282
4758 4911
4711 4651
4527 5283
3715 3113
1547 4950
5018 4592
5280 840
3749 3216
1684 5284
2242 4443
5139 299
4833 19
4681 5205
3976 2179
524 4544
4903 1889
5061 5285
4898 1561
4827 5286
4962 4476
3636 2222
2404 1063
5287 5288
4877 4934
4989 3151
4087 1989
2744 5289
4951 1714
5290 4537
1439 1092
1915 384
3838 3839
4643 5291
5292 5293
1989 789
5294 5295
1757 21
805 187
5064 2985
85 4597
1723 2287
855 3840
3292 4830
4769 4493
5093 933
90 3405
308 409
5100 3814
5196 5114
4916 531
4511 4874
5296 4488
1395 3445
771 4633
4394 2081
2406 2192
5297 4476
265 278
349 5298
82 1735
5232 5299
4440 4880
3851 3832
1071 5300
3268 1716
5301 5302
5303 2346
4427 4530
5304 1113
4571 5305
65 1068
4785 1520
4901 5171
4697 4520
4438 4476
5186 4602
2068 1773
1719 388
1609 4842
1199 4895
4431 4895
5306 4580
1072 5307
3489 4471
888 176
4207 4642
5024 5308
1071 3787
5309 5232
5181 5223
2093 5310
1678 648
4418 763
4404 4645
362 317
1994 5311
1331 4283
4176 1779
4543 765
5068 4898
618 4535
4426 4584
5312 4549
2375 286
1989 4706
2136 3862
169 1962
1727 5313
2417 3084
3866 3787
4941 4673
5176 5036
1474 590
580 1477
5314 4386
29 2506
65 4745
5108 5315
5316 819
1089 4879
1635 2509
5317 169
3090 4436
5225 4650
957 158
15 5279
3673 3063
5318 4439
2045 2081
1605 4651
5319 4732
5190 1520
789 4441
5320 5321
5297 4439
4703 4452
3981 5170
1099 5322
5323 5058
3559 840
4533 2330
1253 3264
257 2757
5324 4472
4505 32
5254 869
770 1794
5325 4932
2208 5268
340 5326
4393 5234
4507 4927
5212 5327
3846 5201
5328 5329
1074 1491
1490 2523
3147 4494
4574 4706
1443 2989
3489 5330
1678 4504
5331 992
3643 4540
4758 3489
5332 475
5039 1922
5009 3208
2050 2093
5278 5213
82 4871
1673 5333
5267 5080
8 984
5023 5280
4386 3987
2363 3696
4889 826
5242 4926
893 5334
4890 4917
4489 4584
5335 4768
4792 4853
1133 3604
4781 179
5336 2213
4928 984
4397 3444
5337 5338
2528 2529
770 3489
4456 4441
5339 5340
336 3328
5341 5342
254 384
5343 3303
4766 4423
5344 975
4594 4659
4567 4430
4724 1719
2662 3075
5345 4860
252 384
5346 1615
1596 5278
4693 4871
5190 4785
387 4394
770 4675
695 4625
923 279
2532 2142
3894 3895
4624 4597
5347 590
5348 1063
1061 357
5349 5350
4785 5059
2533 2436
24 471
4598 4741
257 2534
4659 4907
5074 4866
5351 5250
4789 128
3897 3898
1833 151
4837 790
5352 5353
2748 1376
4389 4866
4951 2067
892 3899
923 888
3138 1141
5354 5355
2982 4597
5027 3086
882 4999
778 4697
5194 4935
4897 4901
588 1074
805 992
4679 5356
4760 4852
314 5357
3507 1141
122 5358
1766 308
299 5140
3976 5359
3907 3908
5360 5361
5362 116
1093 3911
2534 266
222 762
3113 4730
4785 771
4521 4391
316 3216
1824 2540
5363 923
4087 1547
1395 2425
5364 436
5258 279
3 1525
4624 4477
5129 4933
4903 4566
4914 3604
5365 4825
2931 2404
811 5333
4689 5058
5366 1735
5367 800
5368 952
4978 5369
5356 4680
5258 4647
597 3185
1050 5142
4390 4866
5370 5371
5268 4371
5372 5251
176 5067
3113 763
4693 5373
5374 5375
5376 4881
4390 4584
3918 2611
2614 1308
5133 5377
1408 395
4442 5378
4572 4706
1383 5379
4924 2143
4653 4657
4725 388
510 4533
857 5380
5227 5335
4648 5381
4850 5382
5383 5007
5192 597
4667 4381
778 4911
286 5384
1951 5385
5386 4771
5387 5388
4866 4448
4785 84
340 2395
412 3189
4902 882
5389 5390
2242 4379
3930 72
3931 2436
2481 4565
5391 4690
5392 4954
115 816
3154 3934
2833 5393
4473 4922
105 4888
4502 1605
3936 304
4426 4529
5394 256
388 4483
4527 4517
5395 4779
5082 1923
5396 1802
4977 5369
5397 1935
4971 1066
314 1124
1499 1072
2157 4041
4681 5398
257 278
5346 2453
374 5399
5400 1878
4591 4530
5401 4417
4087 4572
3636 2011
5402 4841
1151 3643
5403 5404
4237 382
4400 4427
2748 3444
3660 1520
3546 1062
5405 5063
3944 892
5015 5406
5407 5408
3347 1915
116 2436
4406 2978
3235 2046
1114 5317
478 1068
3946 82
5409 5410
4676 4607
5411 330
2276 5412
3195 5413
5405 4580
5414 4887
4624 4706
794 5278
4664 5026
5274 4407
820 5023
3884 1804
156 522
3195 646
5258 4012
4950 4597
5372 4986
2046 830
4672 4941
4853 1269
674 1063
4385 188
4406 5274
4739 5019
5415 5348
1813 984
1706 4683
5416 1282
2833 4012
2025 3345
4743 3224
5174 5417
4455 5267
5418 5419
4748 4518
510 4462
4448 4530
91 5420
4574 192
5296 647
315 913
4812 704
5421 5127
789 4477
4489 4530
2045 1720
762 933
3478 5344
1714 4952
1605 4706
3472 5242
5422 1183
2887 5423
5297 4475
845 165
536 923
828 3964
5424 5425
4394 1711
3389 2148
4393 5169
478 308
4760 920
116 3931
4558 4476
4705 5275
5205 5398
2357 606
5426 5427
84 3288
215 4593
187 1207
651 1578
4974 5428
4935 5195
5429 4480
5430 3899
5431 4012
4662 5432
2063 5059
5433 5055
2782 3966
1994 5434
4565 2129
5318 4438
1678 1813
4465 4544
5277 3819
4889 5062
1061 3379
5435 5436
5437 5438
4878 5191
5225 5439
5257 514
1763 4428
1137 3782
4707 4658
308 2575
5306 5063
2045 1711
5018 5440
1602 3009
4648 2830
5441 5312
1430 5081
1735 152
2712 4219
5234 5170
5442 5443
5444 2963
5179 1527
5069 2330
990 754
5445 4556
5446 5447
71 2669
2060 2305
5437 5448
5449 5450
5451 2599
582 4973
4711 1989
4758 4712
819 384
762 156
3975 797
888 2220
5452 824
5312 4763
2208 627
770 4712
5453 5075
5454 5455
3378 3285
4789 4427
1071 3262
2067 4952
828 2176
5368 597
4397 4435
1520 4494
4807 2330
5456 5255
308 4686
2395 5115
85 4502
3814 349
116 1715
472 4789
1105 4055
4565 4980
5457 1367
4389 4584
4578 4433
5458 5459
5460 1942
5316 4481
4465 765
4475 4558
5461 5095
911 934
4246 4837
5462 1567
4594 4707
4465 4708
3981 1350
4898 2330
617 3030
340 2225
4898 4533
5463 1924
1600 1518
4807 4898
155 4568
5362 4652
308 1333
4897 5171
5147 5161
5464 5465
5217 2774
5466 5112
3607 3294
4462 4898
1015 5467
5171 5080
5193 5267
5208 5468
5469 5470
1906 2143
5264 4732
1623 5471
2627 2628
5304 5145
4570 2774
5472 383
5141 5473
2708 1647
5408 5474
771 84
920 587
4962 4439
4741 4886
4416 3966
5022 103
5475 5341
2830 5381
742 38
845 4436
4511 1714
4912 921
78 435
5318 4475
3090 2766
4378 4443
892 587
5476 5049
3590 254
1047 32
4412 4789
1915 4793
4504 4391
4437 824
2636 2426
5215 5477
151 4740
5478 5108
2748 4397
4558 4438
1889 1062
5479 215
3294 409
1612 4621
156 4625
5480 4818
4727 1208
5481 5482
5483 3009
5118 4907
5484 1590
5485 5486
5487 712
1061 3285
5017 280
3936 2106
4578 4432
5488 15
5118 4708
5239 5489
2255 278
5119 5490
1824 2647
3508 1141
3303 1673
993 5393
2648 857
4502 4706
2682 470
1151 5491
5180 5176
4707 4907
5492 3217
5244 5423
5493 4045
106 3967
1808 665
5193 5080
5401 1128
488 2093
4724 387
4963 4628
82 3373
4087 4624
5494 4791
3348 3730
2397 3301
5180 5299
4441 1292
1073 3832
4461 4520
4463 4433
5495 5496
1766 1068
2927 90
5398 5273
254 4831
5497 1477
2928 1446
4594 5118
4887 3862
5173 4995
1718 1719
892 3463
3392 107
5498 5499
4500 3429
387 4579
4594 4907
5500 2488
2036 984
5193 2103
5378 5024
510 2330
1211 482
5501 5502
1979 1924
2994 2376
2225 4460
4594 4708
855 1527
1383 5503
4493 5504
4489 4866
3356 2227
362 5505
24 1448
5190 5059
820 840
5506 4382
286 4012
2982 4706
4838 4607
1794 2130
1151 3396
5180 5037
510 4433
4574 4950
5041 5401
3229 3468
4185 5200
632 5413
789 4538
4603 5507
4615 4736
349 2668
4572 4597
4770 5386
4665 4517
4767 360
1347 4486
3934 116
3154 116
5508 4383
5509 1217
3205 371
4430 1742
5456 5510
1062 4377
665 2305
3802 5511
5512 4240
4786 4893
151 82
222 4365
5433 5054
1378 4922
5500 2944
5190 3147
770 3424
4720 32
5513 5514
617 1939
3590 4735
5515 3283
1596 794
1609 1176
5236 5516
3749 587
151 517
4465 4907
5027 5517
4983 4615
4704 5518
85 4651
5519 4477
4856 4830
754 819
2830 4649
5407 5474
2614 2393
651 5459
4444 446
4035 5520
5521 3656
5522 5523
5124 3491
2575 300
4826 5524
4509 4396
2503 587
1347 1321
2924 5525
5526 1050
4462 2330
1794 5154
5527 280
4513 4894
5507 3714
1889 4486
2691 1631
1706 2267
4479 2258
5225 2185
1906 5039
5519 4651
37 4510
362 1959
4409 2305
5528 2029
5193 5171
770 3293
794 5213
1395 88
5178 826
3518 2102
5397 5529
4682 5273
5165 5114
4646 4405
1106 5530
3795 3035
5196 3611
778 5299
5531 5532
38 1477
3464 3195
5533 5534
778 4712
789 1605
254 32
3234 4033
5093 934
2748 4398
1068 5535
1015 3185
5536 3717
4982 1808
4502 4538
4438 4905
2335 2363
5537 5127
2250 2686
5378 4443
763 1321
4816 5538
5014 5406
5034 5539
5540 892
5335 4780
5053 992
5541 3328
5306 5405
2106 2690
5432 2094
4862 5542
5372 4985
5074 4530
472 4788
5448 5438
304 2690
4463 2330
778 5036
5543 3789
4983 46
4418 3113
4487 5166
299 4807
4695 5544
1050 5545
4591 4584
5546 5303
2691 2692
187 992
1378 1666
4443 4379
4502 4574
3389 4831
4822 3782
959 2509
3100 278
5547 1392
2492 1578
4894 5364
4509 4903
412 1706
3711 1193
1723 5548
5150 5549
1395 1666
5314 2024
1989 4950
5424 5076
3372 5550
2759 3987
5551 5468
199 3782
4706 4538
2453 1615
5552 1144
5151 5549
902 1741
32 1333
3155 4556
3303 5333
923 4647
5553 2818
597 952
5538 4817
2276 4017
4447 1711
1719 2156
2393 103
5554 3348
4729 5555
2148 3063
4598 4613
865 4408
893 5556
1547 4477
5339 4716
5546 4702
4509 4377
199 605
1341 4388
4461 778
1292 4457
4683 3582
1061 1685
3040 5557
4473 1378
5558 5559
1883 1796
5415 1063
5560 4888
1923 3635
156 2551
3655 5561
4832 992
1476 5033
4663 4558
5171 2103
4574 4538
4051 4052
3555 2252
3081 5511
5562 1191
4796 30
1137 2372
1952 103
762 942
3715 3114
4968 5563
5564 2046
1808 82
4590 5565
2417 156
1106 4055
4463 4534
4863 5542
3103 1046
3555 4394
647 1578
1547 1605
4544 4708
4880 1292
4475 4439
3512 4059
3555 1720
3489 3429
675 1063
4772 4886
590 2521
5173 1924
2250 124
4420 1900
5566 4817
5094 2907
362 3749
805 1430
1676 1217
4706 4651
4543 524
1350 4393
4786 358
5567 395
5093 911
5568 5569
5187 2898
2533 1715
5570 5045
5571 5572
85 4477
5392 4953
510 4534
5023 840
1590 192
4969 4994
1915 252
3464 646
265 317
2163 4746
1936 188
2719 606
4509 1889
2397 923
4906 5334
5573 5574
1074 349
4462 4432
5575 151
4543 740
5130 3463
2330 4433
4747 1072
4625 3084
4962 4438
4507 4602
3966 4506
4430 1720
1647 3789
2481 4980
169 317
3673 4418
5552 169
245 4507
437 4470
5191 4435
5215 2451
5246 1761
4386 2024
5576 4934
5149 5577
873 5084
1455 4070
5191 3444
5492 3218
116 3348
4724 1720
4465 4658
997 633
1015 824
4390 5006
5543 1647
3347 5578
2481 2129
2156 790
5579 4667
2117 1796
5398 4682
3356 103
3593 5536
488 5580
1068 4746
4567 790
3419 1210
187 1430
2404 3590
266 278
32 648
527 1389
299 4432
4984 262
4724 388
1148 5301
1133 4836
2246 4501
5200 158
4814 5581
5582 5583
5079 5267
5560 105
4670 888
5020 5491
488 192
5501 5584
4465 4707
2417 646
1676 1216
1717 2559
4412 4427
3303 811
4664 816
765 3299
5585 4638
4878 2748
3555 1742
4078 3610
5351 276
4424 2479
647 651
4435 4617
4691 5586
388 5235
4897 5080
5587 712
5508 4382
5062 5178
4543 5118
14 5283
5588 1567
916 5502
4624 1547
5589 5590
5316 4294
4454 5083
763 4900
308 2606
4442 4378
4958 5046
4624 4950
5591 383
4784 5592
5258 32
805 4590
1661 4941
4785 2063
4379 1555
2743 2744
5318 4476
5068 299
5038 5593
5594 5595
4872 5596
5517 3086
4989 4943
4876 5224
5093 4723
5513 4709
2222 2011
4717 5597
1211 230
2376 5291
805 5081
1596 4434
1813 382
2227 103
5544 4696
1222 5598
1720 790
1706 3189
5599 5600
5181 4417
4095 105
1666 3209
5190 4494
4574 278
4419 3114
85 4572
2726 24
4511 5601
5177 5232
5472 5591
4525 1561
4529 4489
4708 4907
5602 750
4993 4041
2719 4334
5174 5603
82 152
740 4708
5308 1555
5445 4392
942 4447
2683 188
5130 892
588 1491
4993 4611
4456 3995
778 531
5604 191
3320 5
5573 4809
29 30
4620 4214
4855 984
740 32
4429 5605
898 993
5041 4417
5606 5470
19 151
5394 4956
2502 2643
765 4659
5020 280
51 52
5157 4703
245 4508
3387 1778
2417 1672
71 72
382 3516
4665 4449
3604 2628
4529 4427
4489 5006
3 3973
514 1761
4399 4412
5546 5607
280 5491
4399 4789
5141 5057
5378 2242
4712 5330
4866 4584
2393 1333
1490 5608
3534 3187
115 5609
952 750
4419 3113
1906 2759
1685 5610
4460 5115
1610 5565
5611 5612
82 5373
5049 5613
4889 5178
5614 5615
5616 5477
85 4624
5130 1331
1347 1446
4604 3714
4915 5617
4726 4704
134 51
90 2502
778 3424
4108 1342
4835 2628
1906 1922
5573 4808
5618 4854
5618 4855
4758 778
5251 4986
5619 5350
4849 4692
387 1742
151 152
1988 1325
5620 4815
4586 5285
252 4793
5436 4798
1395 1378
4527 14
617 1672
5621 405
576 5161
3785 1520
5169 5234
5622 5557
4527 798
5554 116
3987 2024
4509 3546
1071 3866
5493 2551
2495 394
4590 1611
2456 888
5578 1915
1824 279
4807 4462
5059 4491
946 410
5221 5076
299 4534
5623 4949
2456 2476
5331 1169
2773 2774
4837 1711
1367 103
3389 763
824 5302
5624 5625
5562 1025
4742 314
732 3528
230 231
820 5280
5522 5626
5405 4581
4897 5193
993 4421
5627 5628
2124 3778
1473 3140
5629 5499
5484 192
5378 5308
5630 5001
4878 4435
934 4723
5164 704
2425 3283
5191 2748
382 4521
4788 4427
4594 4465
422 780
2759 5039
5631 3282
4544 5118
2148 4831
1688 698
5503 5379
3489 4461
3140 5032
798 4516
5632 4464
2614 103
5018 722
446 4445
3115 3548
4707 765
1750 722
4321 5028
319 320
3782 5060
299 5577
5633 4948
5252 5250
5591 410
279 3141
85 1989
2805 3778
4400 4789
447 5634
4853 4169
5314 1922
4806 4758
770 3518
4538 4651
4604 5507
957 984
536 888
5635 984
21 349
5309 5037
4585 5285
1408 394
3507 3138
778 4497
4950 4706
2425 3862
3782 5209
5636 3283
2692 1631
387 790
4873 5637
576 5160
1720 1742
299 2709
2766 165
383 384
2409 1755
5638 5461
5639 704
5640 51
387 388
1133 4835
2773 4571
4598 4772
5066 489
4720 4416
169 2790
4487 1685
5314 3987
5641 5002
5233 4393
4921 3819
1800 4605
5642 5643
329 409
3995 1292
4916 4496
1137 5640
4442 5308
3555 790
1169 4647
3147 1520
2669 72
447 3348
873 2795
1602 2939
1794 2102
85 1605
2759 4386
465 5088
4748 1072
5119 5644
4615 4737
5645 5138
765 5118
3918 5646
1666 3445
4475 4438
3154 4392
1428 279
5647 4213
5074 4529
740 4907
5476 5050
5606 5469
5571 5648
1943 4386
5649 3819
4610 2998
2130 5154
3518 5154
4461 4697
422 4998
1685 5166
4002 5650
5441 4763
4542 5651
365 4243
5652 5653
916 5584
1705 5654
1253 103
2985 5635
5655 5656
3673 4419
3981 5234
4545 998
482 476
618 4686
2773 5305
5104 4401
1989 4574
5292 5657
5376 691
740 4658
5232 5037
280 5658
2124 2805
5441 4549
5222 5269
2185 5226
4684 4520
1656 5206
4490 4667
5659 5660
4527 4516
5177 5299
2736 4835
1943 5314
4508 4602
3975 739
1802 816
5378 1555
5661 5148
3 5662
5663 4408
3271 2690
751 156
4675 2102
71 2748
2650 1888
3362 1395
2666 2529
5664 1929
3389 4900
5665 5666
5667 1962
116 3155
547 548
2994 5291
5047 1773
4554 5668
4427 4584
85 1547
5241 998
1151 984
1547 5669
2533 3931
5386 5421
3590 3063
5670 5671
5672 4947
3347 921
5375 5427
5041 5223
4807 4433
2757 278
5673 5674
2726 471
4436 4225
2818 984
4989 349
5634 1727
4504 648
816 5026
2296 3973
5283 4449
5305 2774
3489 3424
778 4675
5675 122
1124 4212
4663 5318
90 384
5074 4389
5654 3582
5676 1015
5072 5343
5381 1119
388 1026
4529 4866
5167 5677
5615 5678
4962 4905
5485 5623
5109 5315
4246 1026
151 2825
4720 4505
5247 5599
5143 82
3429 4472
5679 5680
5681 4601
4866 4530
1331 3770
4574 4572
5140 5682
5683 2436
5684 4841
695 2417
5381 4649
5685 2094
2148 254
4707 4466
2982 4572
4378 1555
4205 1660
4596 4791
3090 845
4816 5566
5602 952
5030 3104
4794 5686
3040 5622
1935 4757
4173 3792
72 2733
122 2834
5493 751
5479 134
4913 4384
3636 4041
3673 2148
3444 4617
3140 1210
1243 5687
4633 3288
4914 4836
740 4707
933 911
659 5241
1824 5688
5689 5690
4543 4466
4460 2410
5630 4524
5391 2094
4991 5691
2068 2176
5280 55
280 3396
2185 5439
1778 4176
798 4665
5692 5678
5115 2410
4594 524
3187 3582
4692 5382
5335 3894
5002 317
4704 5275
3294 3229
4983 4736
5116 2143
1350 5233
1714 5340
1210 3500
4549 4763
3086 51
388 790
5435 4798
3065 122
5065 4757
4995 1924
5318 4905
1943 5039
5309 778
3362 1378
5177 5037
2651 1208
2295 665
3554 2252
4923 2143
5693 5403
5452 1148
82 1809
199 745
5056 5457
3930 2269
2157 4993
2060 665
5177 778
754 755
4533 4432
5191 4398
4545 5241
1133 2628
1395 3165
1001 5294
5540 362
5517 51
3785 5059
762 522
4643 265
2584 1923
387 1719
770 5154
2167 1306
5483 1602
933 4723
5074 5006
916 5501
2094 5694
5567 697
4707 5118
588 349
4758 2102
2501 5393
4195 4196
4771 5695
5600 5248
4749 5546
4635 5039
2234 5661
5696 1691
5423 5245
4976 5467
806 807
1716 587
5018 1750
5445 3154
4388 5697
82 5087
5258 2833
3534 2930
362 475
1720 1711
4397 4617
4411 4427
5697 803
3966 32
2063 84
4427 4866
5176 5299
1719 4837
4643 2376
921 4417
2859 2376
4455 5171
382 4666
3356 2393
873 2208
4901 5079
4767 4730
5698 3183
2024 3797
5190 771
3063 4735
3294 3179
1133 2736
1137 3086
4806 3489
942 522
4087 4477
751 4045
5699 5305
42 5409
5039 3987
4806 2102
4420 1144
4553 5700
5701 5680
5565 1611
5176 5232
2518 5656
763 3114
84 1520
2506 30
3100 265
2982 4538
1766 265
1210 3141
5063 4581
5541 336
4833 952
4768 3894
2423 1626
5363 1089
5702 4860
5498 223
935 4645
176 4671
4521 3516
4813 4838
2397 536
5233 5170
4676 4838
5479 4593
4206 4207
5585 179
5591 384
2106 4753
192 5195
824 5301
2736 4914
3673 3590
5322 5703
85 4574
1943 3987
488 4515
5648 5572
4264 5704
4059 3513
3140 3500
2516 5122
5090 4492
770 2130
4949 5486
5534 405
1 743
387 4725
911 522
4489 4389
1176 371
5667 169
2295 1716
37 156
314 4212
4901 4455
5059 1520
2372 134
5592 2052
5166 357
1002 5294
1763 5605
4749 4684
4790 4403
1800 5597
5100 4943
2499 665
5426 5375
4442 4379
1430 4937
4770 5537
1137 52
4835 3604
5705 5706
933 934
4806 4911
947 5707
5708 5085
5638 5096
46 4616
942 5709
4461 4811
5710 5711
1062 4486
4864 2093
524 4658
5676 849
125 5700
4495 2611
2744 5712
4878 4617
798 5283
4785 4494
46 4737
1887 5486
5325 211
84 32
5713 5714
5715 4520
1989 4572
2193 4214
3080 5511
2662 4605
156 3177
5186 4508
888 3301
3535 3582
5023 55
4709 5514
4846 3190
5657 5293
4827 819
5716 3819
5494 5016
5717 5091
4963 5078
2302 151
5378 4379
1499 5307
5693 5404
4578 4534
3112 5013
3229 3295
3411 5323
190 5718
5441 4550
975 976
5483 2939
3320 732
192 278
4427 4448
798 4948
574 468
169 2142
4384 315
4869 5719
4828 5286
5176 778
5566 5538
5705 3049
1114 5720
5485 4949
5692 5615
317 587
1001 1002
5721 5455
5665 5722
4734 3396
2028 298
4724 1742
5093 522
2481 4938
5723 5033
5057 5688
279 3140
4396 1889
942 1536
742 5497
1723 801
1015 849
4197 3832
4509 5724
4574 1605
5603 5417
4988 5725
771 3147
4758 4697
5706 5726
4219 2106
1211 5727
5586 5382
4316 5724
4913 315
5620 5581
5557 5243
4624 4574
5728 633
2242 5024
5729 5694
4567 2081
5730 4151
2982 789
2692 3949
5120 5490
3673 4730
4882 435
2045 4394
340 4214
4664 5609
4989 3814
4376 1148
4510 3177
5603 5175
5731 5732
5453 5425
2277 4611
33 410
4730 360
3179 409
5733 5734
362 892
1046 1047
5190 84
3946 151
5735 5152
4441 4880
5118 4658
4797 2258
5736 4945
5297 4558
5473 279
5528 4795
1276 5737
3522 5269
1547 4597
5145 1292
85 4950
5738 5029
789 3995
3090 4225
2743 5289
1061 5166
5196 3610
5739 5734
4572 4651
5740 5741
3404 873
1341 5697
33 946
257 266
3546 4566
855 2825
5299 5037
4615 46
5196 5165
3615 4196
308 1068
1331 3463
1929 3513
122 704
2276 5686
4543 4707
3104 4678
5626 5523
5742 5743
534 276
5220 3789
37 522
1590 4930
4505 2782
1089 1090
1952 5113
5578 921
4442 1555
5744 5033
4687 5745
245 4927
447 1727
1096 1066
4529 4584
5108 491
4594 765
4792 533
1596 4630
2736 2628
2833 2501
3292 3424
5746 5747
1763 4429
1742 790
4087 789
4721 71
3317 4694
1251 278
4032 82
84 3285
2666 5717
1395 3862
5130 1716
3884 4920
2242 4378
1605 3282
3673 254
3656 5561
5396 5103
5748 5003
1727 278
5461 5096
4691 5382
3489 778
4565 4965
3785 4494
1705 2267
3636 1063
151 828
2246 5632
4718 3491
4602 1384
4822 51
5365 4826
4455 5079
357 3379
771 3621
4462 4533
3468 409
5749 4213
5457 103
5663 865
5146 5242
5298 2668
4495 5646
4872 5637
2558 2170
414 3489
3673 3715
5301 317
5113 5385
215 82
5485 1887
2495 395
3268 665
778 3293
5716 3818
4713 5429
4807 4533
2982 4502
682 435
4427 5006
5190 3785
4539 4417
3930 2733
1148 824
2442 5210
447 5313
2757 266
5337 2094
420 994
128 5750
5751 1823
1002 5295
3387 4176
2682 308
2691 3949
4572 4477
2907 923
765 4658
2908 2094
1193 952
4378 5308
4591 5006
1809 5087
2910 2911
2063 3147
4459 5646
4725 2045
5752 5753
2395 2410
5617 1852
4241 4051
5025 82
2193 4468
5754 1796
5605 4446
1089 923
5755 3838
4544 4907
5756 4716
4547 4052
771 4491
1714 4512
1757 349
5069 1561
4594 4658
3673 4735
2330 4432
5141 5688
1716 2503
4916 5263
55 840
3485 5738
3489 5715
3771 3373
2569 5757
5758 5012
5231 3332
5386 5695
740 5118
5759 1015
4628 5078
4246 1719
4728 5555
4517 5283
3946 1331
465 5089
4644 265
1071 5210
4997 4669
4561 5760
5487 5106
942 1711
1050 5327
5761 5628
5434 4685
1909 231
5668 4555
5152 4968
4689 5323
5249 1722
4399 4788
3489 4811
1001 5295
4873 5596
4812 5358
5762 409
2647 2540
340 2410
1929 4797
778 5330
5604 5763
5585 4781
4529 5006
4394 1742
1221 849
4769 5504
4994 4970
1906 5314
557 2822
1685 3379
329 308
5764 5765
5100 349
813 4576
5763 191
340 4421
1714 4969
1448 471
4552 2714
299 2609
382 984
4430 1711
5607 5303
769 395
2130 3518
3918 4495
3147 84
2611 1953
5766 5491
1228 1092
5318 4558
5012 5040
5767 5768
4497 5554
308 3030
51 4819
5769 5770
5139 2609
1239 514
5297 4905
519 913
340 4460
763 4996
5339 5756
4980 4965
330 616
1951 5113
4901 4748
1763 1366
4426 4390
2081 1711
5223 1128
5771 5444
1929 5269
2833 992
3513 3805
1443 3744
1350 5170
3292 4618
4443 5308
2481 2128
4807 4463
2859 2375
4502 4651
935 4261
199 51
5509 1216
5580 192
3165 2425
3362 4922
113 357
697 395
5216 2774
5309 5176
5772 1465
2376 265
5079 5171
3934 3155
4524 5001
4616 4736
3981 5233
3292 5330
5702 5345
5773 4503
3708 4837
2369 4263
5510 5256
3607 3229
2045 388
3419 3141
1755 82
4903 3546
5227 4780
2837 2357
1047 308
4502 789
1269 533
632 3464
4825 5524
3389 1321
4533 4463
5502 5584
4418 3715
5437 5134
5526 5142
4392 4556
4780 3894
4436 165
2769 5747
3104 4677
4428 5605
4585 5061
2931 254
4813 4607
5227 4768
3464 5413
5414 3862
4567 4394
4497 531
4705 5518
437 8
765 4907
4529 4448
163 2277
151 855
4487 3379
4534 4432
5388 5774
2908 5685
5722 5666
1648 254
4641 4583
524 4659
5639 122
1040 4522
222 523
5152 4967
5445 3155
5221 5424
5775 2558
5220 5543
2404 4831
2994 265
3292 5715
5180 778
5263 3348
3100 4574
383 3472
4859 5345
4574 4477
1137 51
4917 826
2943 1528
1148 4960
1363 1090
4707 4544
2782 32
5776 5732
4921 4415
2376 286
5176 5037
5363 4879
3292 3357
4396 3546
4017 5686
2063 4491
2488 2944
5238 4762
2518 5655
5448 5134
5396 115
1984 5727
1989 4502
478 1766
5267 1072
308 300
4579 4483
5641 587
4440 3995
254 763
5576 2950
4663 4476
4962 5297
5276 3819
695 3084
5130 587
2606 4535
5777 5778
4589 4560
4594 4466
42 5410
4785 4491
4570 5305
5779 1283
5383 5008
5141 279
5581 4815
5384 4012
4396 4903
122 5780
5781 1015
5645 963
548 1352
3911 5019
1605 4477
2484 410
5782 1331
1288 2950
1350 5234
5783 5128
4511 5784
1467 5720
5182 4874
1547 4711
5268 627
1113 1292
3063 4831
3472 4926
632 3195
3292 3489
4455 2103
1833 3021
5775 3396
3749 316
38 5497
3204 177
1430 992
302 583
5472 384
4426 4530
4465 4659
2404 675
4959 2213
1883 5754
4799 4480
648 384
4650 5226
4526 5114
3224 4744
211 4932
5675 5780
5664 2084
5567 769
510 4463
1989 4597
4543 4659
5630 4523
2130 2102
4711 2982
1375 1376
5785 134
90 254
4633 84
5196 4526
4544 4659
911 4634
4950 4572
4950 4477
4903 4417
4992 5691
5077 517
4444 4841
4461 4712
5662 1525
5365 5524
2045 4430
4169 533
935 4904
5067 4671
933 3078
3808 475
5786 5787
302 1222
199 5788
5373 4871
5396 816
1547 4706
4499 4577
992 4421
2225 2410
3317 966
1711 790
935 4283
4816 5254
4419 4730
3851 1073
5311 4685
510 299
5782 82
340 4468
5140 4639
414 4830
4514 3749
5024 4379
4901 5080
5171 4748
5691 5789
4623 5790
4411 4399
4389 4530
4614 2333
1251 266
2833 279
5791 5111
5309 5180
5792 1739
2117 5754
4759 2978
4619 778
5510 5255
828 5793
5258 2782
4752 4899
3785 4491
4877 5576
522 3177
4294 4295
4884 4693
5546 4684
615 1690
308 258
3768 5640
5613 5050
5367 1088
3489 4684
2712 3470
4594 4544
4233 3884
4792 1269
5124 4719
5211 3695
5629 223
820 3559
1688 984
1935 5065
4496 3348
5454 5721
5476 5613
358 4893
4411 4789
308 1939
1211 231
2748 648
3233 4033
4866 5006
5466 4008
2163 1068
522 1536
5794 5743
704 5358
4078 3611
4399 128
2928 1347
5030 4678
5679 5701
5622 5243
4697 4712
4087 85
845 4225
778 4811
4816 869
2242 5308
4212 5357
5688 279
1151 5578
5711 1700
5378 4378
233 5795
4489 4390
2518 5796
4379 5308
2985 8
5766 5020
1193 151
5180 5232
5306 4581
771 1520
2959 2960
1706 279
5440 722
3362 4473
5075 5425
888 5067
5362 5797
4592 722
409 3295
2611 5646
3782 4631
5676 1221
4766 4933
299 4533
888 4671
2227 1367
5182 4512
59 633
5363 5013
805 5565
349 3151
935 4646
3292 4856
5048 1690
1050 1413
3034 522
5627 5761
4481 819
770 778
2994 4644
4214 5107
3489 4697
1709 4775
697 769
5330 4520
280 921
798 5633
1213 2503
308 1446
5139 4639
5024 4443
5586 4692
5233 5169
163 5798
163 4243
1251 2534
4711 4597
1448 475
4462 4433
704 5780
265 5291
5799 5800
4465 5118
308 5762
5314 5039
1144 169
898 4832
4699 4787
4529 4390
3292 770
5609 816
3293 4911
32 384
4087 4651
1459 763
5207 5468
1709 1666
295 5801
1375 2044
1891 2046
4599 4886
5579 4380
5802 5803
412 2267
5473 5688
4711 4502
163 4041
3292 4758
3389 1347
5074 4390
4543 4708
4448 5006
4197 3851
2208 2795
5633 14
1678 2748
547 1352
4426 5006
4502 4950
4450 194
3785 3147
3741 5231
5575 2825
5377 5134
4502 4572
84 819
1547 4572
5031 1473
4311 4312
5178 4917
5387 5774
4516 14
5166 3285
4462 4534
340 5804
4430 790
4770 5127
5805 1761
5181 5401
1015 5806
1719 2045
2246 2911
3489 4472
2404 674
5616 5214
4928 8
4767 763
3768 1137
1459 5807
5574 4808
5699 2774
5589 5808
4456 4440
1722 4417
1248 5355
5157 4451
4670 176
4908 1808
1705 412
1395 3209
1137 4714
789 4440
495 4202
5574 4809
5564 1891
5137 5530
597 1015
372 5809
5810 5811
763 5807
4404 4646
524 4708
1766 1916
4684 5715
4801 5300
1270 1063
4665 14
4903 708
778 5037
935 4405
4870 5719
4991 5789
770 2102
1678 4237
3155 3781
771 5059
5682 2609
2748 72
4699 4588
4890 826
340 2193
482 231
447 3730
4365 1711
5812 5813
5723 5744
329 5762
1952 5385
1802 5609
5814 5815
5165 3611
820 4858
801 5548
5354 1248
308 2774
1148 5302
5024 1555
3424 4520
1347 1889
5457 5022
5262 5300
805 4937
5640 3086
4572 4538
5194 192
4514 316
5017 3396
590 2975
4490 4668
2045 1742
5816 5817
4513 5364
4925 5356
387 4837
165 4225
3996 3656
4410 2305
1253 739
4724 3555
34 946
4427 128
5018 5185
5069 299
4902 4999
1251 2757
2757 2534
3489 4911
4492 5504
3444 4435
4813 4676
5171 5267
4810 5124
5818 4478
3785 2063
5520 5819
2712 2106
4406 4759
4684 4702
1341 803
632 1672
4846 4334
4798 2258
5260 314
4491 4494
3292 4806
672 5820
1714 4562
278 5505
1209 3288
4556 3781
3138 3508
4962 4663
308 618
2375 5384
412 5654
1590 4929
4197 1073
789 4950
5560 4095
4087 4706
1916 192
4489 4591
4509 4316
3715 763
4664 115
3204 4793
2157 4243
2910 2246
5297 4438
5134 5438
3262 4801
5431 3456
5180 5036
2709 2609
892 317
5126 5537
5125 1449
3604 4836
5818 2258
2982 1605
778 1124
4770 5421
5821 5792
116 4556
5238 4761
4471 3429
2983 1635
5699 2773
1716 3463
3490 5373
5640 745
1143 5213
222 156
5475 5342
1313 4413
156 4045
708 921
4849 5382
4237 2748
4993 2277
4799 5429
5527 5658
2558 3396
1106 2690
1347 4903
5698 5822
4233 4920
5105 4764
2887 5244
4650 5439
4799 2357
3570 4474
3292 414
4333 1207
3802 3081
358 1528
5149 4848
2516 5123
1428 923
2985 984
299 4463
606 4334
524 740
5046 2213
4769 5090
5211 5121
2492 651
5121 4892
1688 382
1887 5623
5823 5496
15 3348
14 5556
5708 5086
4711 4572
279 4012
3374 3172
5758 5011
524 4466
302 254
1943 1922
4618 4712
3814 4943
4750 5154
5530 3227
4990 349
3189 279
4748 5267
72 2269
2709 5682
2532 1144
2648 5380
522 934
4204 775
1906 4635
5099 116
1089 1363
5421 5695
3792 1139
410 384
1137 745
4529 4591
3324 648
2170 5017
5515 4125
3204 252
222 942
4901 2103
1923 427
2106 3271
4837 388
5412 3761
5311 5434
4578 4463
5673 5824
4750 2130
5798 4041
4416 2782
4758 770
3636 1270
5825 5826
4173 1139
2887 5245
5079 2103
4916 778
302 84
5349 5619
5205 5273
3103 4138
911 976
382 4504
4591 4427
5287 1667
4543 4907
5553 984
3492 5827
1554 1255
1605 5631
3292 4684
292 616
4489 4448
5451 5128
3172 5828
2708 3789
340 319
2736 4836
5829 5830
65 317
695 156
3995 4441
4418 360
4505 3966
3987 1922
2759 2024
5831 780
5699 4570
134 82
4884 82
5193 4901
4806 770
5099 3781
3782 51
299 1561
4797 5593
3189 4683
2943 358
5315 491
4087 4597
1071 1765
4983 4737
5039 2024
778 314
2376 4644
3472 371
5616 5215
1507 405
5264 5319
4510 156
990 819
4804 5832
24 902
771 1156
1685 5833
279 4683
5755 3839
4659 4466
5834 2422
65 4746
4989 5100
286 5431
5168 5677
5742 5794
5297 4663
1015 1221
5746 2769
488 176
4508 4927
5471 4966
5395 4778
5192 952
4734 5775
347 2296
2748 1375
4463 4432
1605 4597
5116 4923
4665 5283
4613 4886
5835 475
5616 2451
2773 4570
4478 2258
534 5250
5836 5837
4426 4591
1114 1467
5620 4814
5674 5824
5421 5126
169 1155
4686 2606
304 3271
3489 4500
2063 1520
3262 3029
1284 2998
5429 2357
5193 5079
5543 2708
5056 5022
712 5838
5247 5600
3741 4773
5599 5248
1209 84
1099 5703
1071 5839
5062 4917
4624 2982
4741 4772
1347 2898
4620 4468
1253 2426
4414 3819
5344 976
187 5081
2094 4690
4613 4772
4750 2102
5707 4632
665 4196
5840 5841
81 5725
4567 388
1367 5385
4536 5290
5316 4295
2834 704
5587 5838
262 113
5842 5329
4964 1273
4805 5832
440 731
1151 4540
5059 84
5297 5318
5733 5739
4724 4394
3944 3899
4903 1062
5647 5749
5495 5823
5634 5313
387 4430
959 488
1666 3862
771 3785
2833 4647
5130 1283
5590 5808
618 2606
4841 4445
5758 5040
4516 4449
3489 4830
4470 984
5843 4715
5491 921
82 3021
388 1720
4551 2714
4644 5291
4751 4672
1207 4848
3389 4735
933 522
4566 1062
5400 2375
1071 5262
4884 4871
4924 5117
3147 471
4544 765
1347 4566
5129 4423
388 1742
1605 4538
308 32
4441 4457
4526 5165
5699 4571
4195 665
5074 4489
1378 3862
5424 5075
5844 5845
4748 5080
5818 4479
2451 5477
2994 4643
116 5797
5191 4617
4739 3911
1449 769
4062 3744
5480 1455
5821 1739
3715 4730
4913 913
1590 65
2501 992
5796 5655
4468 5107
2036 382
801 107
5325 4931
1929 5038
5190 4491
5473 5057
2179 5359
597 4976
5214 2451
3934 4556
805 1610
3165 3283
4884 5373
3008 168
5552 1155
3463 587
2267 3582
3271 984
2341 5271
3271 2818
5478 5315
524 4707
1547 4574
4916 3348
4393 5170
2982 4950
357 5846
5414 2136
4835 4914
4897 5267
1585 5847
3921 194
5351 534
5641 317
3741 3332
740 765
1610 1611
437 3271
4896 5224
65 4942
4467 992
3749 317
5309 5036
892 1716
4422 5129
5227 3894
5090 5504
5317 1144
3148 5848
85 2982
1735 1255
751 2551
4490 5579
4711 4574
4663 4905
646 5413
4724 790
124 2686
5453 5424
4205 1820
2080 2523
3374 5828
5192 4823
1673 5849
5152 5563
5186 4927
4767 4418
4035 5819
4295 819
5074 4584
4751 4673
5253 3178
4897 4455
3715 360
3229 409
4722 3373
1676 5509
5850 634
4747 4518
770 4461
5068 1561
5533 405
1547 1989
771 471
4618 4811
1678 698
2533 116
1144 2790
155 4569
5076 5425
3183 5822
2157 5798
4603 3714
5851 5852
5853 2342
3710 1193
1706 5654
2425 3166
5596 5637
299 4578
4903 921
223 5499
5672 4946
2553 2202
5796 5656
5623 5486
5335 3895
5800 647
2372 5209
4993 5798
5363 3112
3934 3781
315 519
5270 4636
2024 1922
4758 3424
5854 4145
4261 3770
1068 4745
959 1635
3371 5550
1151 5017
5478 491
5638 5095
4962 4475
472 4427
5079 1072
2169 2200
1207 1252
3785 84
5456 5256
3768 745
4903 4539
5368 5192
5146 4926
81 2
4667 4380
4767 3113
2006 169
2337 5855
2830 1119
4622 5790
5451 5783
2341 657
4770 5695
4241 4052
4758 4461
4950 4651
1089 1948
4584 4530
4758 4675
4846 606
4990 5100
192 265
5766 280
1719 790
4663 4438
617 308
5856 166
618 1672
3292 778
5607 2346
4742 5357
2481 4965
3034 1536
3320 3528
151 1331
362 587
2982 4574
1342 3020
4785 3147
2733 2269
911 156
4897 5079
4832 4421
5121 5516
580 5497
5304 1292
374 5857
2482 5183
1350 5169
4548 5525
1151 1966
3768 51
1714 5756
5692 5614
5288 1667
3655 5521
934 4634
3936 3271
211 4931
2404 4735
5585 4637
2393 1952
2442 1071
5478 5109
4456 1292
5736 4944
4810 4718
1916 265
1284 4609
1299 2714
3303 5073
5858 5859
177 384
5729 2094
3292 4697
3777 2805
2163 5505
4069 5860
5788 605
1929 5593
5745 4688
1923 1244
90 648
5430 892
5332 1448
1198 797
4697 3424
3468 3295
84 4494
1714 4970
5240 5489
4543 4658
3607 3295
1966 5578
5843 4716
1824 5473
1198 4226
302 90
4418 3114
4294 819
5207 5551
5781 824
5539 5035
1705 279
2157 163
5221 5453
5056 1367
3673 2404
4781 4637
4525 4898
4516 5283
1719 1026
5193 4455
789 4706
2163 5535
2193 5107
5199 5237
1089 3112
5094 5861
5661 4528
5271 1423
5570 5044
5833 5610
5862 5863
1915 921
2005 2305
4712 4520
923 4012
510 5577
3114 360
4724 4430
5508 5506
5069 4525
4975 5428
800 630
1656 1657
5160 5147
2528 2666
1213 1716
4624 1605
3522 3513
304 2106
4987 30
2375 4012
1384 317
5312 4550
2143 5117
3147 5059
245 4602
5343 5073
5166 3378
2532 169
933 3034
5804 5326
765 4466
4749 2346
5864 5865
5068 2330
2395 2225
2393 1367
5310 4690
3179 3468
1071 3029
1705 3189
4878 3444
4735 4831
1072 5080
754 1127
1906 3987
646 1672
4659 4708
3204 1915
2148 3590
942 4365
4566 4486
2927 2643
4898 4463
2128 4965
5230 616
3392 5866
4933 4423
4785 308
5857 5399
382 4391
1219 5867
2910 4501
5226 5439
4652 5797
5809 4955
5105 4765
5401 5223
3489 4856
4437 1148
1376 2044
5309 5177
5149 475
4390 4448
1750 5440
4396 4486
1714 5339
4750 1794
3389 3063
3981 5169
2170 3396
299 5682
4507 5186
4962 5318
4707 4659
5221 5425
4683 5654
5069 4898
4594 740
648 819
3283 4125
5472 410
156 3084
4925 4680
2748 4504
4898 4578
5868 5851
888 2476
5222 3522
1824 5057
85 789
5309 5299
4412 4400
4961 4185
5705 5726
1714 4874
510 5149
1705 4683
4546 4051
2129 4965
2068 5047
5869 5870
1802 5103
4526 3610
5667 317
5871 65
3555 1711
46 4736
5286 819
5331 5053
32 4506
1612 1490
4706 4597
4461 5330
762 523
5759 2004
414 3293
4903 4486
5417 5175
176 3647
4865 1092
763 4730
84 648
2081 1720
5710 1700
2558 4370
5258 923
1015 5663
365 3178
4626 30
4984 113
5579 4381
5458 651
5546 2346
4711 789
1909 230
5872 5873
5064 5635
5260 778
2094 5310
357 3285
340 5115
4442 5024
5165 4078
4990 3814
4455 4748
5092 2028
1143 5278
4561 1714
5338 2094
5137 3227
4624 4711
5874 4220
5068 4525
1295 2226
5526 1413
4502 4597
3289 3447
3660 3785
4750 770
1331 82
3546 4486
5140 2609
1989 2982
4711 1605
647 4371
4475 4905
4618 4520
4600 5681
5799 647
5426 5374
765 4708
5551 5208
302 32
5116 4924
199 3086
5114 3611
437 984
4724 4567
5031 3140
4591 4866
2267 5654
1284 4610
4967 5563
5540 317
5177 5036
2081 388
265 587
3113 360
4567 1026
5074 4591
4544 4658
4059 3805
5875 3734
5074 4448
5445 3781
921 984
708 5876
412 279
5784 5601
5675 704
4386 1922
222 522
5118 4466
5748 5004
5518 5275
299 4462
1979 30
4237 4504
1943 2024
4399 4427
5877 5878
5879 691
5684 5402
1989 4477
5880 5881
658 998
84 4491
5274 2978
771 4494
3478 976
2372 3782
5079 4748
4987 2506
5453 5076
24 1741
2409 82
632 646
4609 2998
1491 349
1061 3378
923 2833
4490 4380
5036 5299
893 14
4719 3491
2060 2005
2501 993
279 4647
3035 91
5314 2759
187 4937
3357 3293
3293 4675
2005 665
4546 4052
5347 2521
3673 763
65 4930
4429 4446
5614 5678
2338 5855
5328 5842
3419 3500
5498 5629
1714 5182
4980 2129
5366 1255
1151 5020
657 1423
3490 82
4726 5518
3038 3039
4567 4837
1685 3378
2759 1922
4473 3862
5493 156
2103 5080
1678 382
5421 4771
5214 5477
165 4629
1213 587
933 1536
1299 4551
4596 5016
4807 4432
4430 388
1428 5258
156 523
1363 3112
5783 2599
828 4499
1593 5882
4566 4377
2124 3777
3931 1715
5776 5731
4195 3615
476 231
4806 778
4731 5319
1906 3797
1935 5529
4672 1661
5883 5884
3042 1255
4922 3862
1929 3522
698 984
308 522
5421 5537
2782 4506
3478 975
4389 4591
5773 750
222 1536
1699 1700
472 5750
254 84
387 1711
5232 778
1137 5060
5222 3513
3229 3179
1714 2067
5579 4668
2682 258
3419 279
2748 5282
824 317
5702 4859
3378 357
4624 1989
4399 472
4767 4419
115 5026
5506 4383
