5851 14993 16910 18535 18746 
199 369 10662 12369 13313 16911 17119 
4841 16912 17457 18229 18622 
10024 16913 18581 18587 
4792 5620 12686 16914 17210 17863 17864 17937 
1145 4259 4983 8019 14741 17336 17515 17795 18666 
295 2346 4749 6416 11384 12302 14730 16917 
1178 16918 16919 17023 17098 17099 17419 
625 16920 16921 18235 
7734 16924 16925 17061 17280 17360 17781 17859 17869 17899 17900 17925 18099 18993 
2577 3406 3428 8989 16926 19125 
892 12942 15152 16927 
51 1137 2372 5060 5517 5952 13215 14539 16273 16938 17392 17838 18192 
222 1032 6692 7822 16928 17329 
42 6416 9969 12302 16929 
16930 16931 17263 18360 18431 19265 
8056 16932 18156 18893 
254 3242 14189 14567 16933 16934 18521 18934 
1609 7751 13620 17625 18453 
19 1799 3643 16608 16937 17140 17209 17742 18314 18723 
1605 6673 9856 16939 19073 
77 78 149 374 
12899 13909 14148 16940 17563 
151 4817 11167 16941 18202 
5634 6631 8650 13324 16942 
1508 16943 16944 17120 17121 17721 17787 17788 18364 
6346 16945 16946 18207 
4541 9507 16947 17122 
4002 16948 16949 17023 17098 17219 17623 17652 17653 
952 1114 2532 5626 5944 8774 16950 17177 17233 
422 3374 8650 11624 
360 4908 13497 15682 16953 17074 
4173 5551 16954 18822 
16515 16957 17197 18056 18411 18558 18610 18964 
8961 11091 12951 12973 14044 16958 16959 18238 
4197 15355 15496 16960 18313 
8187 16736 16737 16961 18347 18717 
3216 14231 14757 14978 
16962 16963 18249 18250 18518 
28 3493 4482 9082 9136 10738 11392 15412 15699 17291 
11185 16964 16988 17387 17388 17402 18050 
82 665 2503 4410 7268 11833 11926 12425 16965 
3643 6416 11677 14237 17722 
16966 16967 18335 19191 
1209 1536 9682 11840 
943 2011 5457 7381 
2544 10775 14655 14656 16968 16969 
16970 16971 17428 17429 18743 
942 2417 2983 7782 8868 16609 
16972 16973 17569 18621 
151 573 1069 1144 4883 4942 9130 10308 12737 14823 
805 2359 8991 9848 10049 10050 10136 10672 13071 17007 
1468 1921 13811 14681 
6741 16974 16975 18271 
16976 16977 18119 18120 18301 
952 2241 2581 16978 
16979 16980 17196 17302 
3216 3749 5945 12760 
5800 7551 16981 16982 17015 17079 17277 17325 17632 18038 
16983 16984 17157 17158 17166 17208 17436 18001 18245 18568 
71 365 1129 1179 4183 5607 6134 6186 7139 8557 9909 14973 16987 17051 17564 
16904 16905 16989 18884 18885 
1093 7969 16990 18643 19392 
1887 16991 16992 17255 17256 18571 19206 
16993 16994 18000 18019 
11218 14808 16573 16995 17551 
16996 16997 17753 17754 18950 
10515 10924 14264 15393 19211 
3932 12478 16998 17516 18286 
1105 1183 1813 16999 
175 872 3298 7858 8357 15996 17328 17574 
1833 2375 8753 11868 12601 17071 17072 
278 317 2170 7118 
12942 17000 17001 17741 17975 18162 
52 4631 9453 15961 15962 16460 17002 18023 
1467 2183 2705 2790 3069 5835 8629 14788 15235 17003 17473 17474 17592 17785 18281 
1714 8638 9230 17004 17798 
2346 13095 14803 16333 
7610 15301 17258 17259 
5560 7296 11225 14607 14650 14850 
4749 4806 7796 7836 11014 13127 15596 17520 
433 861 15245 17010 17458 18605 
984 3214 11164 13228 14493 
1481 17011 17012 18674 
816 1802 2483 17013 18729 
51 2171 13262 17014 18710 
441 7640 17016 17017 17790 
116 151 517 573 2006 3427 17018 
17019 17020 17868 18330 
4983 7356 9854 15855 17336 17978 
2883 4461 16677 17467 17468 
12992 13249 13418 17021 18115 18351 
3292 3600 4461 4618 4712 4811 15957 17022 17447 18692 
82 6416 9979 11926 15679 16917 17024 
3288 17025 17026 18697 
11874 17027 17285 18550 
151 437 984 2941 8130 9068 10494 11795 12833 13228 15338 15885 16956 17287 
1923 5137 8373 17029 17046 17047 17097 17117 17178 17179 17207 18297 
82 151 152 1833 3373 6416 7808 7828 17904 17905 17907 18761 
78 149 435 682 12120 12682 17031 
3117 7526 9439 17035 17963 
7130 14298 14299 15590 
17036 17037 17965 19028 
5875 17038 18947 18985 
246 8236 12728 14303 14595 17902 17903 18694 18701 
17039 17040 18068 18141 
166 5685 13994 14309 14877 15540 
312 313 17759 17760 
17042 17043 18087 18088 
4493 5928 6124 7214 7411 17044 17045 17496 17616 18551 
1675 14240 14535 17048 
4048 5340 8078 17049 17309 19257 
4614 10623 17050 17572 
1824 2647 8608 17052 19247 
134 886 1155 6003 
13990 17053 18829 18869 19314 
1378 8290 9394 17054 
1735 7155 16631 17187 19104 
72 17055 17056 17793 18166 18167 19080 
159 1761 3862 15805 17737 17949 
1709 4051 16286 17060 19066 
4927 5525 17062 17513 18585 
2276 3985 4794 15442 17065 17075 17901 
17068 17069 18747 18794 
2978 3003 9913 17070 
300 308 618 2682 3030 3571 
389 390 4622 5911 9839 14617 14626 14705 16655 
360 17073 17074 17535 17916 18658 
13790 17076 17611 18389 
1009 9142 13468 14121 
11975 17077 17132 17164 18237 
10433 17078 17368 17369 18517 
1764 6640 17080 17123 18731 
2170 5491 16064 16605 18173 
17083 17084 17133 17134 18183 
6409 17085 17086 18679 19007 
17087 17088 18243 18244 18454 
176 3195 3464 11615 12472 17089 19185 
836 7287 17090 17153 17171 17199 17480 17553 17554 17602 
1660 10971 11210 17091 
6589 17092 17093 17138 17139 17224 17315 17377 17378 17512 17531 17532 17626 17671 17828 18178 
3133 10387 10925 16211 
14785 14786 17094 17126 17234 17472 18233 
2410 6013 17095 17096 17497 17773 17774 18340 
1765 2130 3561 3748 14374 14839 15134 17789 17800 
13443 13444 16041 17101 17614 18196 
5833 11530 18724 18811 
1384 2020 17102 17103 18653 
1048 17106 18439 18522 
3024 4060 13756 17107 17109 
1800 3112 4883 6472 17108 
1644 7570 9660 10831 15322 18263 
1378 9692 17112 17113 17662 
2479 7309 14390 15002 15023 19246 
349 2875 9785 10878 18254 
14735 15044 17115 17116 17510 17981 18049 
6749 7532 14398 19168 
3292 11422 12172 14403 14610 
1342 5670 17249 18851 18870 
2848 9714 13000 17910 
252 384 1384 4474 6766 7561 17231 17658 
470 11152 17127 18368 
4816 7196 9662 17128 
5786 17129 17130 17669 18113 18899 
2247 5751 7541 11866 17131 18222 
2971 9733 12977 17135 
1389 15312 17136 17137 
320 2047 11708 18359 
9253 17141 17527 18513 18921 
2632 3593 6616 7040 10970 14184 14185 15637 15794 16598 17173 17286 17682 18632 18753 
1114 1144 2532 6166 8839 10257 12528 15690 17144 17443 18350 18783 
468 756 1047 2636 10474 17147 17148 17202 17511 
3425 17149 17150 19433 
4569 7161 17151 17152 17239 17734 18306 18307 
30 4048 8472 18124 18289 
90 2927 7860 17154 17174 
30 665 9758 11719 15664 
1333 4410 4688 10876 17156 19145 
279 14787 17159 18386 
52 4631 15197 17160 17161 17681 18393 
1068 11672 17162 17344 
14184 14187 15721 17165 
789 2192 3995 10186 11216 11435 15177 17167 17391 17460 17491 17610 17683 17692 18150 
199 6575 10599 15326 15919 17119 17514 
828 4499 4577 17168 
1342 3020 9454 9889 
2410 4460 13971 18021 18700 
12296 12297 12831 13121 17169 17723 17942 
12007 12008 13847 17539 17920 
14189 14567 14587 17170 17405 
3593 4654 14850 15863 17172 17173 17567 
9462 17180 17181 17182 17508 18014 18212 
474 1520 5272 14460 15043 
116 1151 3303 5491 6472 9062 13043 15313 
1914 8895 9556 13030 14646 15057 15232 
14245 16321 16322 17215 17271 18433 
17183 17184 18267 18268 
789 17188 17189 17359 17683 
959 1093 7719 7970 8435 
1069 1115 1144 2532 7565 8108 13133 
2801 12033 19336 19353 
3758 14445 16635 17190 18182 
1849 8400 12100 17191 18975 
2380 12580 17192 18025 18026 
7997 10320 17193 18797 
765 2325 6602 17194 17195 17794 
7923 7924 9644 15405 17492 18125 18197 18516 
2426 16980 17196 18002 
778 3862 9189 12735 17198 17720 17919 
14489 14490 17351 18583 
17200 17201 17548 18022 18123 
2669 3285 7916 18534 
9662 17204 17205 17218 18101 18530 
5369 11841 17206 17593 18586 
1997 9247 17211 18501 18630 
32 9077 13188 17216 17517 
1501 4817 17217 18114 
302 360 2163 12615 14277 14513 14593 
355 1009 1165 2780 9435 17220 17221 17940 18277 
17222 17223 18786 19343 
1350 5170 8023 17225 17226 18236 18241 
199 10599 13313 17227 17242 
5607 7139 10133 10795 14515 14866 15231 15762 17241 
657 17228 17292 18191 
480 13961 17230 19064 
105 3593 4194 6705 14136 14184 14650 
6321 6916 17232 17243 17609 
17235 17236 18043 18329 18356 
1719 6214 6826 17238 
9632 17240 17982 17983 
1347 1717 3843 5144 16852 18319 
6949 9823 14682 17243 17609 18231 
17244 17245 17450 18600 19044 
176 9344 12472 17888 18376 
82 827 10208 14606 15548 16560 
5933 6675 7777 17247 
19 82 151 1833 2589 7043 11833 15679 17248 18017 
9388 17250 18179 19401 
5005 5706 11460 18443 
718 7664 13979 17253 17254 17656 17674 18472 
438 477 984 13450 17283 17284 17544 17631 18736 
9756 17257 17927 17928 
1307 16004 17260 17261 18203 
26 327 462 2445 6278 10822 13479 14872 17264 17354 17409 17500 17556 17661 
175 252 384 3405 12173 12281 14558 15192 16466 17346 17786 17806 17832 
349 1757 4603 7389 
2928 7758 12316 12522 12999 
82 2363 13329 17343 18767 
134 215 2029 5479 7175 
14 1098 4948 9482 
5188 17267 17268 17883 
304 8982 12467 14568 14719 17744 17745 18240 
2907 8713 9184 10213 11946 17269 18044 
2928 7587 17270 19323 
1567 10097 17273 17274 
3935 7287 7307 13042 17275 17276 17630 18527 
1426 1837 17278 17279 17530 17599 17931 
2825 4740 8051 8227 
15 3729 6299 10793 17281 18059 
1155 3862 7971 17282 18776 19011 
754 755 8044 10655 11946 17746 18362 
702 1062 3462 8013 18225 18444 18548 
886 1155 17288 18242 
2931 13919 14552 17290 17697 
70 1947 2501 2833 13036 18266 
1144 7565 12131 12132 
775 17300 17301 18647 18648 
517 3089 12084 17303 
843 17306 18097 18098 18523 
2130 15134 17310 17422 17992 
11790 17313 17314 18699 18850 
1763 7719 10613 17495 
1835 7487 17316 17317 18140 
17318 17319 17659 17660 
254 2148 17322 17323 17347 17364 17586 
31 1747 5010 7027 7629 8451 
4749 14297 14429 14600 15532 
3154 3781 6176 18095 18361 18625 
11817 13642 17330 17331 17441 
475 6370 8170 15798 17335 
1507 1508 17337 17338 17879 18805 
12181 12237 15054 16275 17339 
17341 17342 17490 17521 
82 10208 12984 17343 18489 
3377 6455 12734 17345 
2807 8263 13770 13771 19039 
151 1660 3343 8056 13549 16343 
24 103 1741 14613 
31 7629 10285 14614 17403 17747 18139 
2795 7976 14585 15203 15616 
17348 17349 17612 17613 18262 18363 
19 151 778 12459 17350 17486 
2666 3429 8616 11854 15817 
2426 5944 17352 17909 
254 763 923 10473 10997 
5365 7429 16676 17358 17476 
349 1747 5010 12262 14821 17361 17680 18135 
3708 4370 11669 14630 17691 
17362 17363 17430 18477 
1518 17365 17696 18012 
14376 14633 14804 14805 
82 3570 6374 7811 11926 14466 16560 18017 18107 19127 
1684 17370 18228 18582 
4654 17371 17372 17424 
468 11343 13453 13825 
1149 17373 17374 17375 
17381 17382 17590 18499 18547 
5607 9420 10133 12605 14652 
10134 16608 17384 17385 17606 
533 4853 7703 14663 15021 
902 1089 4664 8319 
428 1709 5202 9627 10831 18187 
82 152 2989 4647 7043 11551 17589 
6416 12302 17393 17394 17475 17587 17598 17605 18503 18588 
82 4410 7330 7811 12425 12848 13903 14674 15916 
1271 3853 14170 17397 18405 
3425 8278 12810 17398 
1220 1481 16003 17399 
17400 17401 18084 18159 18308 
1818 11501 17411 17426 17427 17728 17729 17743 17882 18962 
9034 12797 17413 17414 17846 18195 
1467 3749 6735 15864 17796 
82 7111 7367 11833 13503 17415 17608 18519 
2375 15514 17416 17417 17442 17601 19106 
865 3069 8363 17418 
5375 17421 17822 18255 18927 
3643 6416 17423 17772 18138 
8 3559 18719 18720 
9578 11677 17434 17686 18060 18727 
447 2337 3348 3729 4605 5806 17435 17466 17775 17844 
1924 17440 17588 19187 
839 12234 12761 17518 18194 
3374 17445 17446 18668 
55 6623 9132 17448 
2287 4145 17449 18278 
1887 14722 14963 14964 
5207 7052 17453 17959 
176 10435 12472 14052 15500 17454 17555 
7810 15445 15446 16017 17455 17456 17843 18484 
405 7328 7329 14728 
3202 14863 17459 17955 17956 18303 18524 
32 5391 17463 18619 18873 
12232 17464 17465 18900 
1902 3042 17850 18540 
984 5466 17469 17470 17493 
163 6448 6822 17471 
3862 4614 10024 10623 12270 13095 13096 
5728 8495 8909 12871 13340 
524 764 765 12874 17478 18035 
540 17479 17498 17499 17957 17973 17974 
11469 17481 17482 19366 
2939 14648 17483 18982 
1124 17484 17485 18425 18677 19231 
468 3862 9189 17486 
7307 17489 17950 18158 
2868 16850 17494 18560 
1144 2183 3021 9379 12349 16604 17060 
2581 4041 5384 18644 
6629 17501 17502 17898 18302 
4220 5098 6340 17292 17503 17665 
12961 12962 17504 17505 18579 
3303 5491 15263 17509 
1046 3524 10846 17591 18016 
6 1057 1295 8797 
1719 4246 14797 17784 19005 
2011 2527 17519 17830 18906 
1717 2211 3331 15513 
188 480 17526 17944 
7532 16004 17528 17594 
2546 2946 5098 18290 18505 
6175 15892 15893 17529 
488 1333 3178 13421 17533 
10444 14817 16449 17941 
11304 17536 18048 18053 18983 
199 8200 13313 18702 
1207 1983 11118 17537 17538 17699 17799 18883 
1887 5152 5485 6348 11361 18766 
14825 14826 15981 15984 16215 
3112 3729 6707 17541 18806 
2631 5701 13440 17958 18904 
17542 17543 17804 17805 19230 
4543 17549 17550 18013 19010 
952 2337 12362 12464 18745 
2989 4647 17552 18574 
422 16867 17557 17855 18980 
17559 17560 18424 18612 
1413 1800 8216 17831 19109 
403 679 15693 17776 18419 
6738 7022 17565 17566 17873 17915 17932 
992 2683 6627 9842 
2333 4614 17572 17573 
17576 17577 18321 18888 
3862 15805 17578 17579 17701 17875 
984 10494 12382 13263 13398 
17580 17581 18488 19234 
2811 11398 17582 17583 17906 
2692 9018 9551 13297 
4009 9618 17595 17596 17617 
7035 14874 15337 15344 18742 
778 13026 15290 16061 
4246 12396 12397 18077 18145 18468 
763 16466 17727 17914 18305 
29 3282 7196 9477 12398 
9783 13149 17600 18385 
1015 5467 12408 15903 16220 
17603 17604 17990 18739 
14882 14883 18836 19025 
16090 16578 17607 17816 
151 8875 17615 17891 
17618 17619 18116 18641 
4284 8056 17624 19163 
2202 17627 18788 19004 
4429 17628 17767 17768 
1820 3793 11445 14901 
10732 10733 11591 13342 17629 18789 18935 
913 3396 4384 8403 
2547 17633 17634 19139 
15917 16487 16714 17353 17637 17726 18690 19267 
1799 9066 15333 16451 
4817 13670 14054 14696 15407 
17643 17644 17887 19245 
12255 12270 13271 13792 17645 17672 17926 
37 3196 4035 7014 7309 9935 11152 13521 17646 17980 18580 
9911 17649 17650 17675 
5435 17651 18686 19009 19184 
278 362 11569 14919 
17654 17655 18287 18402 19253 
6364 8467 8468 17657 
712 1144 6500 7603 
12053 17663 17704 17705 
12287 12876 17664 18080 
7001 7309 17667 18939 
7532 13479 17594 17670 
317 587 892 1333 14196 14553 
32 3189 3996 7748 8762 10272 12832 17673 
4173 5551 11430 18434 
2939 6402 10664 14319 15001 
7017 7261 14979 15220 18854 
590 1660 2521 5540 12929 13767 
2801 8895 14769 15057 17689 
4233 6078 13062 17690 
3396 3708 3779 14609 17691 
5258 5391 9407 17695 
9323 17698 18193 18678 
1367 6945 14420 16182 17700 
5833 8162 12358 14989 
7923 8508 11017 17702 
651 8105 8309 15253 
17706 17707 17733 18151 
4168 15981 17709 18584 
2558 5391 9407 12499 
4294 5444 10114 17712 
17713 17714 18253 18844 
254 362 410 488 3223 
30 4048 5806 7460 10486 17717 
1155 3684 6003 14549 18944 
17724 17725 18176 19142 
6370 8170 17730 17731 18320 
2935 12662 15018 18219 
3075 3406 7586 12777 17732 18201 18894 19165 
888 2950 10015 18045 18188 
100 4911 5626 16826 18047 
17735 17736 17913 18480 19085 
47 850 11015 17738 
627 848 3075 6047 10681 
1519 3063 5244 5253 
1568 2769 9624 10703 13476 
279 17751 17752 18639 
3283 8373 15051 18078 
8477 8528 9868 14275 15199 15318 17755 18171 
5685 14308 14877 18100 
763 8228 15372 17727 17756 17807 17964 18081 
163 327 433 17757 
82 4006 8774 12476 17343 
1998 17761 17762 18922 
11588 17763 17764 18681 
774 3429 11922 17765 
1084 1261 5221 5453 9368 17769 18206 19181 19202 
388 12538 14106 19324 
7584 17777 17778 18239 
1155 6003 16301 17783 
299 2330 4898 18232 
820 2413 6017 9756 
2041 4042 10407 13110 18696 
824 1148 6735 8002 8547 17796 18930 
11469 17779 17780 18325 
2305 7620 17797 19056 
8927 17801 17802 18976 
1518 10731 11232 15604 18623 
72 410 11325 17813 
3545 17814 17815 19034 
5951 10415 15094 16492 
17819 17820 18669 18810 
2047 3216 10240 17821 
5436 16814 17823 18750 
17825 17826 18339 18997 
832 2748 5849 17827 
4278 6473 17833 18816 
1510 2376 14277 17834 
597 952 3729 5467 5911 17880 
15301 17836 17837 18834 
17839 17840 19190 19354 
17713 17845 18843 18844 
3650 5302 17847 18908 18961 
14262 17848 17849 18172 
5340 17851 17852 18815 
9479 17853 18617 18907 
13811 14681 17854 18133 18134 
17856 17857 17953 18186 
1711 2456 7064 17858 17954 
308 617 1939 4400 10492 
17866 17867 18046 19405 
1114 1144 8163 15213 
2569 10782 10807 17870 18343 
3413 6779 6780 8376 17871 18211 18326 
543 17841 17842 17872 18126 
105 6038 17976 19074 
2462 5084 9677 18189 19222 
2282 17876 17877 18782 
814 2924 17878 18328 
1276 7409 16501 18937 
1684 5284 18996 19301 
179 982 4816 17896 18655 
12450 16606 17897 18631 
1900 3027 10596 19128 
2093 6020 8861 17908 18317 
17911 17912 17968 18144 18381 
774 2575 3429 11336 
17917 17918 18373 19320 
1115 9515 15190 16584 
3131 12832 14140 18469 
7261 17921 18845 19364 
15776 17922 18161 18251 19326 
2037 9442 17923 17924 18475 
916 917 5584 15195 
14710 15136 17936 18368 
5685 15540 17938 17939 18100 
12606 17943 18070 18559 
8691 14279 17945 18042 18566 
19 778 4163 7731 7923 11017 13682 13691 13801 
790 954 3289 13677 15997 17946 18952 
590 5489 9850 11154 18989 
7718 7855 10917 18341 18628 
387 1375 4394 14725 18981 
576 7890 18370 19249 
13454 14182 17104 17105 19325 
1155 5552 17969 18200 18259 18260 
150 6278 13479 16746 
2333 17573 17971 18029 
13003 16241 17972 17987 19233 
32 4163 5391 7748 17977 18033 
8528 12497 12728 19386 
278 4138 7953 17979 
805 959 1428 2509 13071 
24 471 8757 13838 
893 6672 16293 19071 
3439 12138 13611 18286 
14383 17989 18264 18840 18879 
377 7330 17297 19223 
557 15562 18261 18413 
364 13052 17997 17998 18733 
5845 10135 11263 17999 18599 
18007 18008 18131 18132 18998 
2614 17203 18009 18808 
646 911 2029 4237 13849 18657 
6895 10029 17143 18015 18185 
246 892 8236 9996 
18039 18040 18442 18501 18509 
4602 6266 7255 18041 
976 6341 13945 18895 
1047 2225 14496 19362 
1124 17401 18052 18677 19036 
6416 9066 19311 19312 
2503 16951 16952 16965 18054 
9454 18062 18063 19123 
18064 18065 18372 19017 
18066 18067 18079 18198 19135 
3643 18070 19026 19027 
6465 18071 18072 18756 
18073 18074 18324 18638 
2346 5324 6418 11422 16075 18108 18199 
1709 2516 3710 10360 16286 
15801 16564 18093 19136 
952 2928 6176 18106 
5847 5995 18109 18369 
1518 18110 18111 18637 
570 7012 7761 18112 18390 
1367 5457 8660 19158 
4197 15355 18121 18122 18918 
984 10530 12833 14493 
246 6277 8236 18646 
18127 18128 18180 18718 18795 
8731 18129 18945 18946 
1660 1820 2135 12451 15442 15443 
893 9191 10043 11891 13088 15549 
590 2521 13446 13447 18136 
18142 18143 18153 18154 18597 
2575 7297 11336 18147 18445 
2636 10170 10936 18036 
4993 7311 14902 18152 18673 
9123 18155 18293 19347 
9408 17257 18169 18276 18397 19162 
1333 3771 13421 18175 18300 
12967 18177 18345 18346 18741 
2907 3911 18181 18234 18735 
587 3216 14768 17821 
17753 17754 18216 19294 
952 8084 18217 18218 
369 1283 1566 10662 
4163 9675 18223 18224 
984 12833 12910 12911 
364 7429 18342 18733 
647 4942 7937 18575 
18246 18247 18538 18569 18624 
805 8991 9847 15538 
12639 13357 15814 18258 18416 18432 
997 12472 14679 15276 
9188 9207 18876 18877 
1717 8450 9326 15577 16665 
15212 18280 18711 18712 
18282 18283 18940 19355 
3492 18288 19164 19227 
2483 6355 15611 15612 18835 
12957 17826 18298 18757 
2338 15500 18408 18603 18616 
974 2130 3748 18299 
3593 6679 15604 17976 
412 413 9489 13500 
4060 7902 8400 17824 19251 19342 
592 5678 18529 18846 
2583 18337 18338 18665 
2220 8026 11867 18344 19252 
992 6048 13020 13319 18704 
18348 18349 18541 18606 19188 
3812 18357 18358 18758 
11871 12123 13286 18365 
1716 9654 10048 18368 
30 643 4048 15664 18441 
2898 12051 16335 18371 18830 
16 5017 8010 11555 18650 
471 8064 10904 13057 13867 
7277 18379 18380 18446 
18382 18383 18682 18683 
9344 13929 17546 18394 
14808 15081 18396 18737 
14396 18398 18399 18457 18458 
9489 18400 18401 18417 19137 
1125 6055 17253 18875 19068 
2338 16842 18408 19316 
7050 18414 18415 18667 
3024 5898 18426 18615 
18427 18428 18861 19331 
2179 3976 10897 17881 
2413 4145 18849 18862 
1392 3193 6273 18449 
8733 10576 10916 19046 
1820 18450 18649 18819 
18455 18456 18759 18760 
34 946 1932 8891 
18462 18463 18536 18537 
151 2368 7973 8056 
2106 10501 16371 18827 
17841 17842 18512 18963 
18514 18515 18728 18991 
2643 11219 11220 18520 
16487 17353 18526 19040 
794 3023 4060 8400 13756 14060 14424 
3522 7027 9458 19143 
2436 2533 15872 19101 
1575 4593 18549 18557 19138 
2479 15002 16495 18554 
10377 18555 18556 18812 18866 
2801 10137 14340 14769 18561 
964 8056 18246 18825 
14915 18563 18608 18762 
17053 18564 18565 19043 
1675 8335 14240 14586 
1046 1428 4138 18573 
2117 18589 19243 19298 
1347 18593 18594 19209 
18601 18602 18886 19284 
2183 5467 9340 18609 
317 5951 10415 12317 18611 
739 5032 12554 12555 
3534 4138 18016 18626 
5655 5656 13327 18633 
2439 4817 8976 15531 
3643 5607 8917 14133 
468 2636 12606 18820 
2566 15375 16065 19410 
557 3643 9979 11868 19107 
9056 9290 18738 19166 
7008 9484 11304 12549 
6299 18777 18778 18882 
18779 18780 18852 18853 18990 19213 
1350 5170 9397 18564 
17779 17780 18828 18931 18941 
199 10599 12369 18833 18988 19225 
2704 3331 6479 18916 
3262 14256 15353 16554 18847 
6692 12797 18913 19159 19244 
18864 18865 18911 19148 
387 790 954 4430 14725 
4207 7394 18898 18965 
574 3532 18910 19150 
1778 10513 13608 18570 
315 2478 3708 18929 
12575 12845 13077 18967 
617 1939 2669 4059 
4942 16518 16691 18977 
6418 11306 16252 19000 
17251 19019 19020 19287 
9889 14218 19023 19024 
827 2014 12169 19052 
9484 11304 13900 19087 
9082 17291 19092 19256 
1114 10257 19116 19293 
604 3736 10684 18204 19124 
18474 18774 18775 18914 
4284 8056 14406 16170 
1716 15206 16409 18892 
334 526 14071 19171 
4220 5513 12399 18999 
10780 10816 17715 19395 
840 15368 15369 17558 
3897 15490 18055 18974 
3160 9477 9656 11402 
4154 17703 17865 18248 
16915 16916 18706 
272 16922 16923 
16935 16936 17575 
7390 7391 11832 
11572 11852 17547 
1226 8906 14236 
158 997 13689 
17008 17009 18275 
5713 8209 17100 
262 1222 14322 
8792 8994 17057 
17058 17059 18069 
5604 11139 11913 
258 11706 19442 
808 7420 18410 
17081 17082 18951 
17110 17111 19021 
9194 17114 18787 
13291 14620 16775 
2569 13982 17142 
17145 17146 19330 
8138 11981 12978 
2763 11988 16488 
302 4137 9942 
17175 17176 18791 
949 12020 12495 
4053 17185 17186 
12028 12029 18528 
1809 14578 15766 
16146 16168 18670 
7281 17212 18607 
2413 17213 17214 
4915 5866 17229 
1033 1200 17237 
4769 9343 17246 
7850 13405 17262 
2406 17265 17266 
1852 2359 17272 
750 12909 17289 
2666 15164 17294 
674 17295 17296 
17304 17305 18751 
17307 17308 19282 
17311 17312 18785 
17326 17327 19186 
17332 17333 18936 
133 17334 19120 
1072 2103 17540 
74 14608 18831 
3392 10904 13868 
17355 17356 19033 
590 7700 17357 
1673 17366 18461 
7129 17367 18418 
17379 17380 19420 
1929 7405 19428 
5270 15308 17386 
17389 17390 19365 
17395 17396 19285 
3957 11151 17408 
6606 17410 18291 
1248 17412 19415 
9044 9503 18369 
8525 14702 15434 
17437 17438 19133 
6416 8865 17444 
14715 14716 15906 
17451 17452 18949 
2900 12263 18205 
10836 17477 19384 
6256 14431 19075 
17487 17488 18105 
2336 10196 10843 
11969 14041 17506 
2870 4366 19018 
32 12003 17534 
616 1446 1594 
17561 17562 17687 
1165 8140 17568 
2495 17570 17571 
17176 17584 17585 
966 6953 17597 
17620 17621 18252 
10739 17622 18492 
17635 17636 17886 
3166 12176 13202 
1284 17641 17758 
2029 5009 17642 
17647 17648 18157 
2956 6433 18032 
563 10322 10323 
7596 12469 18636 
2223 4097 17688 
17693 17694 17952 
6229 6847 17708 
1165 17710 17711 
17718 17719 18395 
17739 17740 18160 
3361 6743 17750 
14938 15807 17766 
155 3120 15063 
17770 17771 17960 
5679 12594 17810 
163 2738 17032 
1705 15119 15257 
3741 6568 10480 
1428 8155 15124 
480 17808 17874 
910 9373 14620 
10220 17892 18858 
17893 17894 19063 
951 10481 18089 
6597 6598 19219 
1516 2777 3103 
17929 17930 18642 
811 9742 17933 
14015 17934 17935 
17947 17948 18544 
6944 13378 16365 
750 5914 14220 
5309 17961 18318 
17966 17967 19334 
1718 17970 18915 
1109 9489 17988 
5179 17991 18920 
6606 9978 17993 
1800 5906 7148 
480 6921 17996 
1473 15550 18005 
11897 13508 18006 
6177 12076 18011 
8539 8540 19118 
12078 13348 18375 
6677 18024 19236 
14370 18027 18028 
18030 18031 18748 
2326 11121 18051 
7855 17890 18057 
2296 18058 18860 
16479 18061 19130 
3030 7795 9164 
18075 18076 19317 
2531 4496 12793 
7396 18085 18957 
9444 18090 18091 
3911 4359 18096 
18102 18103 18508 
1375 2044 18104 
810 8318 8359 
531 12858 19268 
813 1942 19295 
6688 18164 18165 
12923 18168 19001 
12595 18184 18992 
6144 18190 18859 
2393 5548 18213 
1069 18220 18221 
6444 9464 18230 
349 7428 18256 
11733 12762 18257 
14166 18273 18274 
12355 13117 18279 
10663 10773 18878 
14805 18294 18295 
13371 18304 19290 
722 5643 18312 
1372 3277 15610 
18315 18316 19272 
8171 17324 18595 
904 2857 13597 
18322 18323 19113 
371 2604 18336 
3595 18353 19396 
302 12736 13028 
3227 5137 16369 
2780 13527 15660 
18366 18367 18384 
107 2780 18374 
18377 18378 18695 
18387 18388 19086 
7849 14325 18392 
1661 1662 6922 
18403 18404 19151 
18406 18407 18978 
935 15691 16502 
1994 2504 18421 
1536 18422 18423 
1823 6172 13108 
9894 18435 18436 
7513 18437 18809 
17066 18440 19051 
1518 11243 18447 
3067 15756 15979 
3664 9760 18464 
18465 18466 19273 
18470 18471 18539 
18478 18479 18874 
18494 18495 18497 
5885 6713 18496 
85 4574 18500 
9025 9436 19300 
1210 4935 16415 
1531 18533 18856 
14976 15879 19201 
920 1430 9061 
3923 18562 18734 
1255 1256 18576 
718 11485 18577 
1666 11023 16192 
18590 18591 18994 
5561 7856 13744 
422 7996 13304 
10327 12138 18502 
18613 18614 19216 
1605 18272 18620 
1280 14427 16840 
6839 7511 11047 
10828 18627 18802 
18634 18635 19248 
3262 13425 18640 
1384 5186 15354 
966 18651 18652 
9350 14207 14340 
4363 18656 19189 
4 18659 18660 
2482 11097 18661 
687 7090 8029 
17770 18663 18664 
738 18671 18672 
18688 18689 19144 
9794 16034 18693 
1711 4265 18698 
44 46 18703 
3017 8650 18707 
9559 11044 18709 
2258 18713 19372 
2093 5237 18726 
3234 8644 12926 
1924 2690 9037 
657 5271 12898 
543 14154 18740 
950 18752 18781 
18754 18755 19098 
18768 18769 18955 
12493 18773 19149 
18799 18800 18912 
2534 9851 18801 
1924 18803 18804 
1271 16759 18018 
18837 18838 18979 
5979 18848 19286 
2797 13610 18855 
1684 7228 7229 
12274 12366 18867 
4370 5578 18872 
1609 9081 10190 
5457 18687 18868 
1518 17030 18891 
2375 11359 18857 
3214 9958 17507 
10969 18909 19400 
1636 18919 19363 
16586 18928 19035 
704 11285 16609 
18932 18933 19388 
2941 4364 18938 
1099 16306 16721 
6186 18391 18942 
3650 13923 18832 
5766 15374 18956 
7944 10029 18943 
1771 3425 11793 
3217 3500 18971 
1520 13200 13613 
18986 18987 19283 
4261 13675 16410 
1347 2982 18995 
9250 9421 13680 
11801 19002 19315 
192 3392 13316 
16267 16436 19008 
19013 19014 19192 
19015 19016 19352 
362 14745 17951 
739 11145 19031 
1916 2277 11569 
12662 17028 19045 
19047 19048 19076 
11733 13854 19050 
324 8160 8305 
1459 5144 9263 
3307 19053 19180 
10388 13372 19054 
503 8524 19292 
1833 4091 14225 
923 19057 19058 
1705 19060 19061 
1808 5038 19062 
15220 15221 19067 
532 8940 19077 
19078 19079 19081 
13814 13815 19082 
2843 19084 19224 
320 2193 19088 
1887 19093 19094 
8729 9269 17809 
1071 19108 19381 
5705 8331 11957 
828 10163 19114 
517 1659 8692 
9810 19121 19122 
4220 16496 16497 
3359 19154 19307 
480 6827 12623 
186 382 9758 
1518 18680 19134 
19160 19161 19416 
4777 19167 19402 
19172 19173 19318 
4193 8363 19119 
19178 19179 19194 
11271 19195 19196 
19199 19200 19367 
861 3332 11212 
19204 19205 19359 
19207 19208 19258 
1335 1336 2807 
2704 16770 17041 
8733 11397 19210 
2743 19214 19215 
855 9285 13037 
5836 5837 9529 
19220 19221 19242 
5258 15874 19003 
17292 17293 17829 
5270 7528 7529 
11909 19239 19240 
11360 19241 19348 
4912 4942 11206 
10031 17551 19193 
441 502 18662 
759 1809 19097 
1605 19155 19228 
1331 9953 16889 
16153 16349 19360 
888 2476 5067 
199 13333 18572 
7072 19288 19313 
8026 10891 18459 
405 5294 5533 
19302 19303 19404 
12749 13239 14008 
2676 13547 13906 
4233 11103 12154 
74 12460 13741 
1666 18598 19327 
15925 18191 19328 
1632 10970 15959 
422 15528 17889 
5847 10650 19217 
7261 13972 19337 
2575 16059 19338 
468 9316 16766 
526 18292 18881 
1795 2636 18749 
91 4569 18887 
3425 3944 12046 
6541 9344 16758 
18209 19361 19397 
447 6516 18137 
19368 19369 19453 
10386 17384 19110 
1276 5737 19378 
3166 10440 19271 
6688 9719 14086 
861 12404 19259 
1548 8363 13726 
992 8361 9730 
18124 18438 19412 
3112 19429 19430 
1047 2502 15115 
433 9869 18481 
2962 5444 18905 
884 17203 19117 
12628 13903 18798 
7309 16553 19441 
8605 17424 17425 
14383 18265 19385 
