984 990 11794 11795 13450 
975 11796 11797 12064 12147 12148 12295 13221 
1216 1824 2540 2647 3974 4311 8942 9506 
370 9587 9610 12627 13103 
702 3604 6686 11798 13352 
11799 11800 12140 13091 
1307 5944 11806 13811 
1481 11807 11808 12466 12653 13431 13432 
2130 2442 8956 9646 11809 12820 13356 
32 70 90 175 222 254 308 317 327 382 384 410 433 488 763 861 873 888 1083 1347 1520 1685 2134 2247 2748 5094 5272 5807 11869 11900 11946 13200 
11814 11815 11819 11820 11871 11872 12123 12306 12307 12738 13286 
11816 11817 13496 13642 
2171 4220 11818 12399 
616 1571 2876 6318 10044 11540 11823 12116 12219 
158 984 997 1761 3214 3446 5514 6522 12350 12743 12823 
4806 7796 7836 8774 11824 
616 1594 4800 10253 11825 11826 
1666 3073 4268 8258 
387 790 954 4430 11506 11827 12043 12044 
11828 11829 12566 13309 13685 
6806 6807 7165 11830 12478 13385 13445 
2266 11411 11834 11835 
11838 11839 11959 11960 13060 
1209 1536 4633 9682 11840 
3093 3094 3641 12853 12854 
11841 11842 12510 12511 13892 
11843 11844 12041 12042 12057 13657 
5723 11845 11985 12004 12005 13713 
72 410 1363 1673 2748 3068 4916 4976 6019 6766 8312 8896 9086 9896 10216 10524 10960 11325 
116 1307 3931 5806 9189 11851 12735 
7630 11572 11852 11890 
257 1251 2021 2757 12532 
2637 11855 11856 13408 
304 2106 4753 8639 8982 
886 1155 7437 7975 
893 3218 3396 9812 
11859 11860 12533 14005 
82 2203 3021 11425 11864 12048 13225 13318 
1321 7541 11116 11866 
942 2220 2769 8026 9624 9669 10703 11867 13476 
1833 2375 8753 11868 12601 
3154 3781 8439 8461 11870 12254 13303 
3729 11873 11874 11955 
2636 7795 8236 9420 9929 10133 12605 13977 
4556 4702 4806 5546 7757 10265 
1322 2463 3439 4040 5137 12255 
1719 3289 3708 4725 4837 6826 11012 12284 
433 861 2445 2738 3332 4767 8795 12404 13275 
7360 11880 13366 14023 
9701 11881 11993 12699 13401 
984 3846 8729 10714 
2540 3041 11884 12442 
883 1423 2341 5271 6027 12282 12898 13110 
893 3165 3166 10043 11886 11891 12171 12204 12277 12489 12789 12883 13088 
52 1137 5060 5952 12614 
11887 11888 11939 12056 12130 12211 12907 12965 13707 
199 6575 8200 10599 11889 12369 12819 13099 13120 
82 151 1833 7808 7811 7828 12425 12848 
1929 5578 7405 7812 7813 7872 9067 
888 2420 4218 10015 11892 11893 12475 12584 12710 
302 4137 7905 9737 9942 12615 12736 13028 
463 11896 12551 12552 
9222 11897 11898 13508 13865 
21 2773 2774 5181 5216 11899 12983 
6166 8927 11901 11973 11974 
4657 7777 11902 12172 
151 152 437 10400 11904 
11905 11906 12590 13204 13205 13242 
984 2941 3643 7824 13228 
964 4284 8056 11908 
557 7330 11909 11910 
2774 3176 4571 8681 11911 12052 12260 12280 12283 12539 12878 
16 122 135 224 349 1074 3814 6310 11555 12200 
2236 3223 9279 11914 11930 
965 5137 11915 12721 12722 
11916 11917 12099 12285 
3332 3741 6568 6905 7835 
9262 11921 11922 13538 
11923 11924 13248 13673 
2920 9988 11925 12529 
278 362 2170 9135 
9701 9702 11926 12699 
1133 2736 11927 12117 12562 
11928 11929 12440 12716 12717 13173 13244 13826 
300 308 2682 3571 
2425 3166 8829 10440 10794 12176 
2029 2376 5094 7541 9483 
299 4898 10361 11934 11935 
51 1137 2372 5027 5060 5209 5517 7854 12227 12785 13152 13215 
533 984 3214 4853 13747 
278 280 2170 3303 5491 
1015 5467 9889 12408 
1800 4605 6434 11943 
2692 11944 11945 12383 
11947 11948 13178 13179 
2376 3545 10689 10690 
2604 2950 10499 11949 
19 82 151 1833 3021 4048 4163 7043 7731 7923 12459 12924 13682 13691 13801 
278 362 587 4769 7866 
3840 7296 8899 11956 12560 12775 
470 471 3392 6616 6711 8331 10904 11957 12094 12772 13015 13057 13867 
778 3292 4856 7687 11958 
7532 11963 11964 13176 
1155 3769 6278 11967 12342 
32 3996 4505 5258 6673 8448 9916 12003 
11969 11970 13640 14041 
11975 11976 12112 12113 12908 13566 
11979 11980 12228 12229 13097 
475 1144 1587 11147 
151 952 1114 1144 3779 7811 
1536 5444 9930 12402 12507 12805 13053 
739 797 11982 11983 12651 13181 
188 806 6266 11323 
82 116 1114 3396 11593 
158 532 997 9935 
4271 8776 11989 11990 12391 
11991 11992 12193 12416 12677 
90 647 1083 2134 2781 6521 11994 
1092 3741 6568 6692 12681 
11998 11999 12030 13346 
151 2393 5866 7974 
10918 12006 12781 14042 
770 778 3292 4461 4618 4712 5324 12354 13145 
2318 2319 12012 12013 12076 
71 1519 3063 4183 4228 5253 
12014 12015 12292 12293 12524 12581 
1363 2748 3178 3936 4956 6766 9896 12086 12387 12945 13137 
12016 12017 13588 13589 
1114 1144 4942 6500 9130 10308 
12021 12022 12273 12647 13203 
3429 4500 10488 12024 
6959 7119 12025 12980 12981 
1093 7719 7970 8435 
1481 4636 12968 13602 
12031 12032 12053 13520 13684 
2042 2801 9637 12033 
163 2887 5244 5654 12336 
1518 11232 12034 12334 
265 317 892 3100 3216 
1644 3252 6688 7834 9660 12038 12799 
675 2637 3075 3700 3745 4721 6047 6502 12045 12243 
2611 3425 8001 8613 12046 13351 
536 5856 8669 12049 
308 2669 3285 3890 
4141 5590 9298 9299 13241 13262 
7238 9271 9272 13795 
107 1119 1165 2780 5369 9486 
2425 12058 12598 12599 
651 2087 3219 8309 12199 12857 
413 12059 12092 12914 
5471 6517 12060 12834 
1350 5170 12061 13089 13098 
387 1026 4430 4837 6193 
553 12065 12741 13705 
12066 12067 12224 12763 
12068 12069 12899 13859 13909 
24 1047 1333 12441 
12074 12075 12235 12236 12357 12360 12646 
12079 12080 12197 12401 13094 13208 
12081 12082 12298 12373 12374 12405 12616 12724 12821 12822 
116 517 12083 12084 12256 13782 
1820 2337 2338 5973 
81 4988 12085 12390 12875 
37 2480 3196 3464 7309 9627 9935 10165 10582 10830 11152 12723 
647 4008 4942 7059 8774 
151 152 665 6679 12328 
11598 12087 12553 14072 
762 2249 2344 10262 10777 10955 11106 12088 12137 12754 
1467 3749 3954 12089 
3252 4522 6688 7029 8689 
5441 7562 12095 12660 12661 13109 
317 892 2651 12098 
428 1666 5202 8258 9676 
826 3780 4612 5332 7664 12436 
576 5160 5161 9666 13350 
151 855 2825 4740 8051 13509 
2989 12103 12516 13614 
12105 12106 12565 13266 
1743 12107 12108 12890 12903 13027 
3489 7926 9010 12111 12918 13491 
702 1062 1926 3462 8013 
433 762 2149 2249 2344 3063 8671 12115 
12118 12119 12480 12481 13045 
78 435 682 4882 6546 12120 12477 12600 12682 
4246 12121 12122 12201 12345 12346 12417 12901 
1835 7541 10213 11116 11946 
279 412 606 2211 2907 3141 3189 7835 9184 9489 11832 12995 13358 
12124 12125 12138 13465 13674 
2346 4749 6416 9978 10634 12302 
488 3178 5737 13500 
6121 6382 12128 12711 13391 
9271 9388 9840 10056 12542 13330 
587 1148 8002 13797 
12135 12136 12517 13562 
1129 1824 2647 7579 8067 
256 10133 12146 12575 13187 
778 4675 4806 10063 11020 12303 
3290 12150 12151 12245 13785 
12152 12153 12767 12906 
475 11638 12154 12155 
2931 12156 12157 12825 
3154 3781 6176 6961 
12158 12159 12372 12415 13441 
12160 12161 12213 12214 12409 
724 1555 3492 5566 7624 9075 12463 
9272 9388 12162 13881 
237 708 12163 12449 
2336 12164 12165 12338 13349 
12166 12167 12279 13981 
4118 4119 12168 13720 
2014 9679 12169 12685 13353 
1210 1217 12170 12648 12757 
1690 12173 12281 12752 12912 
3705 12174 12175 12502 12956 
12178 12179 12207 12208 
5492 12180 12807 13666 
913 2478 3396 3754 4384 4913 8403 14084 
158 832 997 2748 4397 4785 5819 5849 12184 12472 12801 
4390 4448 12186 12559 13162 13699 
902 1089 4664 5769 
155 3120 12196 12882 
422 12198 12733 12739 13769 
12202 12203 13261 13570 13631 
12205 12206 12545 12788 13180 13190 
2436 2533 9580 12209 
1144 4942 7937 8118 8119 12756 
280 921 9245 11690 
1034 3803 12212 12547 
5000 8060 8503 11186 
2067 4951 12215 12216 
4118 12217 12218 13050 
974 2093 8198 8861 
651 702 1210 4538 
4841 12220 12394 12395 12604 
317 587 11036 12221 
687 4539 7090 13593 
12225 12226 12335 12414 
258 951 6217 10263 
8082 8083 8798 8799 9129 12654 
12231 12232 12943 13024 
6455 6456 6509 12233 12734 
839 12234 12761 12771 
12238 12239 12664 12776 13717 
151 437 984 3643 8130 
11282 12240 12867 12868 13101 
30 643 1488 1924 9758 10216 12331 12640 
808 1709 7420 12241 12887 
103 280 6444 6989 7812 
4786 10767 12242 14028 
7998 10650 10768 11271 
964 1660 1714 1820 3793 12451 
590 5489 9850 10151 11154 12921 
2037 3548 10541 12923 
4145 5718 5854 7503 9886 12246 12639 13002 13357 
1121 1287 10857 12250 13655 
1673 2433 8716 12253 13604 
116 151 152 591 9062 
310 1052 12257 12361 13708 
12258 12259 13326 13750 
10366 10367 11381 11441 12261 
2363 3696 10162 12332 12669 12715 
5225 12264 12265 13695 
12267 12268 12708 13128 13129 13377 
3548 8957 10541 10868 
1216 1676 8067 12269 
12274 12275 12365 12366 12484 
2974 3024 12591 13733 
32 278 313 488 12873 
816 1802 10652 12278 13934 
547 1352 2611 7402 12286 
12119 12287 12876 12877 
222 286 523 2486 10981 
422 7287 7855 7996 12291 13122 
47 3565 12294 12979 13001 
12296 12297 12831 13121 
12101 12299 12300 13235 13535 
15 6416 12301 12302 
828 2599 10201 12755 
12310 12311 13345 13426 
5234 8339 12313 12751 
82 3021 3570 3946 6374 7268 7367 11833 12476 
155 9034 12314 12315 
3154 12316 12522 12999 
959 1428 2509 5658 13061 
317 587 892 5951 12317 13163 
388 3708 8628 11669 13932 
3572 6554 9508 12320 
1347 5610 12323 12324 12377 12378 12576 
4223 12326 12327 13231 
778 4378 5665 7687 12060 12376 13026 
94 778 1444 4911 12330 
116 151 517 573 2006 4097 
992 2683 4574 6627 
826 2274 10275 11016 12337 
495 7157 12339 13630 
9640 9641 12341 13477 
8538 8749 9197 12347 
3761 3985 4794 8910 12348 13363 
2183 3029 9379 12349 12550 13003 
646 2857 5413 9818 10601 12351 12352 12709 12804 13597 
289 524 764 765 12353 
371 5833 5971 12358 12359 12367 12429 12456 12732 12798 
952 2337 12362 12464 13147 
1378 9692 12363 13739 
15 4404 5277 6299 10264 10344 10745 
1395 3073 3445 4268 7718 12149 13819 
2848 9714 12368 13000 13706 
1226 12370 12371 13686 
237 1207 1924 2060 2305 
438 477 984 9005 9006 
12379 12380 12855 12856 13389 
984 3214 12382 13263 13398 13522 
1313 8287 8743 8939 9748 12384 13257 14073 
12385 12386 13090 13222 
12388 12389 13287 13778 
2516 2636 3710 8171 10360 10474 
805 8991 10672 13071 
29 7196 9477 12398 
771 4494 5190 8036 12904 
179 892 920 8529 9842 
3024 12412 12413 12591 
370 9587 12418 13404 13662 
1269 12419 12420 12626 
2830 3734 5381 12421 
12422 12423 12982 13692 
122 704 5780 7859 12426 
37 646 4237 7332 12427 
6658 6659 7570 10831 12428 
7389 8886 12432 12930 
42 4942 8250 8251 12920 
82 5885 7330 13903 
8566 12437 12940 13469 
51 7727 12438 12847 
8 813 5950 6890 7493 
1292 6430 6431 7241 12621 
8754 12443 13186 13328 
2193 8122 12444 12842 
5670 12446 12454 12455 
531 2991 4337 4777 
3572 12450 13433 13694 
82 12452 12453 12818 12984 
317 1735 6370 7155 7747 8170 
5661 5774 12457 12458 12525 12536 12537 12708 12849 
805 5565 12462 13766 
70 433 7253 9869 12670 12753 13311 
2337 12185 12464 12465 13212 
12467 12468 13615 13963 
176 488 4785 12471 12472 
4959 5163 12473 12474 
1219 4220 11986 12479 13274 13609 
12482 12483 12549 13032 13033 13143 13603 
1169 3392 6266 7125 
12485 12486 12607 12608 12893 
24 4845 12487 12488 13838 
416 1283 10354 13528 13665 
3166 6672 6688 10794 13202 
42 8528 10634 12496 12497 12728 12835 
2558 4370 5578 6812 12499 
357 5846 10826 12501 
5917 9072 12503 12546 
1282 7297 9983 12504 12505 
3234 8644 8645 12506 12926 
4683 12508 13035 13036 
1487 12514 12515 13074 14099 
5696 6006 12523 13041 
103 1333 3266 9502 
116 1114 1151 11107 12528 
9262 12530 13480 13780 
4749 4806 7836 11014 12531 12609 13127 
5965 6615 12534 12535 13116 
34 946 2278 12540 
845 6112 12541 12778 
490 8236 12548 13920 
2869 5032 12554 12555 
3039 12556 12557 13010 
105 3593 3840 5560 8899 
252 256 257 384 4334 8921 12563 12694 
12106 12564 12565 12773 
4684 12567 12568 13774 
12571 12572 12880 12905 
2333 4614 7389 9941 12635 
3084 4625 10981 12577 12578 
1735 7155 12582 12787 13144 
1395 3445 10941 12583 12884 
12587 12588 12932 12969 
934 976 1536 2417 3084 10450 13079 
587 892 1071 6141 
9589 12610 12611 13174 
820 984 2941 3447 8130 9068 12617 
3864 12624 12625 12922 13483 
1129 12631 12632 13114 14105 
6640 7447 12633 12634 
6606 10460 12636 13078 
1682 1823 6596 12687 
2287 5854 12639 13136 
12641 12642 13671 13951 
349 1757 3150 8453 
718 1900 3027 9656 
718 4005 10485 10486 
2935 9680 12662 14049 
3023 4060 7902 8400 9412 13756 14060 
12649 12650 12764 13146 13276 13594 
217 5021 12652 13029 
536 4670 11393 12655 
12658 12659 12937 13191 
274 633 997 12663 13639 
893 1198 3247 6672 
892 1605 6277 9518 
2961 12667 12668 13102 
522 911 1729 10213 11946 
1684 3049 12686 13829 
1929 4797 5955 8924 9709 
8843 8844 12688 13427 13623 
2093 8065 8349 8723 12689 
6131 8328 13361 13362 13664 
12702 12703 13359 13360 
12205 12545 12706 12707 13931 
597 952 1304 10536 
2296 3710 7296 12720 
1106 12725 13192 13193 
2339 12726 12727 13415 
536 10705 12731 13355 
826 4848 6563 7848 8442 
455 2931 13729 13919 
151 952 1673 3302 6880 
1383 4264 9386 13018 
2769 10436 10891 12746 
2409 12749 13239 14008 
2988 12750 13411 13779 
3216 5186 6277 12759 12760 13080 
151 152 3846 6705 13014 
12765 12766 12815 13559 13816 
6341 12769 12806 13945 
82 5536 5885 6713 
3090 3406 6112 12777 12778 
10811 12782 12783 13312 
824 1148 10657 12784 13787 
1660 12786 12929 13767 
349 7428 8591 10633 
6416 8503 10634 13177 
6570 7532 10331 13479 
4585 12792 12950 13277 
1516 3103 7832 12795 
12796 12797 13730 13808 
9343 12800 13586 13587 
151 152 952 953 1304 
1298 1411 12808 12809 
5151 5549 10052 10942 13321 
3425 8278 12810 12811 
12641 12824 13543 13544 13641 
1660 9875 12826 12891 12892 
32 2050 8761 8762 12558 12832 
9063 9677 12841 12925 
2177 12575 12845 13076 13077 
643 1709 7196 12846 
935 3463 5785 6371 10362 13054 13601 13644 
6874 11585 12851 12852 
175 872 3298 7918 8735 13142 
12859 12860 12931 13734 
848 3075 6047 12862 
2883 4461 13629 13712 
151 152 964 8056 13549 
1367 9044 12872 13019 
4792 5163 12879 12886 13335 
12894 12895 13459 13460 13773 
12896 12897 13072 13073 
317 587 921 1155 6278 7437 
10732 10733 13085 13342 
6929 10736 11337 11602 
422 12915 13232 13304 
3492 12916 12963 12964 13798 
836 5750 12839 12917 13199 
5833 12928 13498 13499 
3739 12934 13115 13495 
892 1948 12942 14082 
12946 12947 13456 13457 
8981 9188 9207 13886 
12961 12962 13255 13305 
10386 11430 13300 13529 13530 
12974 12975 13402 14102 
1115 1144 7565 13133 
590 2521 13446 13447 13875 
1347 1685 2898 5144 9806 
1823 5751 6172 13108 
12985 12986 13494 13620 13621 
12991 12992 13249 13418 
151 152 216 952 13005 
647 1144 3112 7761 8327 
1555 8612 8814 13198 
6640 7447 13017 13378 
1372 1373 13021 13749 
536 7850 11903 13405 13962 
780 5608 13031 13336 
3224 9625 13038 13039 
3935 7287 7307 13042 13669 
1151 1722 6472 13043 
11844 12191 12700 13047 
797 1198 13048 13049 13308 
16 5017 8010 11555 13610 
9643 9644 13066 14003 
892 1169 7510 13598 
13086 13087 13298 13438 13439 
2042 2691 8729 11099 
3862 10623 12270 13095 13096 
13106 13107 13584 13622 
2136 3769 3862 10894 
12355 12356 12955 13117 
257 266 2534 7465 9473 
762 13119 13230 13668 
774 3429 9316 9317 13236 
1119 2830 5381 13123 
10995 10996 11123 13126 
992 6266 9289 13130 
740 6431 7241 13267 
2577 3406 4629 5250 13386 
820 984 11795 13150 
9484 11304 13151 13900 
590 992 4602 5540 
13167 13168 13966 14009 
492 6799 10902 13839 
13171 13172 13183 13184 
447 3730 6516 13175 
3429 4500 13182 13583 
848 1333 3075 13354 13421 
199 6575 8549 13195 13313 13333 
72 2269 2733 3930 
151 152 893 6672 9191 
7481 13229 13482 13927 
1705 1804 6939 10989 
2733 10801 10994 13066 
1071 3262 9534 13831 
2508 8875 13461 13569 
794 1596 10435 13643 
13246 13247 13310 13722 
13253 13254 13652 13663 
7795 13264 13265 13979 
13269 13270 13410 13792 
33 2983 4045 13279 
975 976 3422 13898 
1047 9644 13301 13688 
3664 3665 9760 13306 
4657 6675 13307 13505 
1058 1059 13861 13862 
829 3652 3998 13317 13320 
362 587 1333 11569 
5655 5656 13327 13944 
5981 6777 13338 13810 
3429 8616 9077 11922 12678 
13364 13365 13548 14128 
5094 5272 7027 13567 
440 731 8390 9120 
13394 13395 13828 13857 
82 2989 4647 7043 11551 11876 
7959 13400 13870 13997 
81 4988 13448 13605 
468 2636 11538 13453 13825 
808 7420 13472 13503 13772 
13486 13487 13635 13636 13743 
10029 10931 13488 14156 
13492 13493 13690 13715 
433 4384 8795 13714 
447 774 826 3429 4890 10130 13914 
557 13506 13507 13781 
888 2476 5067 13539 13679 
7795 9420 13273 13538 13611 
13551 13552 13661 13970 
3049 5415 13554 13829 
6497 7414 7415 8258 
9630 9631 9658 13574 
780 12492 12493 13651 
6947 10458 10998 11307 
7340 13659 13660 13793 
943 1413 7311 7381 
710 2974 6212 8301 
1921 3619 8330 13817 
10089 10384 13759 13869 
368 369 1566 12840 
13696 13697 13942 13967 
1384 4370 5186 13702 
2807 13725 13770 13771 
13762 13763 13846 13926 
1273 4964 5581 13789 
1190 2101 10183 11877 
4233 6078 13062 14021 
447 3730 5332 10222 
657 11021 13889 13890 
12191 12329 12863 13681 
9250 9421 12011 13680 
2208 13929 14010 14011 
27 28 3493 13371 
47 850 10806 11015 
116 6415 11700 11894 
12827 12828 13474 13475 
935 4283 8461 13382 
992 13251 13319 13703 
11802 11803 13794 
11804 11805 12139 
10970 11810 11811 
11812 11813 12494 
468 3123 11821 
6172 6790 11822 
3374 8650 10885 
6266 9056 11831 
11048 11848 12592 
2575 11849 11850 
7035 11861 12762 
4806 11862 11863 
8724 8725 11865 
749 4583 11875 
11882 11883 12954 
570 1069 11885 
5005 11907 12881 
3319 11918 11919 
828 7400 11920 
8135 11931 14016 
11932 11933 12972 
1778 7852 10513 
2208 11936 11937 
7601 7602 11938 
2491 11940 14002 
11941 11942 13924 
11950 11951 13339 
11952 11953 13827 
4756 11954 13368 
11961 11962 13052 
1302 11971 11972 
6044 6045 6542 
2624 11977 11978 
8138 11981 12978 
11996 11997 13034 
209 3731 12000 
12001 12002 13302 
12007 12008 13847 
4220 12009 12010 
949 12020 12495 
12026 12027 13369 
12039 12040 13925 
3618 5481 12047 
12050 12051 12994 
12054 12055 12972 
12062 12063 12967 
12070 12071 12637 
12072 12073 13943 
12077 12078 12812 
3862 7971 7972 
828 12090 12091 
14 1098 9482 
12096 12097 13467 
5571 5648 12114 
8043 12126 12127 
265 3453 12129 
1144 12131 12132 
12133 12134 13537 
12141 12142 13430 
12143 12144 13531 
191 11913 12145 
264 950 9711 
3610 11514 12177 
12181 12182 12237 
2223 2504 9013 
412 12194 12195 
480 6921 12210 
6229 6230 8865 
12222 12223 13170 
983 8072 13957 
8605 12244 12461 
12247 12248 13390 
1096 11571 12249 
12251 12252 13930 
31 5010 12262 
12271 12272 12742 
4477 5519 12276 
7413 11795 12289 
11789 11790 12290 
12304 12305 13258 
1090 1222 7900 
1520 12308 12309 
12321 12322 13478 
495 5910 12333 
701 12343 12344 
495 659 998 
3650 3943 8213 
8217 8218 9415 
4330 12375 13016 
6240 11069 12381 
9982 12392 12393 
12406 12407 13534 
1354 12424 12740 
12430 12431 13481 
7001 12433 13501 
5728 12434 13340 
869 5791 12435 
8261 12439 13645 
997 2818 7482 
74 12309 12460 
997 4679 8064 
1709 4051 11778 
933 12498 13953 
4278 4786 6473 
12518 12519 13025 
12520 12521 13256 
12526 12527 12630 
1915 9762 10390 
362 2163 10867 
11795 12543 12544 
2413 6017 9756 
8906 9783 12561 
12569 12570 12780 
2380 2624 12580 
12585 12586 13412 
2472 12589 13473 
2225 2739 9373 
155 7161 7782 
12595 12596 14018 
317 9323 12597 
1331 8478 12618 
11210 12619 12620 
480 12622 12623 
3513 4059 12638 
12643 12644 14074 
1518 12665 12666 
1914 12672 12673 
6100 12674 12675 
1455 4070 12676 
12683 12684 13850 
5196 12691 12692 
4798 12693 14022 
12695 12696 13576 
7902 12697 12698 
1849 8400 12100 
12704 12705 13577 
6653 12712 12768 
12718 12719 13197 
712 7603 8929 
10936 12744 12745 
12747 12748 13006 
2326 10578 12966 
2117 8151 12758 
9499 9500 12770 
4189 9163 13113 
6783 12774 13007 
1255 12779 13381 
6723 6724 10491 
11238 12790 13278 
441 3589 6602 
2531 4496 12793 
865 4408 8597 
12802 12803 13658 
12813 12814 13592 
12829 12830 13216 
1114 2532 6954 
984 10530 12833 
42 12400 12836 
12837 12838 14032 
7777 12843 12844 
4650 5008 8666 
12192 12850 13952 
128 472 6791 
12869 12870 13058 
1090 8319 12866 
5951 10415 12885 
4155 6606 10459 
8886 11440 12628 
11059 12889 13667 
1887 12900 14109 
233 11758 12902 
750 7167 12909 
12910 12911 13701 
192 12913 13285 
1924 2690 12230 
627 2978 7629 
5958 10985 12927 
1548 8363 13726 
12938 12939 13599 
5620 8844 12941 
12948 12949 13851 
5867 12951 12973 
12957 12958 14035 
1381 12959 14123 
7935 8289 13676 
12970 12971 14089 
801 1951 12988 
84 2782 8909 
12997 12998 13084 
13008 13009 13083 
8182 11376 13044 
828 8667 13046 
904 1537 13051 
10388 13055 13372 
9970 13059 14090 
497 13064 13065 
13067 13068 13840 
13069 13070 13591 
1497 13081 13082 
189 9684 13093 
9643 10432 13100 
8059 8396 8856 
1763 10613 13125 
13131 13132 13512 
5513 6956 13504 
13134 13135 13234 
13148 13149 13955 
2349 3797 5039 
2208 12690 13153 
13154 13155 13973 
13156 13157 13164 
277 13158 13159 
13165 13166 14006 
12816 13185 13245 
13188 13189 13783 
90 12104 13194 
13206 13207 13950 
13210 13211 13807 
3175 13217 13218 
5021 11298 13219 
1947 13220 13956 
9268 13223 13224 
2496 13226 13227 
2811 8984 11398 
1936 2543 13252 
13283 13284 13965 
3974 13288 13289 
1047 1795 13290 
5561 7856 13744 
13291 13292 13646 
2692 13169 13297 
1009 13299 13468 
13314 13315 13396 
3368 4041 9752 
9281 13334 14083 
3088 13337 13911 
604 5179 13341 
7608 7609 13343 
452 1342 9917 
13347 13348 13419 
6631 8650 13324 
9772 13370 13901 
4060 8401 13384 
2950 4877 10567 
8035 8762 10982 
2870 13387 13958 
190 4251 13711 
2960 8875 12861 
1952 13406 13935 
3425 4717 13407 
1219 3107 13417 
82 4410 10208 
7711 10281 13882 
739 10255 11145 
3262 13424 13425 
6640 6944 12019 
13428 13429 14017 
13434 13435 14031 
313 10045 13440 
13462 13463 14166 
2296 6111 13464 
13470 13471 13555 
32 4506 5391 
11761 11946 13484 
2682 3030 8454 
13489 13490 14124 
360 13497 14091 
491 1904 10788 
798 8619 10520 
471 13510 13511 
5435 13513 13806 
1350 13514 13515 
13371 13518 13519 
13524 13525 13582 
13532 13533 14175 
13541 13542 13853 
10293 13545 13546 
4815 5581 9045 
12744 12919 12944 
13563 13564 14047 
3818 5649 5716 
5744 13568 14078 
1255 2155 7236 
62 2559 6476 
13580 13581 13893 
1428 4359 13585 
2835 2845 13788 
1139 4173 5551 
557 2673 13040 
13618 13619 13724 
13625 13626 13678 
9311 9312 9569 
11790 13388 13632 
2624 12318 13634 
2462 2801 3016 
13647 13648 13796 
1619 3663 13649 
447 722 13650 
9335 9336 13860 
4817 8429 8976 
9922 13653 13654 
583 11454 13656 
1661 1662 6501 
2252 13672 13908 
113 357 4984 
4983 6191 8561 
7032 13687 13721 
8691 13689 13844 
517 8692 12865 
2780 9457 13716 
13718 13719 13848 
324 8160 8305 
820 6964 9408 
826 4957 13735 
4536 13742 13841 
395 1449 5644 
5207 13751 13752 
2326 13409 13753 
13754 13755 14027 
984 12960 13556 
7390 7391 11832 
13760 13761 13768 
5365 9056 9291 
194 3921 13765 
1284 9043 14077 
1308 9998 13775 
10024 12270 13124 
8 3559 13777 
13790 13791 14136 
11942 13600 13786 
3058 6799 12977 
7330 7904 9564 
2830 12645 13812 
312 313 13547 
13834 13835 13915 
5917 8704 12319 
2029 3208 13849 
475 1448 9119 
6024 6361 8428 
1741 8180 9897 
13855 13856 13928 
827 11654 13866 
888 9505 9780 
13873 13874 13959 
9519 9520 9547 
1722 6320 13888 
7395 13894 13895 
13896 13897 13912 
1065 1096 13899 
10407 13906 13907 
6746 13921 13922 
3368 4573 9254 
7035 11733 13854 
2636 6888 13012 
13948 13949 14004 
845 2795 7976 
320 824 2047 
1438 1536 13830 
11009 11297 13969 
1176 10567 13980 
308 617 1939 
13987 13988 14015 
13989 13990 14159 
1541 13993 14014 
2736 2775 12403 
6610 8130 14007 
1603 8078 14043 
2266 13240 13571 
388 10238 13978 
8217 9002 13268 
12592 12593 13968 
8725 13420 13550 
3392 9082 11114 
8844 12794 14040 
2375 11359 13272 
47 2025 12018 
497 13485 13748 
8762 13416 14066 
997 7539 13994 
3425 13624 14055 
12595 13880 14080 
2093 6020 13201 
2305 13466 14057 
12053 13075 14092 
2363 11984 13329 
388 12538 14106 
78 13723 13937 
2029 11364 12288 
8566 13904 14133 
24 8757 10149 
2991 5908 7416 
14141 14142 14148 
828 13367 13813 
8650 13842 14120 
562 14151 14157 
74 13741 14158 
480 13704 13961 
1395 8288 10019 
811 965 4012 
3013 3014 8729 
2106 7092 11912 
4792 13837 14174 
5192 13100 13876 
704 13736 13872 
3252 6708 14086 
951 3227 9396 
