82 5885
6125 9774
9775 9776
215 5152
6839 9777
9778 587
5243 9779
9780 5067
9781 8232
9782 8984
9783 9784
9785 9786
9787 1243
9788 627
9171 9789
6278 574
9790 9791
9623 3373
9792 9793
9794 9795
4983 5939
9796 9797
9798 2504
7757 1155
9799 9800
7758 7759
77 78
3814 2044
9801 2886
9802 9803
9804 9805
9806 2898
6935 8927
1128 4417
4422 4423
9807 4723
9808 2041
2278 9809
9810 9811
1719 7767
1378 1722
7782 2417
9812 2558
3100 192
9803 9813
9814 9815
7779 657
1571 6043
3106 5928
4453 4454
6681 9816
3189 322
7782 942
9817 2096
3113 3114
9818 3531
1251 257
9819 6301
9820 9821
9822 9823
6003 2532
1552 5933
9824 9825
1526 2344
9701 9826
2246 4464
9827 6140
9828 9398
9829 9830
9831 195
9832 1027
9833 3078
314 5939
37 2818
9834 6140
9835 9836
3133 3134
9837 2766
9838 9839
6310 7296
2780 9417
9840 9841
7526 134
3439 4040
317 2822
920 9842
923 3114
3115 9843
9844 6714
4481 4294
1137 5952
9845 9846
9847 9848
2569 9849
9850 9851
7807 3717
151 7808
9852 349
9853 8528
5966 8067
9854 9855
412 9832
1824 9779
9856 1605
9857 152
9837 3075
6723 7815
596 9858
9859 892
2818 9344
302 7905
9860 9861
4481 2417
9862 9863
2632 9864
6766 72
9832 1402
9865 9654
7822 7823
2463 9866
9867 2690
7827 440
7155 1735
920 6812
5945 4602
9868 8528
9869 9870
9871 9793
134 3862
2983 2417
5679 9872
9873 9874
9875 9876
7148 3112
1939 5747
2941 984
7843 4874
1072 4518
9877 7001
9878 9879
9880 9881
9882 9822
778 4520
9883 3468
163 365
3197 1325
4957 7848
7849 7850
9884 34
1778 7852
29 9885
7854 51
2170 5491
9801 9886
9887 8697
1915 9888
1015 9889
9837 3745
5785 4261
9890 9891
2492 9892
7263 9893
9894 9895
2558 7405
9896 6397
9897 471
2781 1273
9898 801
9899 9900
7658 9901
9036 6935
9902 9903
7877 3647
4654 5284
9785 2875
9904 9905
9906 9907
7882 923
9908 9909
9910 9911
9912 8708
9913 2978
8771 9914
9915 731
9916 6673
9917 9329
9918 9919
9920 1276
9921 9922
5763 9923
740 9924
9925 974
9926 9927
1 81
1610 4590
8084 9928
9929 9420
9378 573
9780 888
1114 952
4593 134
1536 9930
222 9931
9932 9933
9934 7622
9935 158
4602 317
942 9931
9803 9936
9937 2410
9938 9939
9940 9941
4137 9942
9943 468
9862 816
9944 222
9945 9946
7073 5988
9947 9948
9949 946
9950 8004
9951 3894
4137 7905
9952 8239
1144 893
151 2393
4461 4618
2278 5951
9953 8478
2743 9954
9955 9956
9957 6724
3214 9958
9145 3446
9959 9960
7039 9961
9962 9963
9964 9965
9966 9967
990 7917
5363 4041
933 4634
8604 9968
1072 4640
9969 573
7921 7922
9970 9971
9972 9973
382 1985
5473 9974
9975 4370
9976 5243
3570 9977
9245 8881
9943 2636
9978 9979
7936 7937
9980 5679
9981 9982
9983 9984
9985 9986
2801 9987
2920 9988
81 9989
9990 9991
9992 5807
4670 4671
9993 9193
4045 3084
9898 6370
9994 9995
7130 984
4106 116
3219 2087
7350 7032
9996 9997
9998 336
3204 384
8300 3216
9999 10000
2907 7027
8010 10001
7987 22
521 10002
10003 9863
10004 6906
7952 634
10005 3439
10006 10007
8659 4874
10008 3196
10009 557
10010 9494
6667 10008
245 317
2021 1251
10011 10012
24 1333
2022 973
10013 1527
7965 5490
10014 10015
10016 10017
1571 10018
4976 410
10019 1395
9908 2886
10020 10021
10022 10023
7971 7972
7973 4284
10024 10025
5973 2337
8148 10026
718 591
6438 9692
6125 6126
10027 9986
10028 651
10029 9982
9939 2170
10030 10031
6130 44
5332 9354
7975 1155
10032 9907
6134 265
7921 10033
10034 10035
10036 491
9950 10037
10038 10039
8089 10026
3252 4522
2463 10040
10041 10042
7985 7155
10043 3166
7986 5952
7987 1092
2825 4740
3357 4856
4400 10044
10045 10046
1719 10047
3292 10048
10049 10050
1077 410
6430 3995
10051 10047
3996 9407
10052 5150
10053 10054
1775 5845
1283 10055
10056 9840
3427 573
10057 10058
151 10059
10060 557
8991 9848
3 10061
3705 10062
2463 5409
8516 10026
1719 8011
4675 10063
4773 3332
10064 10065
6173 1605
10066 10067
10068 10069
827 828
10070 10071
820 6964
10072 7148
10073 3205
6177 6178
7433 10074
2682 6541
674 8021
8023 5509
10075 10076
1129 6186
5911 3373
9883 6115
51 5952
9908 9801
9184 8357
10077 6929
10078 10079
7849 10080
10081 4518
10082 573
4848 4392
8030 3761
10083 10084
10085 1543
904 984
10086 9801
4219 10087
10088 10089
10090 9332
882 10091
10092 10093
10094 10095
10096 5018
10097 1567
7985 3446
10098 10099
6832 10100
3294 3468
4664 5769
3191 10101
1800 10102
6330 984
5827 10103
6125 3446
16 122
4481 4295
10104 9861
2636 10105
10106 570
8044 819
10107 7629
4284 10108
10109 10110
1313 665
9521 10111
9932 10112
9840 9271
5845 10113
2669 6541
8927 8733
3487 3488
10114 10115
6217 6218
10116 10117
10118 10119
10120 10121
1718 8011
3487 34
10122 4964
6430 1292
10123 9891
10124 9971
1367 6228
6229 6230
9667 3453
8861 974
3302 7268
10125 816
10126 9940
9323 5951
10127 10128
4284 8056
7810 1213
2417 522
9873 10129
447 10130
7358 10131
892 265
10132 1092
4602 3216
412 2907
2636 104
10133 10134
2420 810
1775 10135
3646 8081
10049 10136
8087 440
827 9928
10137 9420
973 974
10138 10139
10140 10141
9997 10142
90 9789
10143 9818
8061 3761
5253 3453
10144 10145
7815 10067
151 10146
10147 10148
6166 1717
1046 279
1716 3112
350 10149
8452 10150
4877 2950
1033 8098
9378 1367
1714 1820
10151 9850
10152 10153
1709 4051
3548 2037
1473 10154
10155 91
9853 10156
10157 855
4496 4883
1605 10158
1003 1004
2982 10158
10159 3763
8111 946
10160 5444
4942 7001
257 10161
2363 10162
827 10163
10164 2692
10165 5705
2818 3196
10166 9856
10167 10168
10169 2162
10170 10171
775 10172
8604 6199
1025 10173
1347 1062
9832 3189
3487 9949
9955 10174
10175 10176
9852 10177
1714 7664
4957 826
873 10178
1824 9974
9912 10179
5958 6287
10180 10181
8912 10182
10183 10184
9921 10185
10186 950
3570 3571
3572 3573
10187 10141
9535 10188
9870 433
4942 10189
10190 3197
8620 10191
855 10192
1096 8140
10193 10194
3748 10195
222 2486
810 888
10196 2336
10197 278
10198 10116
755 819
7268 82
10199 819
1428 8155
10112 10065
3741 175
2249 10200
10201 828
10202 4378
10203 10204
10205 82
10206 10207
10208 82
10209 10210
10211 10212
3944 3976
224 6310
6766 9896
10213 819
155 10214
3570 82
10215 9995
5966 9908
2928 9846
2391 8170
10216 643
10217 10218
10219 10220
3189 10221
6320 1722
10222 1144
10223 718
5785 1719
816 8178
1603 2495
990 10224
9938 2170
2636 952
10225 10226
855 4740
647 10227
8182 8183
10228 10229
10230 2495
3357 10009
1296 7237
256 4956
10231 10232
7883 10233
2047 824
4957 1800
10234 3862
10235 10236
861 10237
388 10238
10239 10240
10241 10242
4259 10243
10244 7390
4964 2781
9112 10243
1281 68
10245 10246
52 317
3934 10212
6346 4312
3234 10247
5705 10248
10249 10163
2748 3068
10250 1722
199 8200
10251 974
8203 257
10197 103
10252 433
4399 10253
2401 10254
10255 3293
3425 10256
1114 10257
45 10258
4988 81
10259 9988
3722 7109
10260 10261
9994 819
524 765
2249 10262
410 10263
8516 1603
4404 10264
4806 10265
2420 10015
2558 10266
6367 973
10267 7032
2359 10136
10223 591
10268 10269
10270 9844
5141 2246
1296 2581
10271 9112
10272 10273
6372 691
6373 6374
6318 10274
5009 2029
10217 8004
295 10275
2130 973
10276 10277
10278 10279
10280 10281
237 1924
4511 10282
923 2534
9897 350
7209 4012
6376 6377
10283 9985
10284 10285
10286 10287
9778 317
7998 10288
10289 10254
5027 51
10290 2591
8404 1276
3487 799
19 7924
2274 10275
10291 10292
8224 8225
5854 10293
1015 647
34 10294
1714 9858
7470 10295
10296 30
3985 8030
10297 5827
3570 7268
4368 246
7130 10298
90 6186
8231 8232
10299 10300
5391 32
10301 10302
4368 8236
5144 10215
10303 10232
9921 10304
6411 6094
10305 10306
10157 10103
1718 10307
3429 10308
10309 10310
7429 10242
10311 10312
1714 3793
1835 819
7848 826
9044 2096
3075 3700
10313 10314
9390 10315
1666 8258
155 10316
10317 10318
82 6374
10319 10037
10320 495
6430 6431
295 2274
5945 317
2234 10321
10322 10323
1849 8268
3985 3761
10324 3862
151 7367
2359 1851
2157 278
10325 10210
4392 826
10326 3445
10327 9705
1808 3771
8236 7795
1271 10328
8620 6125
9832 10329
1347 9806
10330 9879
8170 317
6749 10331
10332 10046
7843 8280
10333 10334
10335 10336
3710 9087
10337 10338
855 8899
10339 10340
10341 450
1438 3504
657 10342
1571 616
1378 8290
10000 10343
1089 5769
9977 82
933 8292
10217 9950
3684 1155
8296 8297
10344 4404
10345 3294
2372 51
10333 6556
416 10346
3252 10347
9853 9868
3219 10348
10349 10350
4454 10351
192 2267
10327 10352
8035 8306
9999 10353
416 10354
8634 10355
10356 6132
9879 10357
10358 5317
10083 4480
10359 3761
8309 651
10360 9087
4786 8313
299 10361
4106 1144
3988 3825
10362 10363
1121 1287
7429 10364
10365 9883
10366 10367
10368 9135
10085 1003
4649 369
888 8318
10369 9989
9237 10190
10370 10371
7222 10372
10373 327
10337 10374
4243 9855
6488 5679
7043 82
1467 1069
10375 10376
10015 2950
10306 10377
37 8725
6430 10378
94 8330
344 6524
10221 10329
10379 10380
10381 10382
10383 10384
245 5186
10385 10386
5688 9779
1333 103
3133 10387
10388 10389
6628 6310
10390 1915
4951 4511
6371 10363
935 3770
4404 6299
5263 5332
245 5945
10391 10392
187 3392
10393 10394
10395 9994
302 1321
4955 984
4912 10396
4367 10397
1137 5209
10059 152
10398 10399
9573 8757
9802 9936
2463 10005
4664 902
10400 7828
3049 6524
1714 8348
10401 10285
362 1711
10202 778
2156 10402
10403 105
10122 2781
299 2330
828 10163
10404 10405
10041 10406
5221 5075
10407 2041
959 7970
10378 3995
10408 6885
3748 9925
10409 4218
10410 2506
10411 10412
10413 10414
2029 265
9369 984
5951 10415
10416 10417
10214 651
10418 10419
9798 10420
9259 10357
2249 2344
2558 3218
4792 7703
6330 4104
10421 4556
488 5705
1467 3749
10422 10423
2748 6541
134 587
9237 1609
8098 8370
10118 10424
3725 362
10425 10426
2504 10427
19 5152
3292 4461
44 82
10428 531
10429 10371
1605 10007
10430 6796
10129 10431
10432 10324
7263 10433
10434 10435
5333 952
7985 4817
9896 410
2442 1765
5509 8387
10436 9624
5806 9662
151 6547
10437 10332
10438 10439
10043 10440
3944 3425
1823 2445
7798 130
10441 10442
3292 4520
9627 10275
8297 10443
163 8067
10444 10445
8725 6190
675 3700
9932 10446
2274 1924
6556 1092
1039 10447
10448 10449
10015 7984
9869 70
362 10450
9800 10451
5094 5272
10452 82
10453 9292
811 5491
10454 10455
10456 6705
10457 10458
10459 10460
9916 4505
1129 5244
935 3988
9705 9437
6178 6566
1408 2495
1114 8163
3741 6568
3996 5391
10461 1599
77 149
10233 8786
10462 2461
10463 10364
762 648
10212 8318
10464 10465
1144 1069
10466 10467
4911 8330
5243 9974
2963 10468
199 6575
10469 502
9840 10470
997 158
10471 6495
4951 10282
8279 6723
10411 10472
5551 1347
923 10473
9814 355
10171 10474
10400 6547
10475 9846
10476 9793
10297 10477
1800 8436
9955 10099
10478 470
1151 7360
1924 2305
266 9344
10118 10479
2483 10240
1823 6596
3741 10480
951 10481
176 4218
855 3840
2463 8729
8448 32
10482 4541
636 502
8450 2559
3027 1900
1274 10483
6812 7405
7745 349
10484 10159
10485 10486
215 2503
9933 10446
2876 1375
8821 10487
265 278
10488 3429
8633 10355
8461 6371
3035 10489
4900 9958
10490 1083
10066 10491
2495 8463
65 10492
10493 7143
10014 10494
10495 1407
1034 10496
10488 10308
9869 2738
9985 10027
10497 7056
5186 4602
764 606
8355 10498
10499 2604
9052 10169
888 176
2575 10500
10501 10234
10502 9766
10503 10504
1727 8472
10505 10506
10507 10508
801 2130
9262 10509
6766 2748
8725 7539
10510 10511
1929 5955
10512 10169
8478 1331
7852 10513
150 9801
1824 10514
29 2506
10515 10516
799 3488
6521 5244
6630 6631
5316 819
65 10015
10409 3934
10517 10518
10519 10520
7877 8081
10521 3862
6633 6634
6513 984
10088 10383
10015 176
3107 5369
10072 3112
10098 10174
1383 8539
10522 10523
755 6644
4505 32
192 10524
1039 10525
258 10263
10514 5688
9850 590
4693 10446
10526 10527
10528 2639
10529 6370
52 5209
3351 1682
6330 10530
6547 2733
10531 10532
1074 16
24 10533
10534 10535
3292 10255
9978 6416
1673 5333
10536 952
10209 10325
10537 10434
2363 3696
10538 10203
9945 4966
10539 9206
7340 10342
5243 5688
10540 10483
3115 10541
10542 10543
810 10211
9990 10180
10544 10545
10546 10518
10230 8516
10547 5179
9915 8087
302 10548
3848 1020
10549 10138
10547 855
8118 7937
2391 7155
10550 892
10551 10552
7854 5209
10115 5444
10553 8916
24 471
372 3722
3710 7904
10132 10554
2130 1765
8067 365
10555 992
9262 10556
827 10557
882 4999
10558 10559
3075 6047
3792 10560
8403 913
10561 5921
10562 5375
10563 10564
10477 5827
2691 10565
10514 2246
1425 10566
10567 2950
151 1673
10568 8804
10303 10569
10570 10571
10572 2756
10573 10009
10086 2886
4786 4278
2278 946
10522 10574
9964 10238
4159 8081
10440 893
10529 7155
10575 674
150 2886
10576 10577
3113 763
4806 4556
10578 2326
1209 9879
151 1144
10579 8497
10580 6696
10581 651
10582 3196
3643 984
1818 10583
10584 10585
10502 10586
19 10059
6686 2213
394 8463
8539 8540
6695 6696
10376 10587
10042 10588
10589 10179
10532 10349
10590 10591
1071 3586
8547 8548
4040 10040
1209 10592
10593 6140
6173 3282
7532 10594
1011 10595
10223 10596
1004 1543
10366 10597
115 816
10598 9956
199 10599
5042 10600
9818 10601
3846 6705
1085 10602
5394 256
4173 10603
10604 10120
10605 10606
437 280
10607 10608
10609 10610
19 2825
4378 4911
10058 10611
24 6711
5688 2246
8616 10612
1313 6929
9813 523
10613 10614
10125 10003
10330 10357
10239 3216
10615 10616
6713 82
9535 2824
10617 10618
3946 82
959 8435
636 10619
3710 10620
10621 5075
9017 10622
5237 9925
10005 4040
765 606
10024 10623
7429 10463
10061 10624
10531 10350
501 10625
10626 10627
10148 10628
1074 122
4183 1077
6723 6724
10629 5988
10630 10631
10632 10042
279 10101
7428 10633
4912 570
8309 8734
8503 10634
6729 2534
190 10635
7532 10331
4259 10636
10075 9948
1740 2572
10620 10637
10101 1027
2087 651
9918 10638
9882 9823
2928 10639
828 3964
10640 10641
10642 10643
2274 826
777 10644
4806 10063
10645 1985
7877 3646
10646 3148
215 4593
163 9855
9378 10647
1372 10648
8605 8606
10129 9874
10649 9101
2825 952
10650 5381
3361 6743
10651 5631
2183 10652
10653 10654
10655 8044
1711 1333
10052 5549
8609 2410
8611 657
10546 7748
10656 10657
1375 3814
6330 4900
8539 10658
10659 10660
10661 10662
616 6043
8616 3429
10405 10663
10333 6150
5340 9858
5444 2963
5854 437
1251 6729
10664 7032
4120 8620
2372 7854
10665 9846
2726 10533
6628 8612
9802 9813
42 9914
5557 4501
10666 9810
2337 10667
2843 10668
5453 5075
4823 5838
6832 10669
3705 10670
3113 923
3216 3730
10665 9845
388 8628
1467 8629
10123 10671
805 10672
6667 2818
3229 6115
308 4686
6954 2532
4769 9705
8633 8634
10673 10674
1332 10675
10641 10676
4574 10555
1709 468
882 195
5966 163
8639 304
5316 4481
4250 9573
10677 9268
10241 10364
5141 9974
8023 8649
8561 314
8650 8651
10678 113
10679 30
2825 152
10680 10681
8436 10682
6812 9842
320 824
9662 1915
8183 8975
9521 4966
7594 10172
8665 7021
9898 1735
5546 10683
10684 10685
828 8667
1705 10145
10686 10687
3189 10329
5141 5473
7848 105
224 16
1763 10614
5785 935
810 8318
2801 10688
10689 10690
10636 10243
8452 1303
5238 10439
31 1113
9814 10691
5473 9779
10692 5806
10390 9762
933 3049
762 8671
2116 2044
68 522
1916 2029
2488 10013
5557 5688
10693 3848
10214 10028
872 175
15 6299
10694 8236
7610 4051
8224 10695
8205 4716
5479 215
9388 10470
10696 1292
10519 798
801 5381
10697 10698
10699 7703
151 8056
44 6374
10700 10701
2492 10702
10549 10139
122 6796
10703 2769
3488 946
10704 9501
536 10705
9501 9879
224 6796
10409 8318
344 9206
2344 9886
5966 2344
10706 10707
2255 278
5119 5490
1824 2647
9871 9792
8681 4294
10708 992
10709 1567
2653 2654
10437 4654
10710 10642
9954 10496
9354 10711
10712 10367
10081 4640
10345 9883
199 8550
2927 90
10365 409
10660 10713
9932 10065
3157 265
10521 1655
1718 1719
10714 8729
10715 6132
570 10716
8629 3749
10717 4
31 1092
9900 10718
7658 10719
3869 10720
892 8236
9857 1735
155 10721
1419 10722
9288 1467
3427 517
569 9985
2359 10441
266 103
7984 4218
8650 10487
1498 2022
2833 8540
10723 10724
10725 113
6373 9432
10679 10216
6812 2558
2420 2950
10726 10341
10727 10728
10729 10730
10251 9925
10731 1518
10732 10733
10734 9947
9956 10099
5164 5780
10735 2898
10004 3150
8279 6724
222 4365
10736 6929
344 934
824 10657
8724 8725
2463 4040
9437 10737
5746 2220
10157 10297
9082 10738
246 892
5141 10514
1372 10739
10740 10741
6857 6301
762 2249
6667 10742
2675 1384
9029 10743
2875 10177
5521 3656
4983 10386
10744 10069
3058 492
10344 10745
2503 587
502 10619
3178 10746
6820 384
10460 6606
5027 8028
10747 6681
3884 3049
10748 10749
1137 7986
5141 2647
5528 2029
532 9935
2448 10750
8804 10491
10309 10185
10751 10079
8087 7827
8785 10233
10752 1155
1148 8547
1273 4012
778 4712
10753 7039
10754 10755
8673 10756
10757 9398
7965 8754
10696 1113
3166 893
10304 10310
517 573
246 8756
9394 9692
6430 1113
1778 10513
10221 322
10655 819
3717 10758
826 6606
10128 10759
6588 10760
2183 443
10761 10749
9921 10762
4461 10048
9887 10763
2060 8665
10561 6094
4822 3782
3100 278
7130 10764
10125 3216
9654 3730
10589 10765
3769 886
4650 10766
9801 2344
10541 2037
2290 8497
4786 10767
10768 801
5151 5549
10156 8528
10301 2691
2290 9816
10433 9893
151 7043
10643 10769
10770 710
10642 10771
10038 10772
349 10633
10773 10663
8461 3770
10774 10775
5546 4702
19 4740
10776 10606
762 10777
1824 4501
10778 10779
10780 10017
10781 10782
8785 8786
9976 10514
10641 9798
6318 9914
477 438
10783 5415
5063 10784
7905 9942
952 7924
1347 648
9627 826
3103 1046
10785 9924
10753 9961
10786 10787
2516 7296
10788 10789
3252 1644
10790 7303
9145 10191
10791 10701
10792 5750
10793 816
2648 557
7360 10250
3489 3429
433 8795
5144 1685
4008 3506
6770 7330
10794 3166
9986 3078
10795 10591
10796 10797
10798 10799
10514 9974
5252 10534
10800 9269
10801 6606
10802 10803
9984 10804
811 3078
9996 10142
8612 7296
10805 4797
850 10806
1383 10658
10807 2569
6115 409
10192 10103
10511 10808
10809 3839
9701 4049
10678 10725
9271 9841
10410 29
10810 10811
6872 913
2337 10812
10344 5277
3021 7808
10813 7819
1114 2532
7815 8804
1074 6796
651 10814
10815 10816
9779 5632
10400 4740
10195 974
9946 9521
10817 10012
10327 10708
4399 616
7760 10818
10655 9995
2375 775
3351 1823
5945 5186
4073 3446
10819 9508
4748 8719
10194 10820
2442 2130
10006 1605
256 8811
7469 5348
10322 10821
266 278
4073 6126
10066 7815
34 3488
9869 10822
4912 1069
524 606
10696 10378
2675 10823
438 10824
10825 6580
6885 6634
10408 10826
4670 888
5384 151
488 192
320 4650
433 10630
10517 349
1717 2559
3049 934
1046 2502
10334 1092
2375 10172
10827 7510
648 410
8821 8650
72 648
10828 10829
10830 10045
10783 3049
10191 4817
5316 4294
6150 10132
1047 2393
1492 4634
10831 10832
10833 10834
2482 10835
10836 984
1069 7032
10837 9061
10771 10769
9799 10451
9999 10343
9807 933
10838 4712
10222 1213
10839 9988
3650 10840
6906 1602
886 7975
10395 9995
10841 10842
8832 810
10196 10843
10844 10845
10846 10089
10290 3714
9824 1536
3710 2516
2532 1155
10847 10848
3468 6115
2726 24
10849 9951
10850 2643
10280 4398
6519 10851
10852 10853
2241 3771
576 9309
6126 3473
5473 5243
7633 10851
10854 606
10198 10285
4012 5491
10855 10856
8203 2534
9973 10300
104 468
1526 762
5521 7253
10857 1287
2658 10858
10859 10860
6610 1062
933 344
758 10861
959 1093
7664 10862
10863 10864
5705 10865
19 151
1924 6606
51 52
10866 1367
10048 3216
10867 1438
10868 10541
674 5750
280 5491
8292 4723
10869 10870
8170 587
10871 10872
10816 10873
8861 2093
4122 7021
10874 5238
1089 4664
892 1169
6925 100
1800 3112
10623 10025
10875 298
1333 10876
9863 816
2962 10468
10460 7303
1 10369
151 152
10877 7249
9852 10878
10879 4146
37 6190
10880 10881
265 3453
827 991
3522 10882
10791 10262
10650 801
2495 394
4590 1611
935 8461
9874 10431
10883 7706
10819 3573
10129 10884
1818 3586
10528 10317
2691 8729
4118 4119
3374 10885
10851 10886
10887 10888
10041 10632
10889 10659
10443 9127
10863 10890
5670 1660
1093 8435
10891 8026
9964 10892
6935 5465
1473 3140
10893 952
798 10414
10894 2136
10895 10896
10246 10139
10609 10279
8004 10218
2780 107
10396 4942
3976 10897
10898 10899
10900 2577
10901 10335
5243 2647
5227 4537
5632 4464
6766 6397
10902 10903
5018 722
10865 10904
10905 10590
3115 3548
7268 9977
627 8890
10641 10427
4133 10906
10305 10377
10907 10323
4133 450
10908 10909
10312 10910
8991 5565
10911 10605
10400 2825
6012 4460
5546 4806
5636 3283
29 5119
2060 237
5513 6956
1714 8659
10912 5643
4317 10913
8896 72
10914 10915
387 388
10437 10830
799 10294
10916 10576
9932 10064
7855 10917
3995 1292
10918 9962
9868 10156
10919 1492
4250 2726
10453 657
10920 4008
10921 1890
10905 10795
7532 9877
4748 1072
10365 3294
10922 10287
1295 10923
10924 10516
5363 1716
3133 10925
810 3934
4504 6541
10926 7389
10927 2639
9870 861
9915 9120
10928 3027
10062 8467
8297 8916
9972 10300
8148 1603
2255 9705
437 2393
3792 10929
150 5966
265 10930
3996 32
7877 4159
9982 10931
7585 10932
10344 10264
9976 5632
569 965
7594 10933
10934 10935
9976 5688
10936 1124
2305 10937
195 4999
8804 10067
10938 10939
1133 1090
2021 2757
10940 265
1395 10941
10239 10255
10395 8044
10942 5151
10477 855
9802 222
2941 3447
6822 278
150 2344
2825 6547
6278 7757
3361 10943
10224 10199
10170 10474
1983 1207
2898 8239
5432 536
576 10944
647 433
10945 10394
10946 10020
10947 718
10948 9900
10949 10300
10950 587
651 3120
7389 10951
778 4675
10952 10953
10037 10218
1709 8258
5381 1119
286 965
2354 2824
597 34
10954 647
151 2825
9378 10866
2344 10955
10857 1121
6347 2668
7155 2822
7984 8081
16 6796
10956 10848
362 10957
10142 10958
6988 6898
187 7125
105 3283
10959 9521
10763 8825
9705 10737
30 643
10960 10961
10962 10963
5557 9976
437 151
9944 1711
4173 3792
606 10964
10198 10117
5473 5557
5705 1684
10965 10966
9667 10746
6186 5798
10484 3763
10967 996
569 3342
10968 7807
4460 2410
1342 10969
2340 523
10205 5885
1347 1673
10939 10426
9905 10970
10365 3468
647 9889
9834 10593
10547 10297
10378 1292
1660 10971
7827 731
10437 10046
10051 1719
9878 9259
10199 6644
1714 5340
10345 6115
10972 10337
2286 10973
10309 10304
1276 10974
10116 10285
7389 10975
10976 10923
952 2733
10977 10652
188 10978
9865 10048
10854 10964
10962 9876
1800 10072
7297 1282
10979 10980
9813 10981
4545 495
10982 8306
10547 10477
443 10652
9972 10299
10983 9820
6371 3770
10984 10985
10807 9849
10010 9530
5517 51
155 8734
370 4217
2692 7014
933 4723
2359 5866
10986 10987
5243 2540
1808 952
6520 3749
10468 10273
4194 2042
2060 7021
10988 10273
10441 10049
9145 8620
2798 597
6939 10989
10990 257
2241 1808
3049 8572
9654 3216
10991 10970
10992 10993
2733 10994
4702 4556
10995 10996
10473 10997
10457 10998
2811 8984
10938 10425
3522 7027
1719 4837
816 6299
10634 6416
10999 11000
10096 722
4993 4367
4404 5277
5557 9974
1459 9836
4702 10265
8539 2501
10729 10568
5662 6724
2651 587
11001 4942
7034 16
37 7539
9899 10718
4976 9086
10896 11002
9766 10586
176 4671
10467 10610
10724 10419
9968 6199
192 5195
8056 964
10077 665
189 11003
10495 4124
7040 6230
11004 10084
2278 7191
8681 10213
2393 11005
8309 10316
10022 11006
1321 1062
9793 10273
9936 2340
10100 10669
6903 10298
11007 1723
151 280
11008 11009
11010 10909
3487 10294
1114 9969
3934 8318
10214 8309
3491 6923
1603 10026
3374 10887
11002 10095
5465 7051
933 934
8708 11011
4837 11012
7053 6631
2290 10747
10717 6988
2246 9974
10856 10552
11013 3885
6402 11014
1430 10837
4605 826
11015 10806
7358 9794
9292 10064
10666 9811
10655 10215
11016 6606
5517 5209
10927 10318
7985 8620
10518 7748
11017 3014
11018 9823
7032 1155
10547 10103
8279 750
6003 7032
2669 5747
11019 7391
11020 10063
11021 10065
4773 6568
10725 11022
192 278
1666 11023
10157 5179
4159 3646
2521 9021
11024 11025
9684 11003
9996 10958
1660 6631
11026 1169
6067 11027
10013 11028
299 5988
6723 10066
11029 10338
8724 6190
31 7987
5705 3049
9837 3700
10076 11030
1363 4041
1395 5828
9976 2540
11031 8173
10347 4522
9786 2875
10561 6411
10977 2183
2651 317
10514 2647
4983 8232
11032 11033
4219 2106
11034 7389
6874 8313
10291 11035
9874 10884
10641 10420
11036 317
11037 11038
9029 7051
9871 10273
2087 10814
10730 6724
2483 3216
278 8472
3934 10211
6885 357
5252 10535
6628 2516
1644 11039
569 286
47 10806
6885 10826
9112 10636
4522 11039
9922 10310
8182 8975
10353 10343
9036 8733
933 10919
308 2669
11040 10192
320 5008
8296 10553
8292 4634
11041 9941
9420 10285
1653 11042
10730 8804
942 4045
3647 8081
10918 9963
11043 11044
11045 5245
935 6371
8697 10763
11046 9570
7358 9795
6370 152
10745 4404
11047 6839
7986 51
362 10368
755 5819
11048 11049
9835 1459
122 704
7073 299
10570 11050
9862 3216
1367 9044
10155 10489
10109 11051
2660 450
2962 9793
10409 10212
10823 1384
5238 9846
10977 443
2748 9896
2833 2501
11052 10949
10033 7922
11053 11054
320 10766
1402 3191
2463 3439
10990 10226
1605 3282
10740 11055
7510 11056
9052 2162
775 10933
37 8064
2738 70
7924 10059
15 10745
10734 11030
1727 278
10157 11040
10056 10470
11057 11058
10239 2483
3643 4012
10617 5046
222 2037
3468 409
8681 4481
2990 6644
2822 587
10501 3450
9667 10930
5243 2246
1430 9061
11059 10054
5981 6777
1144 570
674 1333
10457 6947
215 82
7633 10886
10233 11060
5473 4501
10056 9841
10907 10821
6310 122
5528 11061
1148 824
11062 11063
3219 8309
16 6310
10325 11064
3342 3078
7040 6847
10476 2963
11065 10759
9975 10266
9077 3429
3252 8291
11066 11038
65 192
5688 9974
11067 4474
10520 10414
11068 10957
11069 7848
344 10539
10892 10238
1585 11070
687 7090
6370 8170
11071 30
5966 9801
10700 11072
11073 9787
2008 7222
9082 28
5141 5688
1127 604
6038 9827
10799 11074
3869 11075
10829 11076
755 10224
5119 11077
7795 9420
7968 3252
3061 10952
888 4218
5453 11078
5039 3797
1069 570
11079 11080
7099 966
3725 278
362 9135
11081 3571
11082 9806
2255 9437
9937 8341
15 5833
11083 7904
10844 11084
11085 3191
3429 10664
8111 3488
9938 280
1378 11086
4133 11087
11088 6341
1526 10777
8019 8231
10609 10466
9956 10174
569 9986
4250 24
11089 10956
3522 10709
11090 1459
11091 3528
10112 10064
11092 10667
11093 11094
372 7109
163 657
10345 11095
10084 4480
10813 11096
5094 7027
2482 11097
5763 191
5999 5301
9112 867
10224 819
11066 11098
10262 10200
2691 11099
5409 3014
11100 10023
1775 10113
2344 2886
10365 10345
11101 657
11102 8355
824 10656
11103 9818
5819 7917
9118 34
9002 8217
5966 1129
6630 7053
764 10854
10572 11104
8794 8204
10166 10158
7664 11105
7819 130
37 6667
5473 2540
216 10893
3944 10256
2682 2669
6575 10599
9981 10931
2577 2795
3292 4618
11106 2249
10094 10895
11107 573
5221 10621
8296 9127
6191 11108
923 5807
218 433
10025 3862
10278 10609
9130 4883
816 3216
1741 471
11109 11110
10217 10037
10530 984
2278 11111
4422 11112
3487 8111
10746 3453
344 3049
6191 314
151 11005
8729 3014
4877 10567
10233 9159
10400 952
3573 11113
10982 8035
6 10562
11114 7310
1666 11115
10470 9841
9832 11085
11116 819
237 2305
8906 4327
10172 10933
5833 10380
11117 1034
10311 10910
218 10630
10114 5444
5894 9390
759 10539
7143 7144
1983 11118
3748 5237
11119 10419
222 523
10866 10647
8077 1342
10400 82
10400 10059
10515 11120
34 9809
2326 11121
155 3035
11122 134
11123 10996
11124 1682
10195 973
11125 10185
11126 11127
10008 9344
5819 6644
11024 11128
10635 2052
11129 10933
11130 11131
10244 7391
10683 4556
9139 9048
9142 691
11132 3777
3439 1244
11133 1367
11134 4317
10230 10026
6770 82
5409 8729
952 573
6634 357
163 6186
2255 10708
6038 10593
11034 10951
10162 3696
11135 10756
9972 10949
30 10216
10157 10192
11136 2781
10361 5682
11137 888
68 2417
11133 9044
65 10494
10344 6299
10344 15
8821 11138
10471 10312
5763 11139
11055 10741
7973 11140
1137 5517
2372 52
11141 10827
10721 3120
10179 10765
5819 2990
65 5195
11142 9176
10418 10724
10468 9793
10732 11143
412 10221
11144 10797
4912 1144
1467 712
3035 10316
11145 10255
10778 11146
10963 9876
10375 10587
7167 750
6888 10105
10525 10447
10649 11147
9780 2476
8148 2495
7883 9159
10239 816
7985 10529
10192 5179
7985 4120
9831 4999
10143 10601
1714 11105
11148 11149
4461 4712
11025 11128
6150 10334
933 976
10802 11150
11151 3957
5067 4671
10222 7811
8281 1367
11152 3196
10106 10716
10119 10424
8061 10359
1684 3049
11065 10127
191 5619
9985 3078
9717 11153
10690 10548
10151 11154
3133 4289
10215 8044
9792 10272
11155 371
10988 5444
266 11156
9870 2738
222 4481
5258 2782
8297 10553
1378 11157
9366 1492
11137 4218
2420 8318
10194 11158
362 9502
4294 4295
4874 3793
2359 10442
11159 8232
11090 9835
965 3078
412 9184
308 1939
11160 6094
10771 10643
2246 2647
627 11161
9142 9187
4988 9989
2591 3714
10623 3862
1209 10357
10187 11162
10347 8291
11163 1165
477 11164
4137 10548
9473 10161
4942 573
9570 826
10793 15
11165 11166
10066 9957
10720 11075
11167 4817
11168 11169
10644 6898
11170 11171
1402 11172
5705 1852
8297 7267
8620 4073
1322 10040
11173 943
10036 10788
11174 4163
1705 9184
888 4671
10354 10346
2962 2963
11175 3729
11176 10416
4481 819
9792 10273
8665 4122
801 1441
10747 9816
10774 11177
10721 11178
9934 11179
10333 10554
11180 11181
3374 9200
11126 4081
10842 11182
308 1446
8010 16
8028 2372
7807 10758
163 4243
163 5798
6839 11183
2268 923
9838 9623
10647 1367
10882 7027
1047 674
9859 11184
2008 10372
222 9206
2211 62
1375 2044
2486 10981
7848 4392
10730 10067
11185 10753
5662 750
349 7748
7191 946
10796 11144
2478 913
3453 10930
4693 10065
1575 1183
11186 9979
3150 1602
4259 867
5031 1473
11112 4423
11187 9819
6438 8290
10348 10814
3229 11095
5805 1761
10477 10192
10608 5849
4384 433
524 764
759 2142
8404 11188
9323 317
11189 317
24 10876
15 10264
11190 10633
11191 5833
9926 11192
10332 4654
5958 5983
10524 10494
4670 176
10327 992
1705 412
10867 10450
11193 11194
3374 10888
11195 10653
10788 1904
2060 6606
10408 357
9785 349
11196 740
11197 10566
2604 2950
10578 11121
2305 6606
2748 72
798 10520
4890 826
8056 11198
9955 10098
951 11199
2927 9789
11200 9406
10684 604
6822 362
279 1402
10757 9828
10729 10067
10530 3214
1071 9235
8991 9847
5473 2246
1347 5833
4702 10683
4159 11201
11202 7144
1719 11012
574 1155
10726 450
6150 10554
1336 9176
7836 11203
10730 10491
4902 4999
10015 10524
6673 32
3472 8162
827 447
11204 10182
10779 11205
1824 4464
10089 10383
10441 10050
762 2344
2532 7032
10929 1139
3331 6479
2591 2978
11206 4942
278 5505
1213 1144
2669 8909
718 1900
10536 1304
11207 10312
16 11208
11209 495
1660 11210
5845 10135
10954 9889
10577 8733
10830 10332
191 9923
116 9969
11211 11055
1800 7148
3027 7222
6547 952
1467 570
2982 1605
11065 10128
11212 10252
9818 2857
755 10199
156 4045
2558 3396
11213 10556
10107 1113
1673 1062
10554 6556
10165 1852
1209 9259
2614 7237
9887 8825
3570 4474
938 3610
5681 11214
10916 8733
10900 11215
9802 2340
11132 7706
5966 10086
11216 10186
10717 777
11119 11217
8620 3473
10878 10177
10077 1243
8785 11060
3049 5415
10030 11218
3189 279
8036 771
7241 6431
265 10746
9949 799
10150 1303
11219 11220
11221 11222
517 116
10199 2990
10830 4654
7815 9957
6766 410
3782 11223
3710 6310
11040 5179
2375 11224
9269 7032
11100 11006
9271 9272
11190 349
10791 10200
11083 7296
6495 10312
10574 10523
2632 11225
10132 6556
2692 6445
10290 2978
10275 826
11226 10175
11227 10185
11228 11164
1367 573
3303 280
8028 5209
10281 4398
388 1722
11229 10773
8794 11230
6012 2410
10208 4474
6964 984
134 82
5144 2898
11231 648
1673 10592
10016 10780
11232 10731
9276 2393
8649 9278
7819 7798
11111 11233
7155 1255
11234 2087
1089 1716
11235 11236
1666 9220
65 116
11237 8791
3472 371
9917 1342
412 10329
9790 11238
990 819
3862 8312
4912 4942
10446 10064
5263 826
11239 11061
11240 9537
5363 1363
4650 5008
796 6132
216 4093
6130 9432
10877 778
3392 1169
1169 7125
4890 4392
7051 10743
3357 10573
1322 1244
10303 10231
5835 475
1833 10146
11241 7562
9993 3368
2798 3729
151 1367
755 7917
11242 7630
11186 6416
10230 8089
11243 11244
10950 8170
1121 11245
1148 10657
10777 2344
11246 492
759 10861
1347 2898
11247 11248
10914 1085
1151 573
3425 3976
11116 8681
5316 4295
11170 10402
10954 1015
10861 2142
362 1333
3846 10456
9664 11249
2825 2733
440 731
3189 3191
11250 11251
6673 8448
11252 11253
657 9292
2748 410
31 10107
9860 10104
2963 10273
10841 11182
5912 11254
82 3021
11255 9271
10531 10349
3717 3838
11213 9262
1594 616
2060 1924
9784 10980
2037 9843
5546 10421
9833 9986
11256 11248
10143 2857
187 1169
3444 3862
11257 11258
8355 964
9873 10431
935 10362
10942 5549
1114 712
764 10964
10066 8804
532 158
11259 11260
3292 10838
8170 2822
10616 11261
2156 2611
4792 10699
11262 10939
888 2950
11263 1775
11264 740
10836 4955
151 893
5363 4664
3846 151
11265 3957
11082 1685
5833 1321
11266 11267
5144 8044
9120 731
8606 11268
10415 11269
10165 10904
11270 6743
11216 2916
992 790
801 11271
1735 8170
7428 11190
11228 438
11272 9908
984 4900
2876 2044
9870 11273
5272 7027
9130 11274
10589 9912
11211 10740
10647 116
10057 11275
10443 8916
11276 10649
10018 1594
11277 2808
11217 10419
11278 9044
11264 11279
984 3447
11280 3
9292 11281
11282 10803
10866 116
4384 8795
82 10146
1800 10682
8561 11108
10901 11283
10891 9624
4060 7902
11175 6707
9159 11060
3953 11284
4295 819
91 10489
5119 7965
5253 3178
3427 116
2274 6606
5850 634
704 11285
11286 11287
4505 8448
10042 10406
11273 10252
29 11077
11288 11289
9363 11161
11290 4173
9796 10053
10792 674
8004 10037
11275 10611
11291 11292
2372 5209
11293 11294
9897 10149
10029 10931
4073 3473
10211 8318
1347 5610
11295 11296
11297 11008
1383 6832
1717 9326
11298 1637
11270 11299
9388 11255
2941 8130
9974 2540
11300 11301
11104 2756
11302 11303
10404 10663
10241 7429
1714 4193
9786 349
4942 570
10681 522
9831 10091
7073 10629
8292 1492
7291 6153
1498 973
2577 11215
9484 11304
6127 4417
4272 9139
9788 8890
10581 652
8019 10386
6547 10059
9130 4496
7297 10804
9269 11305
1719 6826
6278 317
10522 9599
10488 826
2907 9184
4593 5152
3292 778
1851 5866
796 7426
5894 10315
1528 11306
11225 9864
10792 627
11307 10458
4957 10682
9882 11018
4957 4392
11308 11309
888 7984
10650 11271
9999 11310
10844 11311
11090 9836
11312 11313
10048 816
2042 10565
11272 9909
9388 9840
10555 790
4957 9104
4810 4718
1916 265
9118 8111
10066 10568
11314 10525
8955 825
1046 3141
10877 4378
11037 11066
1033 8370
11315 9810
8548 7056
11062 11316
10726 11087
11317 11318
2420 10409
9704 4769
10086 9908
1824 5473
10655 9994
11307 10457
7303 6606
11317 11319
4294 819
10231 10639
4059 62
224 10430
5222 2907
597 6707
5056 1367
5225 11320
2354 10188
10568 9957
9976 9779
5056 9044
11321 4392
5253 9667
10396 1144
3392 7125
10648 10739
11322 1369
6266 11323
1904 491
192 10494
176 3646
1089 3112
1531 11324
4056 7109
10762 10185
10828 11076
9976 4464
6125 3473
848 3075
7360 1378
1342 9329
4712 4520
103 11156
3708 913
3710 10360
9086 11325
10838 10048
11326 10370
6191 5939
3027 718
775 11129
3570 11081
11327 10044
7798 11096
10034 11328
3884 10783
7758 3781
7148 11329
1139 10560
10240 816
8236 9420
11131 11330
1068 10492
10421 10683
5046 10618
187 10999
9351 2436
10983 9821
10217 10319
8318 4218
3779 1144
7310 28
10629 2330
10245 10139
774 10664
10906 450
11331 11332
1571 4399
10636 867
765 10964
11333 11294
11334 3586
4453 6153
10573 557
921 8881
10488 4848
9817 9044
3862 11335
2575 11336
11337 6929
778 11338
10607 5849
11339 11302
10307 7767
10032 9906
495 11340
9852 2875
4378 778
299 5682
11014 7836
9865 3730
11116 1835
11341 10543
5966 9886
2825 10059
888 2476
10908 11010
10343 11310
4890 105
10680 11342
10089 10384
11019 218
1714 4874
4104 984
10856 10551
11254 5033
9237 1325
9866 4040
15 5277
216 952
488 1684
11205 11146
11082 2898
1467 1144
7815 10568
9976 2246
5243 4464
828 2599
10911 10606
2042 2691
11040 10103
4464 2540
6954 1114
9363 8890
222 2340
11087 450
6766 3068
1924 826
7758 3154
11343 10134
6826 11012
6707 11344
7360 9692
7064 1808
3009 946
6371 3463
11345 11346
4848 826
10251 5237
5911 9623
10850 11219
1492 4723
11347 8370
2278 11233
5632 2647
6166 1114
1213 10652
7985 6370
176 11201
826 2305
437 984
10676 10427
9366 933
7367 1144
10075 9947
10999 8679
6191 4983
9865 3216
11348 11349
3331 6209
10597 10367
1467 6520
1209 10704
8804 9957
11350 11351
11186 8503
9974 11153
7757 3684
10135 10113
11086 11157
11352 10189
1074 6310
4605 5332
4453 7291
4 777
7143 11353
10278 10467
11354 11355
8118 7936
934 6524
8296 10443
9366 8292
11356 10229
6397 410
2249 10955
10470 9271
7603 2948
5453 5076
11357 3749
24 1741
11130 11330
7175 265
105 826
1526 10955
4640 4518
11358 2561
11234 10814
4859 3094
952 4740
11359 2375
2795 11215
3035 91
9127 8916
4725 4837
10005 9866
11360 11361
6667 410
10268 11362
861 433
7910 4912
10259 2920
11363 10563
5144 1347
11364 2029
9892 10702
799 946
82 7828
15 816
10819 3572
11365 9851
11040 5827
4378 7249
2255 992
11001 11352
1804 6939
11366 10542
2738 433
10133 11367
7351 279
7352 6566
10772 10039
1281 4481
4988 10369
8832 888
4241 8258
9933 4693
5951 317
11253 9846
648 11368
9878 10330
10582 8064
11369 5
11370 11143
7040 6229
299 10629
349 10518
1137 5060
4883 11274
9878 10357
10655 10395
10807 10781
11371 495
10960 11372
5332 826
1833 7808
2981 9266
9812 913
10665 10475
10868 2037
11086 11373
11348 11374
10940 11375
27 28
11376 8975
6438 9394
4283 3770
10604 10121
6287 5983
10745 5277
11093 11377
11378 10246
11036 587
9797 10053
11379 6520
11158 10820
9854 4243
5769 5001
9904 10991
10365 3229
8516 8089
10704 10330
19 952
1714 1935
1849 11200
9974 9779
3068 410
11380 9789
6371 4283
10597 11381
11311 11084
11382 892
2211 279
10364 10242
11383 9943
9288 3749
11356 10228
11384 9868
855 5827
2733 152
3555 11151
149 78
10832 11385
4573 3368
11386 4605
5864 10121
6320 7360
11112 5129
11262 10938
9783 5143
801 1765
11387 11388
7249 4911
9974 2647
11389 11390
7209 11136
5119 2506
8292 10919
5138 11391
4806 4702
10146 7828
9812 3218
11392 28
11393 536
5610 8565
10098 9956
9402 188
4798 11394
11379 11357
155 3120
10031 11218
4693 11021
7130 6903
11395 11396
10179 11011
4982 9620
9036 11397
1849 9406
11103 10601
2983 942
82 4474
11185 9961
10800 11305
11103 3531
9782 11398
222 9813
10490 11399
5391 9407
1047 151
1727 475
10059 4740
3009 9809
7952 11400
9944 11401
1322 9866
9477 11402
2042 11099
11403 10434
11404 5681
11405 11406
10212 4218
10324 7971
11407 11358
11212 433
1833 82
992 10737
8785 9159
9997 10958
6749 10594
5981 7033
388 9965
11408 10619
11160 6411
6448 9135
11031 11409
10919 4723
10094 11002
6521 1129
1322 4040
10742 410
10038 11410
11137 2950
4106 3725
11085 1027
9296 9422
5688 4464
10111 7204
3027 591
11411 11412
11413 8547
2060 11016
258 410
11219 2643
9949 3488
5546 10265
151 5333
488 3049
10687 5807
2502 4138
8300 10048
4931 8733
10319 8004
2463 1923
1711 11401
4976 72
11366 11341
488 384
5551 8565
222 68
6954 1467
10965 7760
10519 10414
222 9843
150 2142
10528 11414
2691 10302
65 10014
934 976
659 4545
11415 11306
827 11416
1994 11417
6822 10368
5253 11375
2581 1808
1313 1243
1407 4124
8481 11418
11419 1727
5632 2540
524 10964
2733 4740
11420 10505
1363 1716
9137 3084
11192 9927
10462 6367
11052 10300
5363 902
11421 105
1449 5644
5688 2540
9796 10054
11422 4520
7924 4740
1209 11423
597 1304
10244 218
569 811
933 1492
11229 11424
268 11425
258 10742
2581 952
10351 7291
11426 10875
8026 2220
11427 11306
10480 3332
362 103
11228 477
11145 10239
2990 819
7390 7391
10744 10068
10729 9957
11428 710
11429 2268
816 3730
10940 6134
7511 9777
8832 8318
11430 8912
11071 10692
1347 11082
11185 7039
6130 6374
1046 4138
2538 11431
8708 10179
3219 10814
9973 11052
3292 3293
9269 10664
5688 5632
9885 11077
11379 3749
11429 923
2488 11028
5557 2647
3178 10930
4106 10257
11432 11433
5473 9976
11372 10961
3769 10752
5144 9806
65 10524
9145 4817
10615 11261
10446 10065
11415 1528
7351 3141
151 10108
6266 188
4073 9774
9388 10056
6724 10067
1281 2417
11434 10038
1047 1333
11435 2916
5557 4464
9437 992
9378 4942
10193 10820
11307 10998
6411 5921
5688 4501
9627 2274
6847 6229
222 10541
8028 52
1213 7811
5253 10940
10413 10519
4709 9387
10127 10759
617 4686
9908 9886
5237 974
1585 11436
1322 3439
11427 11437
10528 10927
9424 11240
11438 11439
151 9276
1820 3793
10166 2982
10547 5827
289 11197
103 9344
10686 923
222 11401
10916 10577
3359 10646
1347 10735
1 9989
155 10028
1089 4041
1347 1685
11029 10374
10332 10045
5705 10904
4654 10046
10819 11113
72 410
8886 11440
11441 11381
10915 1085
10413 798
9959 11442
2290 11443
4577 8667
10991 9905
11444 11445
8616 9077
3392 28
4618 10048
5819 819
10098 10598
11085 10101
11446 7255
827 8084
758 759
2060 826
10076 11447
10734 9948
764 765
11352 4942
4035 2818
10924 11120
4250 10533
10240 3216
10738 3493
2636 468
9269 3429
2983 4045
923 9992
11448 573
4902 9831
9957 10491
34 7191
8708 10765
7428 349
11235 11449
8821 8651
11345 10576
3936 2690
590 7429
9946 7204
7391 218
1852 10904
11441 10367
11450 7972
2274 11016
11106 10777
10768 5381
11451 11452
10874 10438
10201 2364
1673 8716
11111 317
4496 11274
11259 11453
11454 583
634 11400
9995 819
10459 10790
4060 11455
47 11015
647 8795
9985 9833
1367 2096
11342 1270
11271 5381
130 11096
8540 2501
11430 10182
10348 651
10073 6694
3463 10362
10493 11353
4233 6078
4718 6923
2060 2274
7155 8170
3112 11329
10345 409
10650 10768
11407 2561
11456 11457
11458 11459
10638 9919
9921 10310
10462 973
3292 4712
122 11285
11006 10023
237 11460
569 3078
1548 11294
9815 355
6547 7924
10780 11461
10223 3027
4773 10480
5444 9930
9918 1242
11034 10926
9438 4649
675 3745
4978 11462
11063 11316
11463 11464
10712 11381
5473 4464
7532 11465
8503 9979
11379 1467
11262 10425
7882 763
9705 10352
11466 11467
9802 10981
10795 10590
9473 257
4073 6125
11468 11469
756 11470
11471 11472
9779 4464
1151 6472
2359 10049
3884 5415
10568 6724
28 3493
9259 9879
4159 7984
7975 10752
5186 317
10092 11473
11474 7255
991 952
886 10752
11475 11178
11160 5921
9871 2963
10680 522
9137 156
155 2876
11100 10935
8912 11204
10211 4218
8084 952
2170 280
9832 3191
3093 11476
8056 10108
8087 731
5705 2611
10788 491
3225 11477
4931 11478
11241 5441
11038 11098
1571 10253
1129 5798
801 6370
10883 3777
1824 5632
924 11479
302 762
7358 11480
10772 11410
9137 4045
11280 10624
5056 2096
7917 819
388 10892
4806 4675
10768 11271
590 11154
10780 11481
990 755
11037 11098
10292 11035
9775 9243
2660 10906
6953 966
9786 9852
9104 826
7907 11482
1213 443
3934 888
10168 3318
10847 11089
10375 11483
72 11325
3572 11113
11417 2504
8354 11213
9832 279
5466 3506
10701 11072
11484 11226
11295 11485
759 222
10751 10078
187 8679
9928 991
2927 11380
11016 826
9220 11023
5243 10514
5688 2647
151 3021
805 11486
10521 11335
10612 3429
9667 3178
7457 192
5444 10273
11404 11214
4284 151
2255 10327
976 11401
11487 9017
11328 10035
647 4384
11486 10672
4194 2463
4810 3491
517 30
10108 964
2376 10690
11488 10124
10086 9886
521 10295
433 70
11136 1273
11067 82
2094 10755
3373 9839
11489 7144
2255 362
7296 11490
11491 11492
5027 5209
10333 10132
648 2898
11232 1518
10111 4966
3189 11085
10294 946
1383 10100
10853 11493
9913 3714
569 9833
215 134
5253 6134
11494 10770
5918 2286
6723 750
11085 11172
11089 10848
5966 2886
9933 11021
34 8111
3936 9344
10692 9662
8649 8387
9812 3396
10166 1605
11045 7154
8019 8232
9762 9888
698 1985
904 9546
4977 4978
3035 8734
7262 4798
11495 9881
10225 257
1587 9101
11496 11313
9118 3488
6178 7352
10266 4370
9912 10765
11497 10800
10686 9992
10390 9888
2552 11498
9866 10040
11216 950
7843 395
6673 4505
1242 9919
10239 3293
10968 10758
7843 1124
8148 8089
8291 11039
828 4577
10409 888
3641 3093
7470 521
6820 3178
10337 11029
10202 11338
11107 116
3646 3647
10421 10265
9737 10548
447 11416
10642 11499
1114 1144
872 4964
1213 1915
2766 3700
10081 1072
636 11408
3487 9118
4119 11500
10510 10808
8689 3252
11501 9910
10438 5238
10189 1069
10916 11345
151 10893
11502 9960
11367 9420
10187 10140
10712 10597
134 2503
265 3178
10700 2249
9803 4365
11503 10538
10941 5828
6953 7099
11504 10622
8021 32
3664 3665
4133 10341
2928 10303
5042 5043
10459 6606
1148 10656
10558 11505
11506 387
3463 10363
11507 652
10766 5008
1820 1660
6630 1660
11341 10542
11297 11508
52 5060
9920 413
11503 10204
1209 9501
11509 11510
6448 278
10488 4500
9624 8026
10052 5151
8268 9406
1375 11511
10297 855
103 9502
6822 9135
5473 10514
7808 7828
4670 5067
6472 3427
10563 11512
1033 1200
11286 11513
11154 5489
5141 2540
1935 3793
151 10994
10102 7148
2335 3696
10822 70
5075 5076
9505 5067
523 10981
2962 10272
10789 491
3643 4955
763 10473
10537 11403
888 9505
11373 11157
4634 4723
4869 10626
11125 11227
10307 1719
11514 938
11229 10663
762 1321
10942 10052
11051 10110
8561 5939
7237 2581
8118 11515
9939 280
3572 9508
11516 2296
10015 192
828 2364
2278 10415
10852 11493
4241 1666
3548 9843
1800 11329
10137 7795
10051 5785
9857 1255
2581 3771
10224 6644
11419 5313
6320 10250
11517 9953
6628 7296
10896 10095
10576 8733
10436 8026
5027 1137
1209 8716
9994 8044
1114 3725
11518 3717
11519 11520
2636 11521
187 11000
4869 10627
6318 42
9010 11389
10023 11522
11381 10367
1304 952
8539 2833
1655 3862
2748 11523
6547 152
1705 1804
11487 10622
8625 72
11442 9960
659 11340
11150 10803
11524 11525
2486 2340
3075 3745
3318 3862
9780 9505
4035 9344
11526 11527
11022 113
9970 11488
10726 10906
5973 10812
362 278
1824 5141
8620 6126
11085 1402
5144 819
11528 657
2249 10777
1190 10183
11529 10827
4574 992
5150 5151
888 10212
382 698
990 6644
9990 10181
10922 10286
4964 11530
9758 643
11531 10276
10594 10331
997 9935
2558 9842
8281 3913
11019 10244
10588 10406
10462 1498
1823 1682
5952 52
9508 3573
616 10253
94 4911
10024 3862
11532 11533
2504 10420
10283 3078
647 892
3913 6228
8671 11368
11534 11510
855 5179
1105 2690
9521 7204
4633 10608
7396 11535
11536 10840
4725 1719
3218 8403
10180 9991
5557 2246
9850 5489
151 7828
9863 3216
10868 9843
2648 1808
37 10582
1383 11537
11538 468
150 9908
7426 6132
10640 10676
11430 11539
6430 7241
2274 2305
2008 3027
9705 992
10099 10174
11114 3392
151 952
11260 11453
11540 4400
10577 11346
1673 952
532 997
5509 9278
11372 6606
9871 10468
11103 10143
11541 11509
105 4392
11542 9044
7209 2781
9886 2886
7905 9737
990 5819
10365 6115
155 2044
1313 10077
11164 438
942 2417
5837 9529
10514 5632
3140 10154
11543 10079
3154 3781
9627 11016
9407 32
440 9120
9118 9949
4040 1244
10366 11441
51 5209
11544 11545
4272 9048
11546 11547
134 8312
19 152
10694 8756
11109 1552
9786 10878
11483 10376
9438 369
11548 11549
11256 11247
8341 11550
11334 1071
5164 122
222 1711
2569 10781
1169 7510
11551 4647
2840 11552
1127 10685
10615 11553
5141 9976
10877 11338
984 9958
9171 4390
10728 11554
362 7064
10866 573
10895 11002
5253 265
10409 10211
10645 698
2963 10272
10123 9890
6628 11490
3439 9866
10906 11087
11555 16
3266 103
10385 4983
11392 3392
11041 9940
10785 740
1114 7811
10210 11064
11273 861
11430 11204
11106 10955
5265 5266
5119 9885
755 2990
4060 8400
9936 10981
9977 11081
10905 10591
289 10566
8087 9120
11132 10883
11556 6606
2682 8909
10167 3318
9988 11557
9916 32
10284 10401
7924 152
1255 152
11558 10986
10687 923
10943 6743
11481 11461
4365 2340
11496 11312
9912 11011
923 763
3157 892
10764 6903
10442 10136
11540 11327
11497 9269
9783 10980
10418 10723
9922 10762
8044 9995
9424 9537
7810 1915
10871 134
10959 9946
3976 2179
7936 11515
9010 7926
11117 10496
9904 10970
11470 757
3779 7811
1402 1027
674 627
9945 9521
10926 10951
5027 7854
11559 11054
2743 1034
11213 10509
10692 30
2463 10565
11107 9969
8625 9086
1395 3445
11415 11437
7511 6839
5141 5557
7526 5152
7917 6644
11560 11561
9243 9776
8064 3196
1 4988
2983 7782
5557 10514
65 1068
9378 11448
6713 10205
10686 5807
1824 11562
3178 384
11563 11564
5144 9994
5479 82
10317 11414
163 11101
2106 10087
9832 10221
488 2267
11565 11165
9800 11566
8886 10951
10532 10350
7528 7529
10815 10873
11567 5364
10333 1092
2136 3862
1727 5313
11017 1025
6905 11568
10309 9921
4573 9254
10348 11234
10160 10115
1336 11142
1994 2504
10400 2733
8061 8030
10157 10477
1474 590
11569 362
11540 10044
9802 4365
5031 10154
11393 5432
10005 10040
10574 9599
3570 10208
11570 196
2255 10352
4936 8261
2483 816
1096 11571
9834 9827
8019 4983
10700 10200
9546 1537
1408 8463
11321 105
11572 7630
257 2757
6347 349
11209 11340
657 7340
6633 357
4193 9858
10265 10683
4806 7836
11122 8312
11293 11333
10022 11100
1129 365
10723 10419
4 6988
10316 8734
10553 9127
10695 8225
10076 10734
2093 974
810 2950
11573 7056
933 6524
10366 11381
10385 8232
5833 1673
11574 5063
1276 7409
1089 884
11359 11224
4633 10607
11473 10093
6166 712
2857 10601
11569 103
10512 9052
10523 9599
2636 10171
10404 10773
10299 11052
11059 9796
2869 11439
7905 10548
308 674
2989 4647
7910 1144
2962 10476
222 9936
115 8178
2916 10186
11575 4634
257 2534
10283 10027
11162 10140
9243 11576
1808 9620
10352 9437
1833 151
11577 10153
10665 5238
11578 2401
10251 3748
2869 11438
10265 4556
11242 11572
7917 2990
10027 9833
11579 8232
1824 2540
4365 9936
933 11580
3561 11581
9853 11384
2420 10211
11582 665
4993 10397
10224 2990
6371 10362
176 5067
437 4012
11367 10134
6127 1128
10787 10382
4501 5914
10550 647
216 151
1047 8021
10901 10336
10190 1325
10704 9879
11534 11509
778 4911
10640 9798
9991 10181
5473 2647
11017 5409
11583 10416
11584 710
2042 3853
774 3429
412 3189
4902 882
9501 10330
935 10363
8554 1083
11176 11583
10400 152
9225 6674
4284 11198
8291 1644
9777 11183
11036 2651
7985 10191
11575 1492
3205 6694
2336 10843
1923 10565
2375 10933
5243 5632
6667 9344
2766 3745
2561 2562
4400 11327
11231 72
10537 10435
302 9942
10408 6634
10395 819
657 1321
8355 7955
10131 11480
6126 9774
10596 591
11585 10435
10721 11475
11148 11586
4104 9958
11487 11504
11449 11236
176 7984
11233 5951
10911 10776
11034 8886
11587 11588
4902 195
2130 3748
1685 2898
289 1425
6634 10826
10541 3548
10651 10006
3396 913
10476 10272
1673 10607
6935 8733
11555 8010
10348 8309
10477 5179
9959 11502
10434 11585
10786 10381
11589 11385
10576 11346
10451 11566
10730 10568
42 10274
9803 2340
9572 9093
295 826
10553 10443
10537 11585
478 2636
11216 11435
11590 10559
279 1027
2962 10273
2726 9573
9573 10533
11263 10113
7985 9145
5636 105
11536 3650
10946 10021
824 5999
6520 11357
5141 4464
9870 10822
11591 10733
11485 11296
10771 11499
82 3571
7204 4966
11447 9947
10556 10509
1833 1808
3570 11067
2962 9871
884 3112
222 9803
1071 9155
7968 4522
8671 648
8436 10072
9388 9841
410 11325
10845 11592
2461 973
3793 7901
37 3196
11376 8182
5911 9839
627 5750
10592 8716
82 7808
8281 9044
10112 10446
10554 10334
11030 9948
6278 4631
9776 11576
11562 2540
9832 322
11573 10497
10782 9849
11495 9880
9254 3368
1682 6596
10090 1190
1735 152
286 3078
37 9344
8067 6186
10303 10639
10476 9792
11164 10824
4702 10421
10849 3894
10972 10338
5557 9779
2060 2305
9259 10330
904 1537
9580 2436
10126 9941
155 11178
1276 413
11474 11446
11047 7511
9949 10294
824 8548
1046 7351
15 1673
11040 10547
349 10177
1824 2246
8296 8916
2478 3708
237 6606
9785 10177
1114 11593
2614 687
10320 11371
9351 9580
10857 11245
11594 11332
10130 3730
1378 6438
570 7032
9946 4966
10352 10708
10967 11595
10704 10357
5806 1915
9803 523
8279 5662
2047 320
2691 556
9798 10427
10456 151
10584 11411
11407 2562
11596 11597
873 1321
5464 5465
11464 11598
8163 7811
1114 1213
6521 365
5912 5033
10398 11599
7910 4942
10830 10046
11579 11159
648 10735
3178 3453
11135 8673
2246 9779
8148 8516
10616 11553
9802 523
1467 2532
9977 3571
3985 10359
4259 9112
11345 10577
5836 9529
1047 32
9953 1331
9795 11480
11170 2156
10514 4464
10596 3027
151 4740
11600 10336
2241 2581
8611 7779
11412 10585
4481 68
3294 409
7130 11601
5179 5827
302 4137
5466 10920
10409 810
11337 11602
10335 11283
11427 11415
10070 11603
3446 4817
1378 388
10290 9913
2962 9792
11604 10336
10977 1213
9402 7310
11605 692
10368 278
3522 2907
8354 9262
7360 1722
11426 11606
10200 11072
11607 11608
11199 10481
2928 11253
10807 10782
3140 11609
8204 11230
9779 2647
11050 10571
7622 11179
6278 1155
9975 2558
10468 10272
10971 11210
3303 5491
2738 10822
151 964
10639 10232
2442 801
11134 11610
3150 6906
11047 9777
6373 44
1114 573
4500 3429
1003 1543
10924 10515
11387 11611
11155 11612
11613 10784
6310 6796
10868 3548
10676 2504
8354 10556
3294 6115
2476 5067
5384 4740
893 2790
10554 1092
362 5505
9974 4464
7782 4045
7581 3224
9782 2811
952 10105
11614 10321
3302 82
4822 11223
3229 3468
4282 45
10400 7924
10083 11004
1144 7811
9366 10919
11615 771
349 2668
4378 11338
2928 10232
82 11616
2420 10212
10948 9899
6479 6209
10805 9709
2875 10878
151 7924
1243 665
11617 9200
4464 5914
151 82
10786 10382
6513 3214
3218 3396
10538 10204
11618 11619
5141 5243
10014 10524
6929 665
9797 10054
9959 1453
5027 5517
362 6448
11575 4723
1804 10989
2042 8729
759 9206
1347 1321
10642 10769
1089 902
10832 11589
9813 4365
10882 2907
3745 3700
4241 11115
2021 257
2045 11620
4501 2540
1609 1325
11095 6115
4823 712
2516 6310
1333 9502
10436 10891
11161 8890
7904 7296
11592 11311
11621 6610
7144 11353
11622 4583
5063 11613
11623 11472
9396 531
422 11624
10838 4461
1711 976
9808 10407
10751 11543
6770 557
827 10249
10192 5827
976 6524
11020 778
11319 11318
4982 1808
7859 4045
11625 4537
2335 2363
952 152
9608 3033
9869 433
11590 11505
34 2278
5253 10930
11626 11588
6191 8561
10133 10198
9366 4634
10197 266
11627 710
2748 6397
8612 11490
11628 11629
7745 7748
11290 10603
774 9269
10271 867
10076 9948
4106 712
11326 10429
3710 10637
11610 10913
6416 9979
11630 2401
6633 10408
4183 410
10613 1763
8021 1333
11631 6341
11105 10862
7390 10631
5150 5549
11026 7510
11632 10106
11601 6903
1378 9394
775 7594
3294 11095
9929 7795
362 1438
10499 2950
4173 10929
6570 7001
9856 10158
32 1333
2461 6367
11106 762
597 952
2246 2540
805 9847
1213 11633
11386 5332
10413 10520
155 2116
7253 3656
2920 11557
4874 395
10072 10682
10238 9965
1904 10789
9118 799
10774 9954
3218 913
9118 946
116 573
2290 6681
8067 5798
11187 6301
1673 11634
7155 317
10442 10049
9932 4693
10185 10310
10487 11138
5473 5632
11321 826
10112 9933
1808 82
11484 10176
8659 3793
8200 10599
10942 5150
11338 7249
2733 7924
11580 4723
11040 10477
2391 6370
2950 4218
10710 10643
388 9692
4049 9826
11592 11084
9865 816
11635 11636
816 4602
4983 314
10264 5277
2733 10059
10839 10259
10503 3610
9501 10357
11379 9288
11630 10254
11378 10139
10211 888
10762 10310
9883 409
11366 10543
9624 2769
10157 5827
10289 11630
6888 952
9974 9717
4912 7001
9375 5143
3154 7759
9936 523
2653 11637
5453 10621
11514 3610
10777 10955
7850 10080
1808 3571
9625 3224
7603 712
9981 10029
5557 5632
11021 10446
218 10631
1455 4070
11103 2857
1794 10760
2639 10318
4693 10064
9369 8729
10347 11039
6888 2636
10826 357
10959 4966
11587 11626
4631 52
11638 475
6723 9957
11375 6134
10822 433
8733 11346
9627 6606
1148 5301
9970 10124
11088 11631
11139 9923
11639 10761
7905 10690
2246 4501
10865 1852
9933 10065
10072 11329
3189 1402
5662 6723
1714 10862
11030 9947
10794 10440
10898 11532
10459 7303
11398 8984
3729 11344
10887 11640
11573 8548
10793 6299
222 1281
10745 10264
3729 6707
257 6729
3522 1567
10696 3995
9159 8786
191 5350
5966 5798
1820 1935
116 952
10209 11064
10844 11592
11575 8292
9878 9501
19 2733
5258 32
10715 10356
37 11152
11171 10402
1105 3936
935 3825
10048 9654
3953 11641
11017 10173
11530 1273
3214 4104
10710 10769
3450 10234
3913 1367
9933 10064
10028 8309
2130 10195
597 11175
2461 2022
11127 4081
11642 11643
11191 10380
3219 11234
11644 1602
4390 9789
9378 116
7610 1709
5602 750
8163 1144
11645 11646
10972 11029
3934 2950
10729 6724
6488 9872
9791 11238
11434 11410
11599 10399
4522 1644
11351 10171
6067 9914
1209 9878
151 2733
6724 10491
9850 11154
1372 11647
10125 9863
4120 10191
11648 6729
10365 11095
11375 265
1209 10330
11469 11649
11575 933
11650 11651
8341 2410
3316 708
9954 1034
11652 10454
5394 4956
4284 964
6723 10568
10048 4712
1716 902
10488 4392
31 22
9883 11095
10892 9965
9783 10979
11235 11653
952 750
5027 2372
827 11654
1093 7970
10125 9862
11389 7926
10754 2094
10847 10956
4106 1467
1526 2249
9017 11504
11655 801
9915 7827
2042 9637
1402 10101
9788 11161
7297 9983
1395 10326
5619 5350
10791 2249
996 11595
5785 10047
203 11656
2045 2566
6628 7904
10651 10007
9366 11575
2558 913
3814 1376
11657 11658
10008 2818
4605 9354
9815 10691
3748 974
11578 10254
4115 4116
2636 11538
9394 8290
10700 10791
5221 5076
10275 11016
10687 9992
10024 11167
4806 10683
11659 10603
11507 651
10927 10317
11660 11661
10057 10611
10429 10370
237 2274
7819 11096
11518 3838
11111 10415
8309 3035
8173 11409
5164 704
4976 11325
10112 11021
1148 8548
11611 11388
10360 10620
5179 10103
10058 11275
151 5491
10651 1605
11383 468
9692 1722
6743 11299
10299 9973
10855 10551
10164 7014
3061 10953
11468 11649
801 1735
9432 6374
279 3141
10048 3730
10605 10776
5966 6186
11123 10995
10846 10383
1824 5243
10278 10466
8681 819
222 344
10998 6947
7955 964
11106 1526
10167 3862
151 6705
1408 394
3522 10097
659 495
10463 10242
9417 107
5705 237
11542 1367
7541 819
7268 11081
604 10685
9976 9974
10441 10136
11191 10379
4059 2211
8927 11397
3120 11178
9535 2354
1347 8565
4453 10351
1449 395
7937 11515
5038 1808
10790 6606
759 344
1835 7541
10018 616
3214 984
10620 9087
11212 11273
9916 8448
6 5375
11565 11166
10582 11152
11020 4675
10729 8804
5819 10199
10694 246
10015 888
3705 8467
7268 3571
7155 152
1270 522
1367 11005
10512 2162
10015 4218
10732 11370
11662 11663
11529 11141
8098 11347
2907 8357
4159 176
155 651
10151 9851
8089 1603
952 3771
2824 10188
10612 9077
10979 9784
9656 718
10122 1273
10775 9954
11664 11665
820 984
11403 10435
762 11368
1213 8163
134 5152
10003 3216
3189 10101
11314 10447
5991 966
278 11156
2462 11666
11667 298
11668 11608
11087 10341
4989 349
3748 973
11367 11343
3708 11669
10338 10374
597 11344
850 47
10283 9986
10039 11410
3292 11145
10998 10458
3840 8899
902 4041
1114 10222
27 3392
11670 10707
1151 1722
8200 6575
11671 10928
1068 11672
11252 9846
7155 6370
8023 8387
5144 10655
10317 2639
10867 362
10640 2504
10230 8148
4574 790
11513 11287
9945 7204
1552 11110
651 652
597 9884
11673 10692
5141 4501
5479 134
5951 11269
7267 9127
1243 5687
10301 556
3362 11674
10748 11639
5027 52
1824 5688
11675 5266
5918 10973
5119 8754
11676 11677
28 10738
4365 10981
11653 11236
9036 8927
9883 3229
3357 10060
1347 9952
2179 10897
11122 3862
222 2417
11678 1419
1383 10669
8547 824
1378 11373
5043 10600
11679 11680
11681 11682
1716 4041
3294 3229
6150 6556
1673 10608
4368 892
8729 11099
10680 1270
9667 265
382 10645
2982 9856
8771 11027
9793 10272
11683 6483
9363 9788
935 11684
756 757
9669 2220
10114 10160
11276 1587
10914 10602
9944 976
9774 3473
11016 2305
8650 11138
1808 1711
11264 11196
8309 2087
11350 10171
10262 10701
10133 11343
6166 1467
10452 11067
9807 11580
6633 10826
10485 4005
6278 52
8077 10969
10915 10602
11685 1637
10583 3586
34 799
1074 10430
2608 11686
10296 643
1655 11335
2781 11530
2022 6367
1114 11107
4964 175
1498 6367
10224 5819
4399 6043
946 9809
10014 192
10202 4911
4654 10045
6724 750
10598 10174
9871 10272
10959 10111
4002 8587
11435 10186
10889 10660
10663 11424
9891 10671
10779 11146
8300 816
10748 10761
2569 10782
5075 11078
11687 11688
10950 2822
9785 9852
10900 2795
763 3114
3100 265
3531 10601
9932 11021
8089 2495
9082 3493
5363 1089
10215 9994
10400 19
365 6186
1151 10250
11147 9101
10575 308
10356 7426
6513 10530
11422 4712
4193 5340
10028 3120
824 5301
3115 10868
9340 9927
898 899
10168 3862
371 8162
502 11408
9865 8300
6330 6513
11189 587
6166 3725
9340 11192
11198 11140
675 3075
5141 5632
9388 9271
15 4404
10486 4005
1137 52
9857 7155
9654 816
11689 10586
4496 7657
10681 1270
1548 11333
11690 921
7064 1711
9786 10177
11383 2636
884 1716
9627 295
10894 3862
990 2990
11484 10175
778 7249
10906 10341
11426 298
9973 10949
1148 5999
1347 15
5444 1536
10297 10192
10252 861
10729 6723
11676 11691
7660 7661
687 7237
1453 11502
10086 2344
7532 6570
7511 11183
11517 1331
10348 2087
10157 10547
3252 11039
11276 11147
5332 10711
11692 11680
9922 10304
10467 10279
10765 11011
10798 11074
10297 10103
1074 224
5632 4501
11188 10974
317 587
11693 11456
10839 2920
7926 11390
10309 9922
9245 11690
1833 10400
5054 1008
1705 10144
9946 10111
11233 10415
10360 10637
10874 10439
11071 11673
11263 5845
1473 11609
9682 1209
10036 1904
1833 7828
5565 9848
5835 11638
9683 966
11694 11695
10493 7144
2636 10474
11671 3027
8061 3985
11282 10802
8036 4494
9104 105
10201 2599
11114 28
5557 5243
11326 10371
10855 10552
11696 5669
8548 10497
11693 11457
11697 11698
4725 6826
9926 9340
10773 10405
2692 3949
10945 10393
10875 11606
805 8991
11145 3293
191 11139
10094 10896
10710 11499
7191 9809
11574 10784
10304 10762
2060 4122
295 11016
9792 10468
11534 11541
15 11699
10243 867
10155 3035
10895 10095
10948 10718
190 2052
3946 151
10706 11670
10295 10002
1071 9534
8804 6724
11364 5009
855 2825
7167 952
11499 10769
11059 9797
10278 10610
6519 7633
11100 10934
1808 557
11106 2344
116 11700
3643 5491
11627 10770
4246 2223
4365 523
10294 3488
9332 1190
9344 3196
9813 9936
10898 11533
9827 10593
10358 11701
11483 10587
1527 11028
5746 5747
11331 11594
8404 10974
2766 3075
82 11081
10609 10467
11702 9947
10632 10406
8281 6228
1438 10450
11059 10053
4631 317
152 4740
11703 1727
9845 5238
11704 4494
5141 9779
222 3115
4942 1069
8130 984
2246 5632
569 10283
4718 3491
11403 11585
11705 11706
10386 8232
5551 5610
1151 3427
11255 9272
7262 11394
11116 7541
1833 11616
308 5747
3570 10452
4983 8561
597 3729
11689 9766
9402 10978
5 11707
777 6988
596 5340
5716 3818
1169 11056
34 9949
11041 10126
6633 6885
10117 10285
9983 10804
9832 10101
1375 2116
6067 8771
9957 10067
10541 9843
6003 1155
475 7001
10584 11412
1287 11245
2743 10496
9682 11423
11001 1069
2682 308
10632 10588
10005 1322
11450 3862
11437 1528
10152 11577
5144 9995
6944 11708
10678 11022
150 9886
9193 3368
4331 9698
4633 5849
1718 7767
11621 1062
10476 9871
2591 9913
1587 10649
11583 10417
7877 7984
3189 1027
10884 10431
163 1129
2963 9792
365 5798
10085 1004
8341 8609
10546 10517
10267 570
215 587
828 11709
6217 951
590 5489
11710 10035
10400 151
6770 4474
11711 8539
11398 2811
11685 1636
8649 5509
10353 10000
10437 10045
5517 7854
7310 188
2748 1077
9945 10959
11102 7955
11541 11510
657 10064
7910 10396
10846 10088
308 8909
4048 557
437 811
388 9964
4874 8280
11712 11713
10224 7917
11612 371
11632 570
10345 3468
11673 9662
2420 888
9831 882
11714 11715
9872 5015
2647 2540
2479 11716
1929 4797
11603 10071
11262 10426
10514 2540
9259 9501
10132 10334
2825 7924
10690 9737
11641 11284
10965 10818
4118 11500
10131 9794
11717 11044
10501 3862
9704 9705
4501 4464
5253 10746
5835 7001
11392 27
10466 10279
10745 6299
10514 4501
355 10691
5144 11082
10831 7570
11102 10498
11171 2156
1824 9976
11382 10227
9987 10688
10598 10099
11102 964
10813 7798
1924 11016
10425 10939
7815 6724
10131 9795
1929 9709
24 9573
9798 10676
11448 4942
383 6340
9155 11718
935 4261
10066 10730
10197 11156
10075 11030
10961 6606
8724 7539
8019 10385
3934 4218
10027 3078
7457 5195
11719 665
10262 11072
8886 10926
7827 9120
7594 11129
5441 7562
2963 9793
5227 11625
1209 1673
2875 349
151 984
11040 10297
116 11593
11655 1441
222 10539
11720 4946
1833 5038
708 11721
151 855
11722 10445
362 1727
6847 6230
4284 11140
3027 10372
10147 10628
10326 5828
9104 7848
1190 10184
4454 7291
5833 1062
4501 2647
6038 6140
9237 3197
10476 10273
9974 5632
11488 9971
10352 992
2241 952
2766 675
10781 9849
10962 9875
1137 51
10225 10990
9972 11052
222 10868
10889 10713
222 976
6723 10067
2782 32
11442 1453
2364 2599
11278 3913
4 10644
3292 3357
10729 10066
11634 8716
10191 3446
11723 11724
278 9344
9288 11357
9937 8609
7330 557
10274 9914
3214 4900
9803 2486
10056 9271
11639 10749
10736 11337
6166 1144
6488 5015
3995 1113
8776 4271
11725 11726
11001 10189
4183 2748
2948 712
799 8111
11339 11303
8689 4522
122 5780
1347 8239
3468 11095
9890 10671
11196 11279
10778 11205
11363 10564
11727 2741
11004 4480
10202 7249
951 6218
2639 11414
19 6547
189 9684
4120 3446
10222 8163
5705 11460
3292 10239
1113 1292
7241 11728
11115 8258
3769 1155
1833 3021
3450 3862
6126 3446
10307 8011
6723 10491
10000 11310
9118 10294
524 10854
11027 9914
5565 9847
2928 10231
176 8081
4942 1144
4725 11012
8729 984
10960 6606
10547 10192
7883 8786
1709 104
11729 11730
9781 11159
11434 10772
10561 11160
1467 11357
10193 11158
819 6644
11731 11732
2486 523
10787 10381
8026 5747
1375 1376
7629 1113
11345 8733
7470 10002
7532 7001
2170 3303
4957 105
9883 3294
10480 6568
11420 10506
1939 2669
7973 11198
5679 5015
10581 11507
10805 5955
2130 974
10264 6299
2044 11511
4120 4817
4 6898
302 10690
8461 4283
237 11016
935 4283
11111 9323
11733 11734
222 10981
4312 11735
2246 5914
11377 11094
11315 10666
510 299
11021 10064
810 4218
1498 2461
8056 11140
1137 7854
10442 10050
8280 395
9278 8387
10304 10185
10557 11654
11650 11736
10215 819
11231 410
1682 2445
8309 3120
8084 991
1915 30
447 6516
11497 11305
11737 7760
11095 409
9915 440
4797 5955
3555 3957
9845 10475
3342 965
6330 9958
9623 9839
9730 349
151 2790
7970 8435
11738 11619
11384 10156
10327 9437
6777 7033
886 1155
5632 5914
10479 10119
9897 24
6177 6566
5466 4008
10985 11739
11073 1243
9877 6570
10813 130
10117 9420
11578 11630
11234 651
11134 10913
11162 10141
2142 2886
11111 5951
11551 2989
10253 6043
11701 5317
1609 3197
6166 4106
11737 10818
888 5067
246 8236
9802 2486
758 2142
11455 7902
10004 1602
1467 10267
10154 11609
10966 10818
3166 10440
7759 3781
2486 9936
805 5565
362 8472
2566 11620
1363 902
10172 11129
9976 4501
3292 4856
11740 10465
810 10212
1587 11147
763 10997
4605 10711
10681 11342
11741 1347
6857 9819
10959 7204
11397 8733
2359 10050
10011 10817
892 7510
704 5780
10324 7972
1378 9692
10022 11522
10112 4693
9363 627
11742 11194
8450 9326
4104 4900
2927 9171
740 11279
3445 5828
1709 1666
11197 1425
10670 8467
5473 5688
923 10997
10136 10050
3446 9774
11449 11653
5911 9838
9854 163
10133 9420
11437 11306
2647 4464
4810 6923
1047 9276
10430 122
1219 7529
477 10824
11738 11618
10215 10395
7984 3647
3359 3148
8572 5415
11040 855
6430 10696
279 3191
11743 6441
7968 8689
3219 651
22 1092
10041 10588
1571 1594
10643 11499
5432 10705
10165 10865
7073 2330
11441 10597
10727 11554
5557 2540
574 3684
11463 11598
6628 11083
11212 861
659 11209
11228 10824
4137 9737
2220 5747
10379 5833
2420 11137
11662 11744
1276 11188
9799 11566
11338 4911
1453 9960
447 3730
10835 11097
4137 10690
4545 11340
10326 10941
8620 3446
6190 7539
8539 11537
1083 11399
1705 10989
11342 522
8279 952
11652 10455
10838 4618
11122 3444
7859 122
6667 3196
11422 778
4633 1673
11745 11746
4481 522
3643 811
1039 11314
9950 10319
6150 1092
3446 3473
6713 5885
10460 10790
2983 7859
10230 1603
9806 1685
1467 7032
10726 4133
34 946
805 9848
5746 8026
6278 3684
3641 11476
1251 2757
4500 10308
8300 9654
9873 10884
2463 3014
7883 11060
9898 152
11177 9954
2278 3009
11085 279
10558 11590
134 3444
10715 7426
11632 10716
6935 11397
11494 710
10067 10491
10659 10713
10200 10701
1395 8288
4797 9709
4664 1716
10329 322
2249 11072
10888 11640
11018 9822
10267 1069
11747 1948
9779 4501
10319 10218
11193 11742
6516 3730
10297 5179
10299 10949
10403 11421
412 322
10001 16
9803 10981
10610 10279
11442 11502
10430 16
11046 826
433 10631
10024 4817
10854 765
657 11281
10589 11011
10864 10890
11307 6947
3 10624
302 9737
5222 10882
3332 6568
657 11021
10143 3531
7620 10937
2255 3725
11246 3058
11026 10827
9794 11480
10151 590
11722 10444
11060 8786
1274 10540
10589 8708
9838 3373
11363 11512
10345 3229
7986 52
2042 556
81 10369
3714 2978
11748 11749
1643 4512
850 11015
4618 4712
3976 10256
4056 3722
6723 8804
11750 11751
9758 10216
3357 557
10550 10227
3021 11616
10679 9758
11100 11522
1089 1363
1281 522
3792 1139
10941 3445
11427 1528
11069 826
9381 9742
11752 1637
3777 7706
10366 10712
222 942
3610 10504
3292 11422
569 10027
10199 7917
1071 11718
4173 1139
6857 11187
10730 9957
4806 11020
7859 11285
10546 349
3710 7296
9369 10714
4106 11593
9783 9375
6330 3214
1605 5631
952 10059
7297 9984
10289 11578
8620 4817
9086 410
1151 6320
9245 921
920 2558
9145 4120
10036 10789
437 3643
299 1561
4261 11684
10877 4911
10700 10262
11679 11692
116 1367
11591 10732
134 10872
2417 4045
7090 7237
44 9432
10775 11177
8291 4522
9087 10637
10805 1929
11753 1384
11754 11755
11450 7971
8309 10814
811 965
597 10536
777 6898
8719 1072
9955 10598
15 1321
9870 70
11441 10712
10676 10420
10644 6988
11411 10585
10334 6556
7390 10630
5836 5837
1114 1467
10088 10384
51 5060
11189 9778
8620 9774
10078 11543
7883 8785
10466 10610
11175 11344
11282 11150
10075 10734
9534 9235
11756 11757
10647 573
712 5838
3741 4773
10170 2636
5221 11078
10972 10374
990 10199
11758 233
9837 675
8503 6416
11293 1548
8354 10509
11283 10336
11710 10034
11555 10001
10270 6714
5806 30
4806 11203
365 5244
11759 11760
10241 10463
9775 11576
11071 9662
10568 10491
4964 1273
11685 11752
2340 10981
6695 10580
11528 1321
11677 11691
5591 11757
5528 11239
437 5491
3646 7984
10190 1609
9945 10111
10133 10285
9656 1900
904 8130
9949 8111
11047 11183
10827 1169
796 10356
855 10103
37 4035
19 82
8697 8825
11512 10564
150 10086
5129 4423
10477 10103
10289 2401
10479 10424
10736 11602
3913 9044
11376 8183
7815 10491
10076 11702
4159 3647
7360 388
7130 3643
11393 10705
10006 5631
9950 10218
11761 11423
6929 1243
11762 1124
674 7162
11336 10500
8281 11278
11290 11659
349 10878
1209 11761
10517 7748
11558 10987
6402 7836
3027 9656
10043 893
7390 218
10378 1113
10791 11072
6547 4740
5277 6299
9817 1367
10845 11311
1784 7340
10019 8288
6346 11735
9785 10878
9187 691
34 3009
10323 10821
11297 11009
7154 5245
10559 11505
811 4012
11744 11663
10927 11414
11263 10135
5222 7027
6516 10130
2927 4390
10514 9779
5988 2330
3741 3332
6947 10458
10963 9875
1610 1611
11763 11764
9779 2540
4282 10258
4593 10872
10151 5489
3439 10040
8754 5490
848 6047
4977 11462
4422 5129
11668 11607
9781 11579
2094 11765
1735 1255
11569 1333
6402 4806
7973 8056
7390 433
8681 5316
278 103
1242 10638
1114 116
10007 5631
11766 11767
11092 2337
1673 5849
10679 643
1705 2907
11728 6431
10134 9420
3444 8312
2376 10689
11352 1069
517 9758
3229 409
11281 10064
892 10227
3664 9760
7457 65
10714 984
1144 2790
11768 11769
3429 7032
9908 2344
11537 10658
5853 2342
10641 2504
10122 11530
11770 11049
10214 3120
3710 6628
10899 11533
11710 11328
762 10955
9104 11069
1824 5557
8023 9278
11209 4545
3487 946
1660 7053
6667 258
8030 10359
11156 9344
1705 6939
10003 816
11195 10654
10846 10384
11771 1997
344 976
72 9086
5144 10395
1127 10684
10710 10771
1794 6588
10412 10472
192 265
1915 9762
10302 556
617 308
9896 3068
2375 11129
2463 1322
11752 1636
4786 6874
1636 1637
6094 5921
8279 7167
11709 3964
10269 11362
3115 2037
10198 9420
11436 11070
11048 11770
11211 10741
11614 2234
116 10082
1136 11772
10498 964
774 7032
10693 1020
10730 7815
11280 10061
10916 11346
2375 7594
5966 365
11623 11471
10604 5864
574 7757
11675 5265
11773 10675
3374 11640
8516 2495
10773 11424
11774 11775
10498 7955
9508 11113
10729 7815
7859 704
308 6541
11278 1367
11071 5806
9922 10185
37 8724
11610 4317
10746 10930
3351 6596
5221 5453
11273 433
11475 3120
3049 976
935 3463
11343 9420
9625 7581
5094 5861
11384 8528
11776 11697
11006 11522
5056 9817
10968 3717
11503 10203
2290 10579
7972 3862
7767 8011
10596 718
11000 8679
5238 10475
1835 8681
1735 6370
10670 10062
828 10249
1673 1321
10430 6310
10283 9833
11773 1332
3710 11083
6505 2521
4983 11108
224 122
245 4602
4806 11014
11349 11374
10919 4634
11501 9911
8886 7389
19 7043
9366 4723
9010 11390
155 11475
2393 1367
6826 4837
11777 6390
10767 4278
2420 4218
37 10008
8681 4295
11386 826
8756 8236
10621 5076
674 32
1666 11778
1376 2044
10845 11084
796 10715
11414 10318
11740 10464
7877 176
10708 9437
9976 2647
659 11779
11702 11447
10133 10117
6723 10730
155 8309
9682 11761
8297 9127
9834 6038
2780 1699
156 3084
2748 4504
10640 10427
9709 5955
11673 30
5222 3522
10899 11532
5513 11780
7532 6749
10528 10318
5864 10120
6519 10886
9662 30
10462 2022
372 4056
6674 7732
6373 6130
801 152
11575 10919
176 3647
2857 3531
11184 892
10920 3506
151 3643
1207 11118
2558 4370
395 5644
11651 11736
10353 11310
8733 11478
10476 10468
5854 2393
3266 9502
2420 3934
10729 10491
10197 9344
2928 11252
286 3342
8681 7541
11737 10965
11489 11202
2559 9326
1033 11347
6472 573
11781 11782
8605 11268
387 8628
9627 10961
11601 10298
10877 10202
3191 1027
9758 30
9259 10704
15 1062
4983 718
10836 3643
8130 3447
11648 2534
10568 10067
2183 1213
5031 3140
10309 10762
10347 1644
4806 10421
2488 1527
9813 2486
11673 5806
5546 4556
9494 9530
10066 6724
11358 2562
11756 5591
10938 10426
9878 10704
9505 2476
11434 10039
222 522
7175 2029
10452 4474
11783 11784
5464 6935
10400 10146
2726 8757
11586 11149
11562 2647
11785 2683
712 1144
8067 1129
771 4494
11315 9811
10026 2495
10294 8111
7713 5111
10976 1295
6929 11602
9388 9272
11606 298
10850 11220
31 7629
1699 11786
9974 4501
5243 4501
8802 731
9627 10801
7310 3392
10003 9862
4365 2486
237 826
11220 2643
5031 11609
11494 11627
2636 1709
9813 2340
11787 11788
11789 11790
7971 3862
155 1375
222 3548
11762 10936
11234 8309
7986 5060
10076 9947
257 10226
10410 5119
5952 5060
11152 8064
11791 3943
4806 778
278 9135
2255 576
10832 7570
9952 2898
2887 1090
11531 10277
11226 10176
10015 10494
11019 7390
2255 10944
270 11792
9692 8290
7191 3009
4106 1114
9825 1536
6177 7352
7620 2305
8450 1717
11776 11698
2249 10701
9705 10708
10907 10322
7209 1273
