2193 4620 5107 7743 
1587 7744 9101 9102 
349 4135 7745 7748 8128 8591 
801 3050 4025 8031 
1716 3216 7746 9265 
1255 1735 7155 7747 8862 
935 3770 4283 6371 6559 7531 7749 8461 
1144 1213 1915 7750 7810 7811 8163 
4583 7752 7753 9054 
7754 7755 7989 7990 8024 9020 
134 215 886 1155 4593 7693 7757 
3154 3781 7758 7759 
94 778 3292 3424 4461 4520 4618 4712 4856 4911 7760 8418 9380 
1144 2142 7761 8327 
2289 4472 5324 9507 
7762 7763 8042 8340 
4806 7764 7796 9024 9285 
1924 7765 7797 8935 9085 
165 845 3090 6112 8557 
1616 6553 6554 7766 
1718 1719 7767 8011 
7325 7326 7768 7769 8422 9084 
192 265 278 3100 
810 888 1076 7770 7771 7790 7791 7794 8100 8101 8109 8156 8157 8193 8544 
7772 7773 9605 9619 
354 355 7774 8154 8161 
179 5585 7775 8529 
973 3561 5705 7776 8350 
4654 4657 6675 7777 7778 
264 7780 7781 9109 9711 
405 1942 7328 7783 7784 7894 8048 
893 952 1144 2790 3396 
2451 5616 7785 8139 9349 
1378 7786 7787 7999 8877 9692 
7170 7477 7788 7789 8302 
913 3708 3754 6081 7792 7793 8403 
1077 2748 4183 5250 5946 
952 953 1253 2636 7795 7851 
7798 7799 7819 7820 8034 8117 8159 8930 
6563 7800 7801 8678 8955 
480 7802 8521 9469 
360 763 923 2748 3114 4767 7882 8228 8229 
675 1270 2637 3745 6502 7804 7855 7911 8417 8524 8545 
82 151 557 1833 3021 3570 3571 4005 6770 7330 7808 
2718 3348 3485 7809 8295 
3761 7814 8030 8910 
6723 6724 7815 8804 9330 
7816 7817 8746 9325 9497 
3307 4243 7818 9067 
710 2974 7821 8301 8434 8686 
4390 7822 7823 9171 
32 4505 4506 6673 6674 8999 
82 116 151 152 4005 7828 9321 
7830 7831 7871 9636 
1089 1363 5984 8993 
562 1493 2258 7705 7833 7933 
1714 4511 4512 5182 
6905 7835 8143 8701 
665 1307 4806 6402 7836 8774 9017 
7838 7839 8382 8998 
82 3570 4474 7840 
1644 3252 4522 7035 7841 8214 8215 8291 8427 
216 395 1124 4874 7843 8280 
1072 1140 3128 4518 4748 8335 8719 
82 300 2682 3571 
2014 2659 7845 9679 
1219 3107 7528 7529 
1069 7565 7656 7846 8007 8108 
1325 3197 7920 9108 9237 
163 164 365 1129 5798 8067 
3198 3199 3658 8018 8608 9313 
105 826 4095 4392 4890 4957 7848 9104 9105 
280 2170 5491 8588 
3655 3656 5521 5561 7253 7856 
175 872 7858 8356 8394 8750 9143 
394 395 1408 1548 2495 6920 6999 8219 8463 
893 3429 3489 7633 7859 
5944 7861 7862 8043 8796 
103 2550 3264 5457 7864 
1659 7865 8480 8966 
278 317 362 587 4769 5540 7118 7866 
7867 7868 8125 8658 8936 
1929 3522 7872 9565 
7874 7875 7995 7996 8328 9083 
22 31 7876 8047 8185 8405 8451 
176 3646 3647 4159 7877 7984 8081 
447 448 3729 8307 
1345 7880 7881 7938 8050 8141 8142 8670 8713 8969 
2807 7883 8785 8786 9159 9511 
21 409 2773 5216 5305 7884 8759 
72 648 3516 6036 
5970 7886 7887 9345 
5911 6484 6485 7658 7888 8720 
90 2748 5282 5750 9485 
1307 3489 6038 6140 7892 7893 8244 8426 
614 1017 7897 9370 
199 6575 7899 8200 9113 
116 151 952 1114 1144 1304 1673 3779 5333 
317 1384 4602 5540 
1714 7901 8414 9158 
1632 7549 7904 8211 9650 
2492 7906 7907 8736 8737 
528 1357 7908 7909 8039 8389 8447 8992 
15 4942 5488 7910 
37 158 771 997 3196 3464 5190 7482 8036 8495 
71 1519 4183 4228 8445 
2417 3084 3869 4625 
902 1089 1090 1716 4041 5363 
5981 6777 7914 8490 
21 349 1747 1757 7389 7915 8027 8423 8494 
84 384 1706 7916 8036 8504 8769 8909 
819 990 2990 5819 6644 7917 
933 4634 4723 8292 9366 
175 872 3298 4964 7918 8735 
374 3937 5857 7439 7557 
3884 3885 4233 6078 8615 
151 1367 2170 2393 7923 7924 8064 8508 8715 
3489 6038 7928 8841 
7019 7929 8049 8221 8525 
4324 7930 9196 9267 
7931 7932 8706 8781 
7936 7937 8118 8119 
122 704 5675 7859 7939 9096 
7923 7940 8507 8508 
237 1924 2005 2060 2305 
1717 2211 3331 3332 3741 6568 8388 8458 
447 3729 4247 7941 
651 2087 3219 8309 
1347 5551 5610 7942 7943 8230 8564 8565 8834 8863 
2225 2395 7944 7945 8257 
7946 7947 8551 8901 9216 
7948 7949 7950 7951 8132 8603 9074 
963 7954 7955 8355 
24 471 1333 1476 1741 2277 4250 4803 4845 8180 9596 
7956 7957 8419 9149 9150 
3489 7926 7958 9010 9011 
78 435 682 4882 
16 122 135 224 704 1074 6115 6310 6796 
7961 7962 8636 9148 
2029 5009 7963 7964 
5119 5490 7965 8754 
163 1063 3884 8962 
2425 2871 3165 3166 4522 7968 8689 
1096 1165 1615 8140 8763 
964 4284 7973 8056 8057 8271 
810 2421 4709 4710 8112 8113 8358 8359 8718 8985 
388 1127 1128 1837 2719 6127 
44 46 6130 6374 8361 
245 265 317 587 892 1155 1948 7118 7437 7975 8826 
4398 4617 8199 9198 9253 9440 
51 52 1137 2372 3086 3768 5027 5060 5209 5517 5952 7854 7986 8028 8486 
7979 7980 8158 8668 8853 
819 2021 5144 7981 8044 
517 7982 7983 8937 9456 
176 810 888 2420 3934 4218 7984 9385 
1735 2391 6370 7155 7985 8170 8684 9028 9357 
1092 2314 7987 8509 
2225 2410 4460 7944 8212 
1255 2155 7236 7988 8677 
3292 3293 3357 4856 9367 
916 7991 7992 9425 
946 2278 7993 7994 
702 1062 1926 3462 8859 
71 72 3177 8625 
724 1333 1555 3492 7624 7997 9075 
4138 5924 6163 6164 
518 824 1148 4960 8002 
7940 8003 8004 8051 8107 8334 8536 
2907 8005 8006 8357 
517 573 1548 3427 
580 1350 1477 3564 8008 8226 8336 9302 
1605 6173 9154 9352 
4616 4736 8012 8283 8284 8944 
8013 8014 9353 9588 
151 952 3154 3781 6176 
5365 8016 8017 9199 
8019 8020 8231 8232 
362 674 1047 1333 6448 8021 
4471 4472 8022 8514 
5509 8023 8387 8649 9278 
1568 7889 8026 8751 8752 
438 477 984 8029 9033 
763 8032 8033 8903 
32 2782 5258 8035 8306 
1050 1413 5142 5526 8037 
382 2683 4666 8038 
8040 8041 8512 8555 8695 8783 
100 5523 5626 6925 7517 
7469 8045 8046 8204 8600 8794 
1800 4823 7148 8835 
8054 8055 8698 8699 8833 
6223 6224 6366 6409 6510 7075 
2781 8058 8059 8395 8396 8987 8988 
5000 8060 8503 8979 
19 5152 6861 6862 7731 8061 8530 
1685 4542 8063 8487 9233 
2093 8065 8066 8317 8349 8723 
2337 2338 2769 9064 
2743 4284 8069 8070 9032 
185 657 659 801 2586 8071 
3737 4827 5286 8073 8707 
963 964 1144 8074 
258 470 951 8404 
216 886 1155 7693 8222 
412 1705 2907 9184 
1392 6753 6754 8080 8308 
8082 8083 8798 8799 9129 
991 8084 8085 9307 
440 731 921 7827 8087 8390 8391 8690 9120 9245 
974 2093 3748 8088 8198 8693 
8089 8090 8148 8149 8516 
3761 3985 8030 8061 
771 2063 5059 8036 8093 
314 1124 8096 8110 8452 9175 
909 2857 8097 8321 9428 
1033 3491 4718 4810 6923 
438 984 2985 3214 8102 8129 8130 8729 
1046 2502 4138 4964 7953 
317 892 1155 6277 6278 9079 
8114 8115 8294 8413 
264 943 8116 8622 
8120 8121 8186 8187 8190 8455 
993 2193 8122 8123 8256 
3510 8124 8354 9262 9377 
3154 3781 5467 8131 
1714 7664 8414 8637 8927 
4650 5225 8133 9376 
3572 3573 9338 9508 
369 4649 8135 9438 
8137 8138 8191 8192 8653 
718 1148 1900 3027 
740 8144 8145 8595 
2117 2379 8150 8151 
963 964 1660 8160 
6 1057 5567 8797 
468 2636 5560 8164 
8165 8166 8793 8907 9035 
6024 6361 6759 6886 8167 8377 8428 
8168 8169 8261 8360 
2981 8173 8174 8803 
399 536 985 1953 6154 8175 8952 
1151 1722 5223 6320 7360 
115 816 3600 8178 
14 798 4948 5633 8702 
222 942 1729 4785 6329 6486 
1887 4949 5485 5623 
819 6082 8181 8681 8682 8813 
665 3615 6805 9209 
1490 1596 2980 8188 8189 
8194 8195 8329 8623 
8196 8197 8274 8275 
646 727 2857 3196 3212 3464 6607 8868 
531 8201 8978 9178 9599 
6963 7178 8202 8854 
675 3075 4721 6047 
340 2225 2395 8207 8577 8837 
801 1765 2130 2442 3518 
134 4593 5479 8209 8312 
1800 3489 4605 6038 
278 362 1142 2163 5505 6212 
1155 4496 6003 8220 
215 587 886 3614 
115 816 1802 8300 9654 
3894 4768 5335 8223 9072 
34 946 3009 3328 8111 
246 4368 8236 8528 8756 
8233 8234 8344 8709 8710 9125 
7371 8237 8897 9160 
3050 8031 8238 8239 9413 
8242 8243 8652 8900 
150 934 976 1748 2264 2344 
2375 2376 2859 8245 9248 
1883 8246 8721 8870 
1890 5700 7664 8247 
42 4942 8250 8251 
8254 8255 8384 8385 8726 8727 8775 8902 8977 
1666 7043 8258 9220 
653 1520 4752 4899 
4936 8260 8261 8989 
8264 8265 8484 8672 
116 573 3154 3781 5317 6381 8266 8439 
28 1851 2359 3392 5866 9136 
1378 4922 6438 8290 9012 9394 
1026 1719 3708 4246 4837 6826 
7801 8117 8276 8381 8386 8898 
6460 7761 8277 8299 
750 952 3973 6724 7167 7832 8279 
1766 6446 6447 8630 
1367 1951 2393 3913 8281 8282 8660 9295 
5207 8285 8286 9426 
1395 3862 8288 9628 
2136 3862 8293 8626 
8296 8297 8916 8967 9127 
3223 5514 8303 9279 
237 805 5565 8517 
731 805 8315 8435 8802 
299 510 5149 5577 
811 965 4012 5457 
5276 8316 9448 9527 
810 888 8318 8483 8832 
8322 8323 8733 9036 
1061 1682 3379 5166 
1207 1864 8326 8948 
32 6673 8331 8448 
245 317 1384 5186 
262 1141 1222 2488 
122 704 2249 2609 
1350 3981 5170 5234 8339 8576 
992 6685 8346 8347 
84 254 357 384 861 3389 3673 
8195 8351 8352 8604 8655 9398 
68 911 7167 8353 
299 510 2330 4462 4898 5988 
176 327 6752 9034 
72 4785 5261 8882 
1548 8363 8364 8542 8780 
1124 8280 8366 8531 
349 1747 8367 8459 8460 
8368 8369 8949 8950 
1114 1467 3749 5720 8629 
587 935 1084 5130 
2358 8375 8376 9116 
122 704 8378 8379 
5388 8380 8760 8869 9040 
447 3729 3730 6516 8807 
868 869 1799 8383 8892 
518 824 1148 1716 5301 
116 517 573 2006 3089 
647 1536 1711 5800 
116 1727 3929 6548 8472 
8392 8393 8845 9427 
4848 8397 8442 8497 8607 8621 9405 
155 7161 7782 8734 
46 4616 4983 5886 6191 7131 8561 9554 
8398 8399 9217 9695 
1631 6679 8408 9165 
1367 8281 8409 8410 
3706 8411 8643 8934 
5665 8412 8589 8590 9442 
8420 8421 9451 9452 
6573 6574 9023 9201 
115 816 8424 8828 9232 
819 4404 4646 5144 
4817 8429 8430 8976 9145 
5662 6723 6724 8279 
1083 1800 5906 8431 
705 1803 8432 8433 
134 8312 8437 8438 
1673 4633 5849 8440 8441 
1682 1823 3351 6596 
535 2156 2344 8449 
1717 2559 8450 9326 
349 1757 3150 3551 8453 
362 475 587 8454 
84 771 4633 4785 
8456 8457 8951 8980 
4060 7902 8400 8401 9412 
3087 6102 8462 8806 
3705 6364 8467 8468 9115 
8469 8470 8474 8815 
3876 8471 8915 9214 
1425 5225 5226 8475 8496 9550 
1602 8476 8477 9450 
1929 4797 5955 8924 9709 
187 6626 6627 8679 8680 
6628 6629 6666 7296 8905 
5365 8017 8479 8764 
576 8488 8489 8584 
51 1468 2171 6688 8829 
4840 8502 8894 8895 
370 1448 8513 9119 
2868 3705 8467 8518 
8522 8523 8874 9070 
222 759 762 8957 9206 
8537 8538 8749 9197 
2501 2833 8539 8540 
480 5458 8543 9268 
1190 2101 8526 8546 9332 
518 824 1148 8547 8548 
5700 7489 8554 9103 
151 3846 5536 6705 
590 2975 8556 8570 
3348 3729 6707 8822 
8562 8563 8972 9016 
3650 3943 8213 9249 
24 471 3555 6711 9464 
965 1296 1808 2241 2575 4982 
2611 8567 8568 8758 8784 8858 
30 643 1292 8569 
266 1114 2532 5317 6166 
1367 3913 8571 8938 9042 
4631 4714 8574 8575 
1823 5751 5993 6172 8582 
156 522 911 1953 
1347 2898 5144 6076 8585 
82 215 587 935 
4844 4854 8586 9273 9274 
1906 8592 9304 9574 
7325 7768 8593 8594 9474 
5880 8598 8599 9300 
5199 8595 8602 8688 8705 
774 3429 8616 8789 9077 
6734 8617 8618 8893 
2376 2859 8631 8632 8698 8728 
1796 1883 4486 8635 8871 
1714 8637 8638 9230 
256 5000 6449 8648 
2558 3396 4370 5017 8662 
2060 4122 7021 8665 
828 3698 4577 8667 
31 462 1113 7629 
4319 6919 8674 9058 
8675 8676 8847 9038 
8696 8697 8825 9577 
382 698 8708 9236 
888 3222 8718 9371 
1673 2433 3977 6880 8624 8716 
1656 1657 8730 9231 9616 
317 587 1213 2503 
6067 6118 8738 8771 
503 8524 8744 9689 
468 2636 3283 6888 
2748 4397 4398 6541 8904 9359 
942 2983 4045 4365 
828 1506 2364 4577 7400 
6944 7447 8770 9057 
43 44 46 758 2409 
4399 6022 6642 8790 
805 8812 8990 8991 
2748 5098 6541 9485 
90 2927 5598 7905 8800 
151 1047 2393 7362 9276 
15 3489 6735 7698 
8830 8831 9161 9162 
8838 8839 9339 9528 
7187 8867 8878 8879 9472 
651 8105 8106 8309 9095 
1411 8875 8876 9156 
6102 8885 8975 9097 
107 1699 2780 9486 
1705 1804 6938 6939 
33 34 946 1932 8891 
389 390 2709 9623 
105 3593 8899 9639 
8912 8913 9244 9401 
151 437 984 2393 2614 3643 6631 
5607 8917 8918 9447 
8919 8920 8981 9207 
8925 8926 8973 8974 9297 
8927 8928 9226 9378 9600 
570 924 5835 7001 8929 
562 563 9355 9441 
774 1403 3429 3489 7032 9269 
531 6987 7488 9396 
2442 8956 9646 9745 
7351 8961 9045 9465 
5951 8968 9022 9567 
1273 2781 5581 8162 
438 477 9005 9006 
293 4404 4646 9007 
9008 9009 9383 9513 
6809 7061 7062 7575 
308 2669 2682 3285 3472 
1284 2463 2998 4609 9043 
857 4272 9048 9139 
9049 9050 9264 9429 
5365 9055 9056 9290 9291 
2981 8803 9059 9266 
34 799 946 9098 9118 
7186 7417 9099 9100 
9106 9107 9180 9496 
280 5491 9111 9672 
8217 8218 9002 9459 
1593 9126 9543 9544 
763 1321 3389 8903 
892 3138 3216 3507 
916 5502 5584 9256 
9140 9141 9223 9224 
615 1690 3405 9270 9346 
3862 9189 9362 9490 
3368 9193 9194 9254 
2501 2833 9208 9334 
1071 6222 9235 9534 
9260 9261 9275 9445 
103 362 1333 9263 
9271 9272 9388 9389 
1887 4032 5143 9375 
4816 5979 9293 9369 
893 3247 6672 9191 
7259 9324 9399 9418 
52 984 2985 4631 
4769 9343 9344 9551 9555 
6374 9348 9432 9433 
943 1384 7311 7381 9568 
105 2274 4392 9354 
888 2476 5067 9505 9523 
82 3571 7551 9379 
9381 9382 9470 9552 
4709 8112 9387 9707 
2305 7378 7543 7620 
1071 3787 3866 6449 7203 8272 
116 216 1151 6472 
718 1900 9477 9656 
103 1333 2550 9502 
2540 2647 7579 9506 
1071 3029 3262 3436 8717 
921 2558 4370 5578 7534 
1531 2892 8152 8153 
1924 5173 6884 9037 
2410 6588 8365 8908 
387 790 2081 4567 
4002 5650 8587 9026 
189 9027 9446 9684 
1778 7096 7852 9419 
2605 7742 7829 
4453 4454 8446 
209 3731 7803 
7805 7806 8053 
1929 7812 7813 
828 3964 4499 
3252 3780 7834 
1414 7842 8747 
2521 5489 7844 
7849 7850 8560 
2363 7853 8748 
777 7857 8842 
113 7860 9471 
2653 7863 9051 
7869 7870 8235 
1722 7878 7879 
61 3331 7885 
1610 1611 4590 
1090 3453 7900 
617 618 9086 
7934 7935 8289 
712 6096 7678 
1244 5530 6308 
323 3362 6122 
7966 7967 8659 
1093 7969 7970 
3862 7971 7972 
3954 8000 8887 
2611 7615 8001 
8009 8010 8238 
820 6964 9408 
5294 8015 9594 
6208 6209 9510 
2106 3271 8052 
6229 6230 7040 
1481 5867 7544 
916 983 8072 
8 3559 8619 
8077 8078 8873 
1449 5125 8079 
1222 8091 8092 
7270 8099 8314 
855 2223 9094 
8126 8127 9076 
944 8136 9114 
8146 8147 9243 
8171 8172 9080 
739 797 9394 
3173 3374 3603 
384 8176 8177 
2504 8182 8183 
90 4312 6346 
257 2534 8203 
4716 5339 8205 
4991 4992 5691 
2062 8210 8501 
639 1384 2675 
832 8227 9047 
130 1105 5152 
1636 8240 8241 
8248 8249 9536 
6949 8262 8263 
1849 8268 9406 
3361 6437 6743 
6839 7511 8273 
3425 7091 8278 
1313 8287 8939 
6171 6562 8298 
2094 3739 9041 
324 8304 8305 
4786 6874 8313 
2116 8319 8341 
6845 7293 8320 
6316 6450 6489 
8337 8338 9531 
6117 7448 8345 
5075 5221 5364 
2482 5184 9039 
1033 8098 8370 
863 8371 9303 
45 8372 9283 
8373 8374 8700 
8406 8407 9420 
5094 5272 7027 
2628 8415 8416 
2631 3921 8425 
7403 8443 8444 
1176 4842 6603 
280 6444 8252 
8464 8465 8816 
6536 8466 9288 
1993 7567 8473 
2887 5244 5654 
2426 2516 2636 
1384 8492 8493 
712 8343 8498 
1413 8216 8506 
2339 8510 8511 
1020 3848 8850 
387 4430 8515 
943 8519 8520 
295 8527 8673 
199 8549 8550 
8552 8553 9284 
3546 8558 8559 
3049 8572 8573 
1428 8578 8579 
2869 5032 8583 
865 4408 8597 
8605 8606 9167 
1324 8610 9053 
8612 8613 8805 
938 939 8614 
3446 4120 8620 
1338 1509 9195 
2208 8640 8641 
7902 7903 8533 
3234 8644 8645 
8646 8647 8846 
8650 8651 8821 
1083 8656 8657 
8663 8664 9322 
6782 6783 7659 
3506 3557 5926 
2562 6918 8683 
6808 8687 9277 
8711 8712 9301 
7596 7597 8722 
8724 8725 9414 
8731 8732 9318 
8740 8741 9364 
109 288 8947 
2354 8757 9535 
32 8761 8762 
372 8766 8767 
6883 7625 8768 
2375 8753 8773 
4271 8776 8777 
8778 8779 9710 
1287 8238 8782 
8791 8792 8994 
433 4384 8795 
8818 8819 9073 
8823 8824 9434 
5744 8827 9203 
5852 8840 9488 
8848 8849 9183 
6686 8855 9179 
8856 8857 9721 
1661 1662 6922 
3024 4173 8864 
1015 7364 8866 
6928 6929 9157 
7041 7122 8872 
2528 2666 8881 
7925 7926 8886 
7140 7141 8888 
722 5018 8914 
627 8890 9363 
8 677 8627 
252 8921 8922 
1322 3936 4040 
1602 2346 8765 
8931 8932 9340 
532 8940 8941 
8945 8946 9306 
8958 8959 9215 
708 5876 8960 
7002 7003 7198 
5759 8964 8965 
813 5950 7138 
304 8982 8983 
2810 2811 8984 
1395 8259 8986 
4311 9000 9691 
5465 7051 9029 
9030 9031 9731 
1106 4055 9046 
4213 5647 5749 
5199 5237 9060 
984 5580 9068 
4259 4556 9091 
191 5763 9457 
867 4259 9112 
9121 9122 9648 
2793 9123 9124 
3513 3805 4059 
5353 9128 9492 
4496 4883 9130 
9131 9132 9484 
873 9134 9135 
7247 7281 9138 
691 9142 9187 
1605 2982 9078 
9146 9147 9542 
7296 8566 8685 
1071 6736 9155 
1994 2029 7175 
9163 9164 9564 
520 9170 9213 
2506 9172 9419 
1327 1336 9176 
9181 9182 9305 
9151 9188 9287 
1062 6610 9240 
1761 9250 9421 
2129 7202 9257 
254 2148 9258 
1209 9259 9501 
1537 9280 9546 
9281 9282 9757 
1098 6017 9756 
422 7487 9517 
4081 9296 9422 
8488 9298 9299 
1313 6747 8743 
9311 9312 9569 
9316 9317 9638 
5566 9319 9320 
1342 3020 9329 
9335 9336 9612 
904 1537 4039 
91 9341 9342 
2436 9351 9580 
2404 2931 4735 
1730 1731 9717 
32 5391 9407 
1598 9416 9417 
7210 7368 7578 
4899 8691 9423 
2534 8669 8817 
372 3323 9430 
3705 8801 9409 
278 959 2157 
3819 5276 8889 
691 5879 9435 
1809 1936 9436 
324 3337 3338 
256 7196 7420 
51 7727 9453 
9454 9455 9559 
9460 9461 9579 
1207 8267 9462 
9466 9467 9750 
3610 3611 9476 
9478 9479 9747 
4081 8654 9480 
72 8896 9483 
966 5991 6953 
756 757 7453 
2410 8836 9361 
828 8884 8995 
134 582 8500 
265 5253 6134 
9494 9495 9530 
1657 6349 9395 
2318 2319 7655 
1803 7919 9498 
9514 9515 9655 
1666 8541 9516 
9519 9520 9547 
9524 9525 9673 
5836 5837 9529 
4786 8954 9347 
2653 9424 9537 
4250 8208 9545 
1040 3789 4202 
256 4956 6418 
374 3093 9553 
1660 1820 5670 
828 9560 9561 
349 2668 4989 
192 4935 5194 
2246 4501 5914 
1255 1331 7998 
155 3120 8601 
8595 8596 9571 
24 2726 9573 
9575 9576 9593 
357 2152 5846 
9585 9586 9670 
370 4217 9587 
9590 9591 9651 
722 4592 9522 
657 7779 8611 
9602 9603 9703 
9606 9607 9712 
3485 8491 9609 
1244 1923 3635 
2756 9617 9738 
7386 9621 9622 
9630 9631 9658 
1207 8535 9526 
657 7195 9292 
103 1937 3266 
659 998 4545 
279 412 8179 
5226 8860 9626 
5706 5726 9668 
2990 8269 9671 
5705 8402 8532 
4650 5008 8666 
28 3493 9082 
1207 1252 9678 
861 8270 9333 
9693 9694 9713 
9699 9700 9708 
855 3840 8534 
1887 6722 9439 
155 7066 9069 
8341 8342 9541 
657 7339 7976 
2479 3446 9549 
1139 3792 4173 
2928 3155 8927 
5590 5808 8590 
647 4371 9475 
674 1939 9620 
1915 9331 9762 
729 1411 1484 
