32 66
19 134
197 121
204 2
203 46
76 102
105 196
32 87
76 205
204 27
30 185
168 109
207 148
57 101
113 45
203 51
135 171
1 26
117 146
136 59
127 156
76 143
100 78
72 158
153 113
111 6
181 157
118 129
46 192
76 70
34 208
42 5
76 78
204 74
204 119
196 202
156 173
102 205
5 19
136 191
42 175
197 181
175 3
175 68
156 125
76 122
100 176
137 205
19 69
1 102
45 91
184 169
127 173
190 34
76 100
101 97
76 136
3 19
127 139
127 22
136 14
19 101
8 7
176 78
174 72
208 69
105 162
148 25
46 149
115 69
100 200
168 178
76 26
50 149
89 33
33 6
192 113
150 91
102 26
85 72
42 137
204 25
45 178
5 152
81 40
48 113
30 78
45 92
117 169
134 51
188 134
188 195
167 100
32 127
153 92
105 104
188 208
5 65
5 156
13 136
130 83
104 146
30 5
108 206
26 78
136 27
83 17
19 16
57 54
156 82
156 208
181 148
190 32
184 55
115 41
4 81
188 19
5 195
139 69
8 205
184 194
127 69
94 129
190 51
33 32
42 69
30 39
200 205
156 188
127 134
167 176
181 112
176 136
206 10
176 73
42 82
53 87
177 41
31 124
68 173
46 95
8 136
25 101
72 144
130 54
30 11
150 113
128 133
150 46
100 77
85 158
188 115
53 185
76 39
127 23
188 3
75 7
178 91
168 150
81 96
5 207
46 109
130 53
176 14
177 178
190 115
19 31
19 34
30 162
30 6
76 199
104 55
7 205
42 3
46 168
121 181
19 190
31 144
73 205
187 97
32 25
76 200
204 97
8 14
8 167
5 125
1 200
136 25
127 137
139 34
184 141
156 139
208 115
48 153
88 137
177 113
30 205
85 191
105 169
136 135
136 123
204 199
33 90
34 115
190 188
104 162
136 159
83 55
85 176
195 64
156 3
150 29
81 69
204 185
65 68
76 77
48 192
34 31
204 121
207 157
105 18
183 84
184 18
42 134
30 152
176 77
130 55
104 58
178 48
184 16
136 94
23 65
76 47
32 94
183 18
136 205
81 66
156 34
49 54
190 3
203 208
170 36
127 207
127 19
139 188
127 195
139 115
188 177
42 23
49 124
192 193
5 66
65 40
76 8
127 188
127 190
113 163
203 69
190 134
81 188
136 199
89 196
175 32
19 115
183 169
203 3
207 124
30 20
204 143
175 6
105 146
49 11
100 26
30 55
5 133
203 144
204 15
136 86
175 66
104 140
192 149
50 91
176 1
83 146
204 208
23 156
100 73
76 38
190 97
168 113
30 110
49 20
5 68
76 72
42 64
5 137
42 40
30 119
184 165
45 46
32 20
5 22
127 124
136 185
32 115
42 22
136 107
83 140
184 44
187 16
203 115
184 144
127 68
183 140
127 82
4 127
188 82
48 92
46 193
45 29
127 65
127 51
178 113
8 26
94 185
190 16
81 152
75 86
30 87
153 109
57 87
168 48
190 69
184 40
167 200
5 23
203 19
83 162
139 208
31 125
46 178
100 7
204 206
127 72
5 203
30 122
167 78
204 108
49 101
30 86
26 77
130 162
23 175
208 23
127 88
5 34
189 32
136 108
174 26
150 48
42 127
176 102
207 112
184 43
190 101
128 69
183 58
83 18
57 19
174 119
30 63
105 90
183 17
184 99
23 137
83 84
81 173
32 68
113 91
153 95
174 200
179 202
73 200
130 140
1 73
30 100
30 49
31 148
113 144
136 1
8 78
26 205
186 160
48 29
167 14
127 34
184 117
136 63
5 69
6 68
4 68
204 101
188 36
184 64
76 30
13 1
19 97
26 200
156 64
8 200
81 32
137 146
208 88
30 111
130 17
48 91
8 47
167 63
174 75
5 96
148 112
184 101
1 199
150 45
178 109
85 102
188 31
46 48
50 45
136 85
5 170
127 125
187 171
8 30
203 65
30 26
127 66
32 185
174 111
127 170
204 10
19 171
81 19
139 207
32 134
190 31
183 22
5 52
174 8
76 176
81 41
197 157
101 16
102 200
81 131
184 147
81 64
30 176
181 170
5 124
127 115
83 30
89 10
156 32
100 205
87 54
204 191
178 92
85 59
30 200
188 41
203 23
42 115
8 77
81 17
105 185
130 18
168 92
203 175
42 68
102 78
51 34
167 26
184 126
130 87
13 102
167 102
136 26
170 115
8 73
48 60
118 171
182 160
5 115
100 47
78 205
156 88
32 111
5 142
30 51
30 47
101 171
89 105
144 155
72 167
195 69
94 16
183 147
73 78
81 82
85 30
108 94
88 175
8 63
183 54
89 206
113 92
1 77
130 22
156 69
197 170
72 166
34 134
156 207
206 157
5 201
48 95
136 194
5 208
104 90
85 103
74 171
81 195
81 6
8 102
156 134
33 185
136 78
187 94
33 111
26 14
110 199
174 205
88 66
23 88
100 14
8 1
81 175
190 171
188 23
167 77
23 69
156 124
136 15
46 29
167 136
170 34
148 157
130 84
66 6
136 10
42 51
204 59
113 29
156 115
183 53
42 156
5 32
1 78
29 60
42 32
127 40
150 92
49 87
100 136
68 51
129 97
76 85
177 150
73 14
76 119
158 9
139 134
76 1
102 77
174 49
32 51
127 64
42 88
3 5
1 14
188 170
76 14
170 190
187 118
26 7
32 11
50 92
23 3
5 40
5 190
177 29
3 6
136 77
153 91
26 73
130 58
203 190
100 102
156 40
42 19
184 205
83 58
69 32
48 45
75 179
117 18
3 69
20 101
76 86
204 129
104 17
42 81
203 68
50 46
105 101
177 131
156 190
108 25
171 129
176 47
204 70
48 109
148 206
113 60
150 178
156 19
45 149
136 2
207 115
30 73
136 103
139 190
183 55
204 44
45 109
32 101
203 134
184 166
5 82
183 161
127 175
85 167
204 36
4 175
42 65
42 66
4 3
139 170
76 73
4 65
183 130
204 148
188 101
169 18
167 73
188 34
85 38
105 33
32 54
94 123
176 200
136 102
50 113
5 88
85 155
127 3
5 127
187 129
5 139
188 69
183 146
81 190
5 128
115 82
136 200
45 60
58 18
50 150
183 162
3 32
204 39
85 13
121 148
207 125
186 72
204 67
1 205
203 32
42 34
19 94
75 122
183 83
183 87
156 170
204 123
76 167
5 175
76 7
187 101
136 44
139 31
76 63
204 171
174 199
83 22
127 208
204 157
204 94
5 51
176 205
23 115
46 92
68 88
30 77
83 53
184 162
76 75
167 205
203 207
31 112
32 74
45 95
203 34
83 54
60 92
115 124
76 49
184 58
32 16
50 29
5 188
204 49
16 74
130 169
72 78
139 36
32 64
118 97
3 65
101 118
167 7
184 185
81 127
72 30
85 70
176 26
19 32
184 17
102 14
76 111
104 196
23 68
60 91
197 148
105 54
8 100
190 208
8 176
30 75
144 65
136 73
174 78
136 158
136 67
102 73
30 143
3 68
136 9
6 32
5 173
105 17
89 90
100 1
73 77
30 199
30 167
30 7
203 95
203 36
19 51
30 101
184 146
