129 206
34 32
134 144
204 157
136 14
208 139
131 82
190 23
136 13
129 55
7 77
85 72
127 125
170 115
128 175
5 173
144 72
115 18
95 109
207 125
5 82
72 68
76 1
188 69
188 173
100 26
19 82
46 29
5 23
46 149
147 55
203 160
204 171
5 208
209 194
127 173
1 8
26 199
60 91
1 73
136 44
203 137
34 175
83 147
45 109
34 3
167 205
5 96
19 41
23 207
131 177
46 109
177 29
173 66
38 47
9 97
136 191
32 134
207 39
76 8
203 175
38 78
26 102
131 208
19 124
173 137
30 55
45 149
83 17
48 92
136 9
32 25
131 134
30 205
5 133
127 134
188 115
92 91
194 18
32 19
203 40
13 205
5 40
85 70
103 135
79 152
188 175
30 26
73 47
204 59
83 140
11 3
19 16
204 185
66 68
208 156
100 1
19 175
7 205
197 207
19 134
177 41
168 149
203 66
203 51
136 77
60 178
84 53
173 40
79 19
136 123
208 119
23 127
83 169
194 117
11 33
79 6
69 82
13 161
88 137
11 6
5 137
25 123
9 204
5 115
46 153
194 58
209 129
208 128
26 7
51 207
162 186
32 54
208 82
11 111
103 2
32 23
32 57
46 60
45 29
136 94
104 162
209 181
101 97
51 6
127 88
79 131
5 201
83 87
100 78
104 55
169 18
170 139
94 102
85 191
188 34
137 169
126 166
69 51
89 10
33 185
148 112
177 134
176 73
131 23
170 171
176 136
50 60
197 126
125 11
168 48
136 10
203 65
207 199
64 127
152 3
19 125
53 10
203 41
1 200
194 99
134 115
25 206
32 208
38 26
127 34
19 195
26 73
113 58
153 193
200 123
167 77
78 200
13 135
6 33
176 14
208 126
100 76
19 170
51 115
194 169
113 91
134 23
100 47
90 105
9 2
155 66
188 207
13 94
19 17
89 196
100 199
168 192
5 69
131 137
190 69
177 40
168 84
19 101
153 92
203 208
76 14
194 147
23 208
102 14
104 105
5 79
103 13
194 146
176 77
23 65
78 73
4 65
26 78
83 11
134 190
11 87
190 170
86 78
181 157
78 14
208 170
76 72
136 185
188 139
207 157
90 206
176 102
9 14
51 65
83 54
181 112
175 115
176 78
135 27
177 66
42 3
121 181
208 125
13 59
19 88
209 85
4 68
131 32
78 8
168 29
104 17
86 63
188 124
208 19
173 19
60 153
204 39
126 183
14 110
6 68
100 14
53 183
170 23
26 205
162 161
46 95
204 49
100 73
173 128
38 30
208 41
177 149
19 96
26 1
51 152
127 54
175 69
45 46
5 34
134 137
103 14
209 95
94 185
19 68
78 1
32 6
209 25
1 14
5 207
127 115
188 125
7 73
5 128
83 30
83 55
32 69
83 186
26 76
53 185
104 90
5 52
53 54
5 170
19 127
129 101
53 90
89 206
60 109
83 101
134 51
204 25
51 111
6 185
19 203
13 1
139 115
158 191
128 115
115 195
32 3
4 3
167 14
188 32
208 101
103 44
153 109
203 144
167 26
167 158
127 128
193 113
79 82
194 17
23 156
26 136
34 69
177 208
113 29
26 14
19 22
108 25
5 19
204 199
100 8
203 34
38 49
139 34
203 68
32 11
194 126
194 166
9 70
193 95
1 205
111 10
203 82
168 50
181 191
208 148
46 193
21 11
194 16
204 208
51 175
13 185
204 191
48 29
26 77
26 200
30 162
153 168
190 115
94 191
32 68
131 20
207 119
19 133
14 39
23 128
173 134
139 207
30 152
170 207
127 139
32 87
177 150
6 64
53 87
79 64
170 34
32 64
100 7
38 111
136 205
19 69
89 33
79 69
147 84
7 143
32 190
204 27
9 158
21 20
89 105
208 34
14 7
83 58
32 111
23 115
25 185
188 3
187 171
173 203
48 113
181 126
134 33
207 49
48 91
13 14
204 10
176 1
127 124
60 193
208 190
204 67
181 144
83 163
13 44
19 33
60 149
175 3
19 64
19 144
134 175
209 161
108 123
79 66
7 169
83 166
95 48
5 65
178 149
197 170
20 87
173 3
5 68
181 148
168 92
38 200
38 119
195 207
25 73
100 200
94 101
32 152
5 124
150 113
193 144
5 195
34 115
19 190
14 77
5 51
173 88
5 175
50 149
131 40
83 47
83 22
102 205
79 41
127 40
45 48
69 195
100 102
153 91
193 48
131 150
173 69
5 152
196 202
204 94
19 23
79 40
170 69
83 161
102 8
14 205
204 129
167 200
203 3
194 144
83 84
147 18
5 127
168 113
46 150
200 7
9 191
147 53
46 48
188 82
173 208
9 59
78 7
30 11
103 185
158 72
136 135
50 91
115 156
170 125
203 32
13 191
100 167
203 50
60 168
32 33
177 113
136 73
30 20
19 131
38 39
136 78
136 27
199 74
194 205
38 76
32 175
51 55
9 13
208 39
197 181
79 173
113 45
150 29
188 134
19 156
131 41
88 203
170 195
51 190
23 69
162 197
197 157
188 208
167 1
177 82
73 77
14 143
75 122
105 162
9 10
194 165
102 73
9 15
13 26
175 127
209 54
1 77
79 188
131 115
177 46
203 69
50 45
143 73
204 123
73 200
208 69
100 176
51 11
45 92
104 196
176 167
190 188
177 20
79 190
51 23
134 65
38 14
176 26
173 124
203 113
30 101
1 102
203 150
171 190
51 185
5 32
19 51
19 128
73 63
51 144
177 32
190 34
155 203
3 68
13 199
168 193
168 91
30 6
176 47
209 105
127 101
204 119
127 82
89 90
13 102
86 76
25 101
27 107
136 107
147 30
76 205
49 205
102 200
90 196
155 144
13 74
199 205
45 95
176 205
32 20
103 27
38 102
123 6
177 115
38 176
9 94
45 60
19 52
14 73
9 107
203 190
110 26
136 199
85 167
11 19
30 111
14 27
200 205
13 72
208 124
26 123
101 3
103 107
78 205
4 127
204 143
204 2
127 69
194 185
32 115
79 96
32 207
194 64
51 87
65 156
127 170
19 66
153 113
203 29
167 78
204 70
51 101
13 27
101 171
5 66
50 29
21 42
193 109
173 96
38 70
207 124
5 203
73 205
78 102
104 202
13 111
194 44
103 15
131 50
23 195
136 108
207 115
32 108
13 73
209 72
147 58
5 139
153 95
20 54
208 134
100 136
104 58
203 23
127 195
30 51
197 148
194 101
131 29
108 185
38 8
1 199
127 96
194 43
208 127
21 32
167 7
167 76
19 139
127 72
19 6
136 159
190 195
14 86
190 139
13 158
83 5
194 40
19 152
5 125
53 101
131 113
188 127
32 94
207 143
193 149
147 22
4 175
5 88
100 205
23 3
50 113
207 134
32 51
38 122
45 178
108 94
178 46
38 72
153 45
168 95
194 141
195 18
204 74
72 167
30 122
86 73
208 115
25 94
32 101
136 15
177 69
134 34
38 199
50 46
19 3
38 73
170 188
139 201
203 115
60 150
155 72
208 137
193 92
19 137
38 86
208 166
11 64
38 63
190 124
204 206
38 205
204 108
129 162
21 4
11 20
177 178
118 97
167 136
83 53
38 100
209 74
207 112
208 207
153 192
85 38
170 124
208 195
103 159
79 195
85 13
79 127
204 148
19 171
23 82
14 107
105 55
123 185
38 7
135 15
136 25
168 109
176 8
60 48
103 194
91 192
136 8
25 171
5 190
113 92
48 109
188 195
5 188
11 57
209 97
193 91
209 198
162 166
95 149
14 135
79 17
60 92
51 122
170 134
181 170
103 123
32 185
5 156
167 102
30 87
207 74
9 160
13 16
113 60
85 158
194 55
73 74
207 148
167 8
51 208
156 68
203 177
19 115
136 103
5 22
14 200
136 76
167 73
83 18
136 200
177 19
65 144
176 200
208 112
136 67
51 162
207 69
208 3
46 203
208 88
60 29
9 206
127 3
153 149
32 144
23 18
103 205
167 63
147 17
134 101
19 97
177 137
204 121
131 46
83 64
127 190
13 10
136 158
108 206
9 85
19 65
78 77
204 15
102 77
23 188
19 188
32 66
131 66
148 157
6 111
177 23
38 143
131 149
147 54
204 101
147 162
105 196
19 201
177 50
79 32
8 73
32 74
136 59
46 192
14 8
73 123
173 68
175 208
50 92
173 32
118 171
11 69
134 203
127 207
34 128
194 162
209 2
160 182
11 54
83 146
38 1
38 167
50 150
33 169
88 68
136 70
123 191
88 156
4 81
19 40
131 178
207 173
136 102
30 185
32 127
77 205
79 175
1 136
150 178
168 46
210 198
34 19
118 129
128 69
127 156
197 121
14 101
162 101
173 156
137 205
131 69
188 137
13 70
83 162
203 149
100 77
115 69
34 51
5 3
207 19
26 8
204 97
45 91
13 123
190 125
40 144
208 65
38 75
