141 162
53 33
139 170
127 134
122 41
120 3
50 178
76 122
76 119
152 88
94 102
47 8
36 156
151 65
4 42
58 56
174 70
96 82
12 3
101 118
4 175
56 147
61 2
124 88
100 14
102 63
50 150
14 159
27 123
102 14
108 27
127 151
71 77
127 32
32 5
152 21
36 39
85 70
38 143
174 111
66 115
61 93
175 40
92 45
47 176
102 123
14 136
151 82
141 126
25 70
66 3
27 44
14 56
152 32
85 62
61 15
9 93
14 2
85 2
51 68
106 55
108 73
152 16
61 123
36 41
106 58
38 75
112 10
12 65
12 25
114 16
78 93
66 19
30 6
122 152
30 101
32 66
9 35
22 83
64 4
127 51
174 47
14 103
102 103
174 7
114 19
32 88
12 6
14 123
8 14
19 115
81 12
100 176
36 19
5 66
5 115
152 64
125 61
145 55
76 86
130 53
132 36
182 31
9 70
81 64
32 19
151 3
107 159
152 65
157 148
152 128
14 35
108 123
74 72
37 93
139 19
145 93
81 127
68 11
156 41
66 138
151 68
86 78
152 34
152 41
86 18
71 78
145 101
9 10
154 75
81 42
173 156
63 14
102 44
182 186
128 22
75 7
32 41
47 111
120 12
5 127
145 144
76 49
73 94
31 92
61 59
9 158
130 162
51 32
173 40
102 158
14 10
67 61
13 185
152 134
81 152
122 6
145 99
11 21
166 123
173 151
6 32
13 73
38 7
13 74
114 145
44 15
122 55
138 32
61 36
5 142
58 140
5 34
114 165
78 77
120 138
32 20
182 47
84 130
154 73
76 70
154 14
5 133
127 164
20 21
182 155
173 66
102 27
67 143
5 152
144 93
124 148
174 69
72 93
76 143
14 39
133 127
8 71
12 115
71 63
37 67
37 123
127 152
76 8
127 68
76 78
32 69
134 74
102 25
49 111
61 37
165 27
19 34
38 86
9 97
122 11
36 139
182 144
134 138
29 31
153 95
28 178
61 108
31 131
129 101
128 142
67 27
28 50
61 44
31 150
128 151
106 140
16 97
108 25
67 74
30 41
174 8
174 122
5 156
12 20
127 4
35 39
32 25
9 107
78 7
174 26
152 20
28 48
14 135
71 38
28 91
35 44
167 63
173 88
152 101
32 87
145 169
19 4
127 64
87 56
47 72
19 42
38 63
58 146
5 40
127 82
154 10
102 77
37 25
132 157
12 134
13 16
30 106
6 68
76 102
26 77
31 91
112 25
132 148
93 73
138 144
139 115
145 64
37 74
116 17
102 13
118 97
153 109
159 27
100 77
50 31
174 72
130 17
68 66
152 69
3 88
138 65
167 14
99 14
154 119
122 87
65 68
13 70
174 110
36 125
71 122
64 42
9 160
12 69
24 87
76 72
7 86
25 61
71 143
25 85
174 77
115 37
110 26
174 76
30 56
5 52
25 63
32 33
174 133
50 91
163 106
115 74
67 132
152 6
49 75
152 66
87 68
165 35
114 186
174 147
152 115
76 30
167 8
29 91
5 69
96 69
5 41
13 158
14 25
14 1
5 96
13 10
51 3
26 111
117 87
100 26
61 10
120 23
167 71
81 69
87 64
80 55
4 142
100 63
35 15
11 3
134 56
87 127
127 42
26 71
76 59
32 16
93 59
12 34
78 63
115 23
5 68
9 85
13 14
14 110
36 119
5 137
71 39
78 26
64 6
107 44
19 68
32 68
71 111
32 134
25 13
72 155
13 26
127 138
152 87
76 75
108 14
86 58
167 72
127 36
120 152
132 170
151 115
152 11
69 137
47 49
86 73
115 101
12 23
68 24
130 58
50 149
27 15
145 16
36 69
4 21
76 73
166 75
25 2
130 18
71 176
138 41
47 85
153 91
67 135
138 19
167 26
7 99
127 124
115 175
76 1
92 28
145 166
127 3
156 68
174 100
6 93
22 18
124 115
182 161
67 119
13 72
26 176
71 47
85 158
36 74
154 160
14 158
151 124
187 118
25 73
64 101
76 136
43 17
5 128
101 16
76 7
38 122
99 141
37 19
68 3
152 74
32 65
38 30
26 63
13 44
65 66
14 94
152 142
12 68
156 3
58 17
60 92
37 68
71 7
138 69
12 94
92 91
64 68
82 19
115 97
36 115
115 56
120 65
19 69
165 141
68 56
127 79
5 124
50 29
13 135
174 115
120 122
14 126
174 31
32 115
71 119
63 73
61 119
114 44
116 55
127 52
81 41
156 82
127 56
13 85
65 20
36 88
8 176
12 93
30 86
67 44
115 3
102 159
174 131
36 51
76 39
61 143
5 88
174 102
4 164
39 44
114 141
166 133
19 41
38 76
152 19
19 65
102 107
174 30
37 36
36 23
76 26
118 129
71 62
56 69
111 72
19 101
127 175
165 145
13 27
56 82
5 17
81 40
38 111
38 1
47 63
67 70
122 93
5 82
127 21
65 3
122 106
61 148
134 101
73 26
13 94
98 135
5 134
78 73
93 123
130 106
152 94
5 36
84 41
154 135
144 155
167 85
32 37
32 12
37 134
5 20
174 62
174 71
154 161
110 123
8 63
12 16
20 68
175 50
114 129
19 151
175 12
25 93
5 125
151 56
133 22
134 115
30 93
34 82
145 146
122 56
120 34
56 6
145 162
4 3
32 101
151 64
49 72
127 65
165 55
64 124
108 13
29 150
114 94
5 19
43 99
100 71
73 8
19 22
111 11
47 26
127 69
159 123
112 36
127 188
174 49
128 69
35 2
76 71
76 85
9 27
66 82
120 115
145 17
134 41
130 146
174 86
167 102
14 59
64 94
12 41
127 125
9 14
38 62
31 120
26 136
102 73
5 139
152 133
13 93
5 173
86 63
81 17
145 44
60 31
38 72
117 75
164 3
80 106
26 25
127 139
187 16
127 19
134 69
174 73
127 88
6 111
76 63
167 176
107 135
72 123
49 14
50 46
81 4
165 126
114 83
100 73
36 3
73 77
43 126
138 34
115 88
5 138
182 160
38 102
32 23
100 1
174 14
13 43
151 22
27 135
167 77
127 34
76 14
127 66
156 69
102 135
152 40
12 33
6 20
11 24
71 70
134 34
63 183
36 54
61 94
145 18
32 82
19 33
49 26
72 62
38 85
101 74
43 169
71 85
47 78
9 2
35 93
31 95
66 23
19 56
153 31
61 74
67 43
19 11
174 38
50 45
107 35
174 78
117 54
151 41
64 12
117 146
145 40
94 25
5 120
11 64
128 40
36 65
106 146
71 49
5 56
141 44
5 12
61 129
154 44
4 65
186 160
174 74
145 43
26 14
151 69
127 115
78 1
107 2
122 24
61 97
38 39
76 108
145 54
115 65
6 49
9 94
127 128
102 78
134 36
108 103
47 75
4 23
19 20
102 93
120 36
60 91
6 147
110 30
140 18
36 32
127 96
117 101
94 93
152 3
130 83
19 24
108 59
12 11
108 26
31 46
100 167
122 101
130 55
173 124
114 135
32 74
5 79
80 54
14 7
13 161
152 24
102 15
8 1
8 77
49 63
22 130
107 15
30 122
66 51
165 169
165 162
47 62
19 175
71 75
56 3
122 162
64 3
12 74
156 88
107 123
47 102
8 26
152 23
76 2
32 34
73 7
47 119
30 24
110 93
153 92
94 108
11 20
120 19
36 101
106 162
127 156
73 135
32 24
76 47
13 111
138 3
130 87
154 144
116 179
36 11
31 154
153 149
50 92
151 32
9 13
145 58
47 77
110 78
19 93
47 38
47 122
71 102
152 33
2 77
120 68
60 29
66 175
47 39
49 7
173 32
4 101
30 55
36 68
102 8
5 22
4 12
173 68
96 115
5 51
127 120
47 86
174 120
110 59
36 170
127 137
71 72
49 77
5 3
56 32
30 185
127 6
38 49
127 23
5 65
71 1
81 131
94 16
76 77
112 157
38 73
152 25
108 102
173 19
73 85
35 123
102 9
61 107
47 7
122 12
127 40
85 59
30 49
76 103
108 2
37 94
61 101
152 151
122 21
19 134
156 32
107 27
26 1
51 86
14 93
114 130
114 97
61 27
138 23
64 56
12 101
135 35
127 12
174 11
120 134
80 162
92 29
28 29
32 11
76 111
173 3
138 155
6 11
187 101
64 164
167 1
9 61
12 87
125 25
13 59
138 36
4 68
12 66
32 3
141 184
100 102
174 180
134 97
12 24
51 11
47 167
165 99
68 33
101 97
76 62
122 111
145 147
31 178
62 120
72 2
19 3
64 65
61 157
61 121
189 4
30 21
31 48
14 27
29 178
144 72
76 13
19 52
58 147
9 15
151 156
152 56
139 69
145 56
152 68
30 111
64 32
19 64
32 93
50 113
71 86
56 41
19 74
19 12
37 108
174 119
49 39
49 143
67 93
81 96
14 44
76 176
115 69
93 26
2 78
7 44
152 22
81 142
130 140
14 107
100 78
127 101
154 186
38 70
38 14
49 119
134 65
38 119
61 39
75 86
116 117
139 157
100 47
175 144
5 188
64 147
45 29
43 113
66 64
135 15
81 164
30 11
151 23
127 22
31 36
145 141
102 67
120 56
161 31
115 41
30 87
47 1
36 157
31 28
78 14
19 16
22 17
106 17
153 28
27 93
116 101
47 14
128 133
152 93
36 34
30 162
139 34
120 101
127 41
134 3
27 2
37 34
167 78
154 111
57 101
19 142
73 123
47 70
110 73
4 41
37 101
81 82
76 25
145 126
19 51
14 77
49 86
63 137
8 78
107 93
32 94
14 86
106 169
132 121
5 190
50 60
81 56
145 117
102 26
2 73
151 12
114 31
76 167
12 37
174 63
36 93
152 156
5 81
134 23
61 70
5 151
120 32
5 31
49 8
85 72
19 25
14 73
9 59
47 143
124 36
102 2
66 41
19 87
102 59
5 175
70 72
37 3
165 146
8 7
133 142
167 73
5 23
81 32
130 54
19 97
141 55
133 68
67 94
81 175
166 117
115 138
152 37
47 73
35 27
71 73
71 14
152 12
37 6
73 1
51 12
181 163
100 76
102 10
19 23
49 73
112 148
130 169
60 28
19 6
