1 2
3 4
5 6
7 8
9 10
11 12
9 13
14 15
11 16
17 18
5 19
20 21
22 23
20 24
14 25
14 26
9 15
14 27
28 29
5 30
31 29
32 12
32 33
22 34
35 15
5 36
6 23
5 37
38 39
1 14
40 12
4 41
4 42
43 44
45 46
30 47
45 48
30 49
50 31
22 51
52 53
32 3
13 54
38 30
6 20
5 55
5 51
22 56
57 58
32 16
9 59
5 53
60 28
9 61
62 63
35 27
64 19
65 66
67 43
68 3
5 69
38 70
11 49
71 72
73 39
40 19
74 16
38 75
1 44
62 76
38 49
61 44
73 77
14 78
22 79
11 57
80 54
62 72
61 74
81 40
5 82
61 10
50 28
83 84
5 22
73 71
2 85
62 86
69 41
7 63
87 74
73 63
68 88
89 90
28 91
22 41
22 12
87 12
52 32
13 43
38 7
28 92
35 93
6 49
74 49
94 70
45 95
96 82
19 97
98 13
14 99
37 12
30 100
71 85
11 101
22 93
62 38
14 71
62 39
14 49
25 102
14 103
104 105
64 33
85 59
38 73
6 68
62 71
32 19
65 21
80 106
14 59
22 33
9 107
11 53
14 108
51 7
109 29
31 28
19 68
14 110
7 111
25 67
6 74
67 99
83 56
11 96
36 112
9 97
52 96
50 113
114 55
52 115
12 4
35 44
116 117
40 32
7 86
12 21
5 118
38 47
50 60
38 102
49 72
13 72
11 41
67 119
52 41
38 120
61 121
13 16
5 122
62 47
22 82
6 19
61 70
14 123
5 24
52 55
14 7
11 87
87 68
13 27
109 95
5 124
14 93
125 68
26 78
14 126
6 69
61 123
72 127
5 128
80 55
63 100
61 129
38 122
1 8
49 26
32 69
37 33
65 32
7 78
64 69
22 19
22 88
5 115
7 85
25 108
52 64
104 17
63 8
13 2
40 21
5 65
22 130
83 106
32 41
34 21
81 131
32 93
13 93
132 36
19 20
26 102
71 119
22 16
94 99
96 41
35 107
64 3
26 77
43 78
73 26
5 49
7 39
62 70
11 55
94 119
5 11
6 25
6 87
63 78
64 41
16 97
81 32
22 81
6 101
115 74
64 56
5 68
5 120
36 88
11 3
9 85
62 78
22 133
22 134
35 135
14 136
13 74
91 92
37 6
5 66
22 137
61 25
45 91
22 138
36 139
62 85
22 128
58 140
81 64
13 59
94 93
9 141
22 52
14 107
61 93
38 119
115 82
73 94
22 3
13 123
5 3
5 101
7 47
81 142
50 91
36 34
37 101
6 24
6 65
87 3
128 133
104 18
87 64
5 34
61 143
11 56
69 142
65 3
5 74
5 139
144 72
45 60
34 142
67 61
58 145
83 58
19 101
63 137
5 125
7 99
5 87
61 101
5 56
5 57
20 33
61 2
71 76
60 31
63 26
13 26
143 7
5 96
7 119
4 23
5 142
45 28
83 146
22 124
83 147
1 102
132 148
50 92
64 16
81 3
93 6
94 132
36 54
45 29
65 68
5 41
40 142
71 77
73 25
132 121
11 21
50 29
14 102
45 149
125 51
4 21
1 9
73 148
12 33
32 25
7 30
32 5
22 68
7 102
9 14
6 32
92 150
14 100
101 3
6 41
4 68
14 77
5 151
67 132
93 33
69 133
83 53
115 64
73 7
22 152
122 18
7 70
36 151
22 36
83 87
67 93
36 68
9 145
71 102
12 68
71 100
4 101
34 32
5 40
62 8
30 122
94 143
109 28
38 1
60 29
62 119
6 33
30 110
86 18
73 59
153 91
128 151
7 75
52 3
71 75
83 18
6 16
11 69
2 72
115 101
73 8
81 12
32 64
94 74
38 72
73 102
101 55
22 139
32 74
1 73
71 38
11 93
71 70
64 101
9 35
30 86
115 41
22 40
13 10
69 82
41 19
11 33
93 87
14 13
5 134
73 123
115 23
26 71
69 127
6 21
3 12
61 36
9 44
62 73
32 49
62 100
38 86
11 74
96 22
118 97
5 133
73 78
85 154
52 19
65 138
68 56
71 8
50 149
118 129
62 77
5 81
38 76
87 33
5 52
64 57
151 69
6 115
7 71
14 70
151 133
13 111
7 122
22 151
43 17
64 74
32 23
36 115
32 68
64 49
109 92
11 118
62 49
63 102
14 94
87 115
81 152
67 143
40 34
11 52
7 76
7 77
63 71
5 33
37 16
11 68
71 47
25 1
72 14
38 85
67 70
83 17
11 152
155 72
61 15
7 110
45 109
1 94
62 1
22 69
31 91
61 94
36 124
52 12
109 48
22 156
1 10
11 115
36 51
132 157
17 56
22 66
36 23
65 23
25 70
22 115
52 56
14 158
83 140
71 122
30 71
81 56
60 91
87 19
32 11
14 159
11 20
52 152
61 119
5 23
7 100
116 101
5 156
69 56
74 101
45 92
62 102
32 20
64 12
5 138
90 104
71 143
43 126
86 58
9 70
32 115
115 19
35 14
9 160
13 161
22 65
11 6
52 93
11 64
38 111
13 73
81 41
14 10
61 59
38 14
83 22
36 41
13 70
26 8
31 150
31 92
6 3
115 69
11 122
22 120
7 26
1 78
52 69
14 63
20 49
37 11
22 125
1 26
9 2
26 93
85 94
89 105
14 44
38 143
35 123
22 32
62 30
62 75
1 15
128 142
67 74
32 24
5 93
109 91
64 93
87 41
5 137
50 150
52 87
43 99
50 46
128 120
62 111
1 123
1 158
22 101
110 26
14 8
5 64
13 85
36 125
71 86
63 77
37 74
14 135
1 93
5 152
1 13
38 63
64 6
35 2
13 94
109 46
16 94
36 156
7 74
73 14
81 17
9 135
1 107
14 2
14 86
116 55
62 26
60 92
14 143
22 11
83 162
90 105
34 12
138 72
5 16
5 79
1 103
7 72
6 12
1 159
7 49
64 68
5 88
61 148
61 108
61 157
50 45
128 69
116 126
62 14
62 7
32 87
5 20
83 55
71 49
71 111
94 43
9 94
68 156
104 101
9 158
62 122
11 19
61 27
92 29
1 63
115 12
163 55
87 101
32 101
5 12
