177 134
67 74
165 27
5 22
145 141
32 94
127 151
6 108
24 87
55 101
49 126
79 142
32 134
106 146
76 7
85 191
75 117
131 115
130 17
173 69
19 94
145 169
30 12
78 26
22 173
192 149
180 85
178 29
22 82
60 113
47 49
52 120
36 144
102 78
179 121
175 65
124 88
91 48
32 152
79 131
115 36
115 134
23 65
102 93
127 134
167 78
4 42
9 191
165 146
36 12
137 146
37 6
55 16
135 15
73 2
47 63
134 101
36 82
116 16
180 174
6 66
134 36
4 175
30 106
100 63
167 86
80 54
27 93
180 62
55 166
124 23
138 34
9 59
7 110
131 40
173 124
141 126
173 68
32 120
3 151
79 12
67 94
119 70
151 64
112 36
46 193
76 70
158 67
166 162
30 74
43 141
175 6
22 139
167 72
180 71
159 194
53 140
70 108
55 161
23 36
180 102
47 93
132 36
60 91
106 17
5 173
33 93
9 14
37 94
104 90
61 15
187 19
130 18
173 31
79 66
145 44
14 94
19 190
180 111
26 86
114 83
36 96
90 101
42 127
5 88
187 16
130 87
164 56
167 143
79 40
102 2
116 171
22 88
182 191
9 94
36 31
152 64
30 11
67 119
100 102
61 36
36 137
71 30
180 143
61 39
5 151
139 115
14 71
47 7
47 119
83 18
130 146
5 41
4 3
128 40
130 22
183 84
80 106
68 11
94 108
116 148
81 195
167 111
36 69
76 102
132 170
188 137
167 49
100 122
173 115
100 70
107 93
124 41
64 62
73 136
107 159
174 7
22 81
71 70
100 8
26 93
102 59
145 56
30 87
53 58
177 188
138 144
67 70
148 125
22 19
91 92
73 94
131 23
102 44
100 39
79 96
145 18
58 183
86 18
131 149
173 139
154 86
177 82
5 156
21 65
138 175
167 75
26 110
182 160
134 31
5 17
177 23
67 135
114 130
25 70
167 119
135 14
5 56
116 146
73 26
22 68
47 75
138 65
42 175
79 56
14 26
14 103
171 16
152 3
4 12
100 78
124 56
105 106
173 66
5 40
63 183
132 148
69 41
36 66
190 115
58 137
102 15
83 87
114 94
134 69
190 56
177 138
35 15
184 117
107 194
103 93
32 69
107 123
5 195
47 27
116 101
14 78
107 39
4 164
35 2
73 1
9 44
65 164
36 127
175 66
167 38
114 172
101 171
152 19
30 47
21 177
187 3
61 121
50 150
22 152
188 101
180 120
102 10
100 49
158 9
186 191
58 17
174 115
159 44
183 146
61 171
22 56
158 159
132 121
115 125
36 65
169 17
24 93
14 77
69 152
158 93
148 157
114 186
173 32
114 159
105 98
158 2
13 14
175 68
48 95
64 32
27 14
174 78
116 162
140 163
175 23
48 28
5 52
76 14
20 11
21 175
55 162
159 27
9 141
138 66
175 144
14 59
127 56
68 3
76 62
173 19
69 120
52 23
6 64
167 1
25 13
46 149
180 136
101 97
9 61
24 30
73 74
61 129
174 63
150 29
114 132
177 115
13 72
59 103
78 7
9 70
167 176
177 175
145 126
14 86
133 69
76 8
6 54
76 71
131 41
102 194
5 134
32 151
43 165
104 58
164 175
5 139
180 78
180 24
81 127
111 11
100 72
167 63
164 3
116 196
9 39
73 102
148 41
36 133
76 73
47 26
27 135
188 41
32 97
83 145
184 126
44 15
22 124
9 2
114 84
159 93
187 97
36 170
175 88
13 94
37 16
188 127
179 55
158 135
76 77
22 151
154 7
65 3
100 119
71 75
64 42
165 126
176 1
180 31
12 3
71 62
4 21
32 34
105 104
47 14
32 65
24 49
161 144
158 59
178 150
21 81
32 31
180 7
30 26
25 39
130 58
37 19
167 102
100 76
140 146
73 78
67 43
69 66
55 117
60 29
24 54
179 43
5 188
145 43
114 97
85 70
107 15
73 93
158 15
47 86
36 120
52 19
173 127
187 94
13 26
46 95
5 66
79 41
22 41
103 135
81 4
22 156
180 38
100 7
36 32
188 134
146 18
19 16
179 196
5 69
22 125
35 123
188 56
105 54
139 19
6 68
32 33
114 121
5 190
85 59
67 61
173 156
139 16
180 122
145 93
167 71
150 91
79 152
47 103
183 162
102 123
187 171
48 46
180 49
32 20
48 109
50 29
84 130
36 51
36 152
119 148
67 132
47 38
180 86
58 54
138 120
22 133
71 77
61 44
43 78
52 36
70 136
172 117
134 23
165 162
9 27
50 91
180 47
30 100
22 66
112 157
175 36
35 103
158 14
173 125
24 21
5 79
13 85
19 74
122 55
114 10
37 74
100 1
79 32
74 101
79 4
179 184
173 175
175 188
192 168
122 75
115 41
150 92
30 6
114 15
127 124
30 49
159 15
23 112
145 17
47 70
9 107
115 148
67 44
13 10
103 123
158 123
110 93
164 21
184 101
61 94
71 136
158 77
183 106
69 64
90 54
22 40
73 111
183 87
5 3
71 176
81 12
100 85
130 140
36 157
180 11
79 188
14 25
14 7
32 127
32 23
71 102
99 14
64 164
102 94
71 39
5 81
19 82
25 73
100 38
32 41
22 12
78 77
121 148
158 27
32 66
36 34
137 69
73 77
71 122
165 99
64 56
70 14
53 147
175 32
167 122
84 29
114 98
79 64
158 8
114 129
32 74
104 93
131 29
100 143
68 12
180 70
102 13
134 51
79 164
13 70
14 39
4 65
96 22
184 99
130 106
154 72
44 135
158 102
105 146
118 97
167 77
107 103
173 190
5 125
91 28
81 164
79 69
29 91
33 24
100 176
26 102
180 8
6 24
122 51
106 140
173 133
138 19
32 93
100 14
183 171
5 152
183 53
173 88
116 157
131 177
175 127
34 23
173 188
173 137
69 82
96 56
5 82
138 137
174 77
71 47
164 68
184 56
32 11
83 54
14 102
160 135
154 31
187 118
14 93
57 101
179 97
175 156
5 124
22 115
174 86
6 51
175 134
100 47
172 58
131 36
36 151
106 55
47 85
9 85
81 64
100 167
65 12
24 64
64 3
68 20
61 2
105 17
7 169
14 136
61 157
5 31
145 166
36 68
145 146
161 31
131 66
81 175
30 55
104 146
32 188
173 20
115 56
158 25
13 44
52 51
51 137
71 85
15 85
180 73
168 92
177 150
3 21
36 19
156 36
101 16
79 127
14 110
138 32
106 169
130 162
76 26
21 12
61 101
22 64
155 144
61 143
32 19
47 8
156 151
13 74
107 35
172 140
14 8
134 74
22 69
131 82
5 133
104 106
69 56
103 15
176 136
26 111
76 136
13 111
180 14
65 127
106 58
22 52
47 78
166 80
22 142
159 2
52 190
180 26
105 90
180 72
36 177
90 93
5 12
67 93
30 101
104 54
156 68
55 132
37 25
167 47
68 24
14 56
33 6
5 51
138 190
158 108
179 182
167 70
107 14
69 151
167 14
148 88
81 32
173 3
61 27
32 87
64 4
102 63
81 42
128 142
83 146
104 55
115 69
24 77
134 97
145 16
81 152
123 59
100 62
102 159
159 123
64 19
183 17
184 44
123 27
25 112
32 144
180 119
43 99
180 40
103 159
22 79
107 27
128 133
138 51
174 72
30 152
72 155
30 122
175 41
134 3
50 113
173 40
5 138
145 165
23 156
188 3
28 29
184 146
50 28
59 27
81 188
151 40
145 64
122 21
173 128
43 126
13 185
130 55
64 12
64 127
36 41
116 179
61 119
164 42
42 3
175 151
122 12
190 3
123 191
32 6
105 162
79 82
134 19
173 12
25 108
166 72
71 26
107 44
168 113
167 85
42 21
58 140
13 59
188 68
141 55
5 23
52 138
30 185
35 44
32 24
192 193
22 3
50 31
50 92
124 36
183 140
5 65
124 125
35 135
6 49
183 83
107 135
102 27
183 55
138 134
47 1
35 27
5 36
104 18
167 30
98 13
61 10
180 131
179 197
4 127
104 17
32 171
158 26
94 16
180 20
116 166
145 55
112 148
165 196
81 82
14 63
76 63
165 44
118 171
26 191
32 16
81 131
158 73
110 11
71 38
71 86
6 111
37 32
13 27
184 16
81 66
76 47
167 76
180 63
174 75
113 28
100 26
184 169
32 3
71 111
36 74
183 130
122 24
183 117
119 93
83 58
184 43
30 41
47 102
32 68
19 101
80 162
30 162
29 113
63 73
61 25
36 128
164 127
115 88
13 73
61 108
152 6
59 191
24 86
102 135
178 113
145 117
86 58
13 161
116 55
123 13
68 54
158 44
36 190
190 134
71 49
14 44
34 65
172 162
26 25
187 74
72 49
83 17
131 113
130 83
9 135
174 49
26 1
145 40
179 117
152 120
6 11
9 13
179 148
102 67
184 18
173 23
176 14
21 68
131 46
32 101
19 171
34 101
132 157
182 47
90 185
19 3
100 86
36 173
183 22
173 151
78 1
76 13
158 107
34 134
14 123
148 69
25 85
173 81
79 17
37 36
29 92
28 150
179 186
25 102
173 82
184 40
166 117
152 12
179 175
183 90
145 147
114 9
76 78
173 34
2 72
184 64
27 103
173 142
158 78
114 163
68 87
52 34
5 34
104 162
174 74
47 143
9 35
36 101
27 44
22 32
30 18
6 20
188 36
14 10
112 10
103 2
173 120
42 68
137 169
154 73
174 111
13 191
151 68
71 63
30 110
65 68
9 15
145 144
141 184
167 73
73 8
175 124
144 72
9 145
158 103
104 101
42 65
81 69
187 129
141 99
115 124
37 101
46 109
105 55
102 77
8 1
50 45
84 52
167 26
158 13
60 28
35 93
188 19
134 144
22 106
141 17
36 88
174 8
14 49
52 65
131 32
99 49
36 39
188 69
90 17
190 82
139 170
128 69
158 10
30 51
9 97
159 14
22 137
102 108
47 111
113 92
33 68
177 65
141 165
90 146
32 25
183 54
84 41
188 82
14 2
24 56
14 108
71 73
134 16
61 191
36 22
47 73
47 13
26 136
158 100
139 36
180 76
184 55
30 21
21 127
99 126
131 69
105 18
180 77
7 99
6 56
5 19
64 175
134 120
73 14
57 37
32 56
65 151
81 96
32 5
173 51
5 137
130 169
72 59
26 185
159 135
167 7
81 41
76 103
5 128
151 56
5 68
167 39
52 144
36 195
138 36
14 126
5 127
100 77
173 96
5 120
79 175
183 169
184 162
72 85
174 110
114 198
66 137
30 78
138 24
61 148
85 155
166 133
145 99
188 115
166 123
131 19
19 97
52 32
102 103
24 20
114 107
30 111
139 34
61 59
81 56
25 59
173 138
27 15
190 34
15 14
127 3
13 16
180 1
76 1
90 18
71 7
114 161
148 23
73 119
22 51
61 37
128 151
61 123
67 27
192 46
9 160
130 54
24 11
145 58
5 115
150 113
131 150
128 22
22 120
81 17
71 78
69 127
48 193
66 68
30 56
164 12
116 56
19 127
3 137
24 111
123 26
69 3
71 143
13 93
37 134
173 65
36 11
177 69
63 137
145 101
61 93
179 161
179 112
94 25
172 38
80 55
76 25
61 97
138 127
134 171
176 8
47 72
131 50
79 42
6 93
43 169
32 190
72 76
81 40
5 96
27 2
22 175
134 65
145 162
71 1
131 137
103 44
36 148
36 54
76 2
67 143
116 117
61 74
180 100
8 102
152 66
166 75
61 70
174 26
187 101
138 69
184 17
71 119
113 91
172 166
124 69
47 39
30 86
65 41
184 147
165 184
102 107
176 102
115 23
76 59
174 73
184 144
8 77
183 18
96 69
85 158
32 12
190 188
41 82
138 41
100 71
76 176
6 87
63 86
106 162
100 111
102 9
36 125
167 62
9 10
167 8
107 2
180 75
73 7
100 75
138 23
8 71
183 10
36 40
96 188
43 44
69 12
136 59
32 115
71 72
148 124
184 166
184 185
81 142
13 135
123 73
163 181
76 108
22 83
174 119
141 162
35 14
141 27
36 3
105 89
141 44
47 77
187 37
35 159
8 136
165 55
139 157
184 58
19 6
8 26
43 17
119 39
131 20
4 68
14 1
83 169
30 93
32 51
100 73
