204 25
19 94
184 55
195 127
62 3
203 36
190 139
32 175
134 97
26 73
150 91
9 204
115 64
81 40
136 200
38 47
113 60
136 59
4 175
19 33
5 124
75 122
64 54
115 34
176 77
173 12
115 156
50 31
192 149
190 16
115 88
31 124
5 82
105 129
57 101
86 58
13 185
136 44
173 3
22 64
38 86
78 14
5 170
78 8
183 147
78 26
188 36
204 148
19 111
65 144
188 19
33 24
5 151
171 143
65 138
78 200
48 45
114 152
130 87
19 134
13 27
36 65
127 64
124 19
173 32
38 70
184 205
177 193
85 72
22 175
76 49
164 127
167 100
81 190
22 69
136 107
19 115
138 175
78 199
19 51
5 52
8 205
190 19
91 92
115 120
203 65
65 3
64 42
204 97
150 29
68 66
4 164
8 1
150 178
176 14
5 175
105 146
76 119
85 191
183 161
203 34
36 124
13 73
32 94
113 29
134 65
136 108
81 152
48 91
204 157
76 176
177 41
124 139
36 137
105 87
22 4
136 14
136 13
26 14
150 113
204 27
37 64
48 92
195 69
177 84
183 18
134 74
136 77
62 32
124 25
32 66
31 125
184 56
19 144
4 3
8 199
57 19
138 51
85 200
32 64
68 65
17 87
139 88
151 64
9 94
168 91
64 65
36 56
5 201
115 144
139 115
19 25
48 29
183 84
92 45
204 67
124 148
138 32
183 53
76 47
51 24
37 51
65 88
37 111
65 190
81 64
139 69
62 4
183 17
50 92
64 175
124 188
192 193
5 42
19 56
19 12
203 190
134 34
19 37
60 92
5 96
22 134
124 170
204 121
193 109
127 3
48 113
190 97
9 14
5 127
68 21
134 23
85 30
184 101
204 36
50 46
130 169
184 162
21 65
136 159
188 82
102 78
167 26
152 3
4 68
193 95
64 4
5 203
134 16
201 152
23 88
118 97
187 97
196 202
136 185
102 200
5 177
138 19
81 32
32 41
5 69
32 151
26 7
138 144
4 42
164 42
124 88
81 17
38 78
190 3
184 147
193 149
32 56
78 100
164 65
115 69
26 205
50 29
167 14
50 45
50 113
136 78
176 205
81 131
127 56
76 205
184 18
65 66
37 3
188 69
5 32
130 22
164 19
197 121
5 139
65 34
204 185
76 30
22 127
115 65
19 65
177 29
19 34
22 147
13 135
184 185
102 8
124 190
13 70
5 51
32 164
134 37
167 200
19 32
136 94
81 19
22 32
23 32
46 92
81 42
136 15
38 100
182 191
175 19
138 190
9 191
130 53
190 64
19 97
134 144
122 19
37 101
22 40
102 77
76 14
130 17
5 66
5 133
76 167
204 206
127 32
13 161
156 151
204 49
134 175
167 73
184 17
115 151
38 122
188 134
197 148
85 158
204 129
32 21
11 20
9 70
5 41
76 73
204 119
81 66
32 3
203 51
204 108
201 32
134 120
78 77
68 42
5 65
193 168
78 1
38 39
167 63
46 149
184 146
21 3
8 7
6 68
136 2
32 25
32 34
5 21
9 85
38 1
3 151
81 6
136 73
19 20
32 74
183 56
204 199
127 151
184 64
115 36
31 157
170 31
139 170
176 47
204 15
64 164
19 11
183 146
138 3
176 136
203 19
201 3
136 123
204 101
203 32
13 199
5 40
173 137
46 95
105 54
136 27
17 18
150 45
7 72
115 32
50 91
177 23
13 74
197 204
32 20
76 70
38 102
65 151
176 73
42 3
5 34
184 169
9 97
19 68
136 205
183 166
38 72
102 26
48 109
188 115
32 101
62 42
32 54
164 147
76 200
134 36
31 112
5 120
8 200
65 175
105 166
22 68
187 16
5 122
5 64
69 51
136 85
124 64
183 54
81 69
69 56
8 26
134 24
5 3
173 66
136 26
183 83
76 102
64 3
164 68
57 37
23 124
184 43
5 22
177 203
91 29
190 37
170 36
184 126
81 4
85 167
38 119
124 195
177 192
184 58
76 122
134 3
38 75
60 45
115 125
38 63
173 151
204 59
31 148
177 115
115 138
5 56
177 149
38 176
5 68
57 134
5 138
81 195
118 171
204 123
176 1
124 82
8 100
190 134
32 4
19 74
184 165
76 85
171 101
8 63
37 32
136 67
192 109
115 51
204 10
19 41
5 195
101 16
134 138
139 52
134 101
38 14
9 10
32 69
6 108
115 126
171 19
138 34
85 103
32 68
48 168
76 8
203 68
122 74
46 150
78 205
188 41
192 95
38 167
5 81
3 68
13 94
19 3
22 11
32 87
158 72
115 124
124 151
171 16
4 127
76 199
51 32
19 36
46 193
130 54
204 191
5 128
203 23
127 69
82 115
134 203
38 143
152 22
36 125
38 200
26 200
136 191
204 70
32 24
5 142
204 94
65 156
23 156
177 131
87 185
22 188
23 125
167 77
22 18
83 5
5 156
85 13
19 16
23 148
136 135
5 88
139 36
32 16
151 69
32 6
115 170
149 178
38 111
136 1
78 76
164 175
8 14
38 30
183 43
76 72
201 68
113 45
122 37
204 74
22 65
130 58
22 120
85 25
176 102
8 73
5 115
192 153
22 42
85 123
23 3
36 126
130 55
66 23
9 206
5 31
102 14
136 100
124 69
38 85
137 188
188 101
190 115
183 87
167 102
40 3
5 36
64 51
19 142
152 19
195 56
138 23
176 200
197 181
115 137
192 168
91 31
5 79
136 103
167 78
26 1
121 181
130 140
23 115
50 149
13 44
38 205
76 86
32 93
136 9
164 21
5 188
75 117
19 24
127 115
190 170
204 16
96 69
64 147
78 73
134 115
134 41
81 41
48 46
150 92
36 69
33 68
134 82
138 68
65 51
36 34
76 136
96 3
177 150
46 113
187 94
4 21
146 18
195 82
60 29
113 193
13 72
32 33
86 18
188 139
183 162
190 32
176 100
19 6
173 156
81 96
32 65
26 77
76 26
38 26
190 101
203 175
137 69
139 125
5 137
129 171
130 83
32 42
40 64
76 7
122 134
197 157
115 148
17 169
52 69
203 3
46 45
187 101
60 91
177 134
124 156
32 185
5 134
17 54
13 26
102 73
167 7
183 55
173 88
48 95
40 19
76 63
5 152
76 100
9 13
113 192
134 56
9 59
7 205
76 39
36 23
96 195
19 64
81 142
81 175
183 58
76 38
178 46
134 51
6 111
19 42
19 120
22 3
115 195
173 40
87 101
68 24
36 138
203 144
37 68
193 153
72 155
76 77
76 75
76 1
46 153
204 2
190 171
19 101
19 23
183 22
95 109
75 179
5 23
22 54
19 4
23 69
81 82
81 164
76 143
113 144
64 68
183 130
177 46
102 136
81 56
95 149
187 171
156 36
136 158
4 65
195 188
37 74
167 136
22 56
5 19
144 72
65 23
171 97
5 173
50 150
37 6
17 58
127 137
164 56
46 29
134 69
127 88
182 160
127 175
48 193
127 82
40 32
38 8
183 169
38 199
127 124
9 160
5 190
19 87
32 152
173 124
115 101
8 136
32 49
139 23
164 51
136 25
167 176
13 205
32 111
81 127
204 171
187 118
184 141
9 15
113 91
46 109
38 73
164 3
105 17
46 192
130 84
167 8
48 150
19 93
130 18
8 176
167 205
23 34
13 10
75 86
64 56
50 178
134 171
38 49
173 68
5 125
130 162
102 205
19 127
9 158
13 59
68 111
13 191
32 11
197 170
32 195
23 51
184 194
136 10
204 143
196 90
136 194
38 7
173 19
81 188
13 111
21 42
22 114
127 36
115 52
9 107
190 151
134 32
13 16
113 92
78 176
13 158
197 162
22 195
115 56
184 99
204 44
156 68
9 2
76 111
124 125
124 134
8 77
78 7
183 140
204 39
118 129
