45 113
176 7
9 14
153 48
194 44
196 202
100 136
106 17
64 18
101 54
30 26
30 8
208 157
204 199
158 2
133 34
115 148
34 128
178 92
133 195
60 91
165 184
136 199
133 127
127 139
134 32
170 207
13 191
152 3
201 41
176 110
100 200
201 96
7 205
87 185
102 8
111 11
13 14
203 190
1 199
1 67
204 208
75 205
113 92
14 205
94 199
115 208
131 46
100 205
127 65
124 188
124 25
1 123
147 140
127 175
3 156
30 39
177 23
30 136
1 10
76 102
6 111
119 37
86 143
125 115
9 107
88 68
75 143
95 48
192 193
29 91
7 78
11 54
26 78
30 85
197 181
131 115
90 206
147 22
5 127
30 100
185 70
176 47
3 65
176 78
133 188
201 188
133 22
199 20
200 39
203 32
127 207
89 105
115 134
100 122
45 46
1 136
34 188
8 7
176 136
5 134
159 44
136 13
83 186
194 43
30 176
202 210
53 185
204 97
182 160
64 146
50 92
64 87
13 94
3 157
192 92
207 68
124 19
147 146
147 54
1 27
7 200
27 123
5 40
133 87
158 85
48 113
3 88
208 23
204 148
117 75
203 51
4 68
133 156
194 64
5 152
30 11
203 19
11 86
95 193
68 199
30 47
64 17
115 101
64 53
5 96
106 146
53 101
123 72
147 58
133 201
5 32
5 51
201 69
78 38
203 144
50 149
204 10
136 49
45 48
208 139
76 1
124 170
14 200
140 137
104 17
176 49
119 25
73 123
168 46
173 32
83 22
3 87
136 123
34 207
100 72
11 87
176 76
30 20
5 23
78 199
133 52
60 48
26 143
204 70
13 199
119 123
73 39
26 72
30 143
62 17
8 14
203 65
136 44
158 73
103 107
50 60
30 102
167 102
14 38
76 73
9 160
3 52
131 29
124 88
64 54
131 137
115 190
176 73
102 199
26 1
46 113
133 64
127 19
179 196
201 66
60 178
46 95
139 119
50 29
124 69
167 176
167 78
136 39
193 46
115 69
9 191
5 34
50 178
133 124
86 123
27 107
127 58
78 205
188 175
7 63
127 156
5 208
108 25
9 13
22 146
23 205
203 3
45 91
13 27
5 64
143 199
13 10
49 200
167 100
118 94
131 41
153 192
5 65
5 175
127 195
73 94
136 10
176 200
203 175
86 77
5 62
192 109
173 68
100 75
133 134
185 111
3 201
173 40
100 76
86 49
181 126
131 84
5 124
136 15
94 123
86 14
64 30
14 110
102 185
177 115
1 200
13 205
19 34
75 183
94 74
188 22
19 190
139 170
123 191
104 196
13 74
204 206
13 73
136 159
106 117
133 183
9 59
177 150
204 171
176 191
30 119
26 77
123 185
45 60
131 121
11 205
3 124
38 102
185 25
76 72
197 148
200 38
136 205
136 191
83 163
177 46
194 144
14 15
170 126
6 185
73 102
119 191
143 205
10 185
161 166
188 208
103 135
136 38
100 14
26 7
1 102
159 15
168 149
119 199
185 94
118 171
194 17
203 41
1 9
73 1
70 136
3 34
124 34
8 78
162 191
127 169
15 27
158 160
105 206
13 123
176 111
86 191
133 101
9 27
127 34
27 205
188 127
208 69
148 73
100 111
1 205
208 40
50 91
167 72
39 208
133 96
83 17
118 187
204 27
19 125
150 113
73 77
1 13
167 205
102 25
34 69
127 96
203 134
125 148
153 91
127 157
159 107
125 139
173 3
133 82
72 166
158 202
3 58
123 200
5 128
1 25
1 78
201 175
124 139
49 199
46 92
76 14
13 26
104 58
5 88
123 14
83 30
113 29
136 9
101 97
30 14
158 14
69 195
46 48
26 8
194 146
166 126
125 170
127 208
173 51
69 32
127 62
53 87
115 88
204 15
133 19
148 112
92 91
48 109
194 18
100 199
201 40
3 188
201 173
73 119
127 101
159 205
34 125
126 112
64 147
123 199
13 72
133 72
158 10
9 10
106 84
194 117
5 156
19 6
45 29
147 136
45 92
5 173
8 77
119 185
5 203
83 106
86 72
76 85
201 131
127 23
60 29
9 204
5 69
1 108
203 34
167 26
59 14
127 22
133 69
123 111
32 111
26 86
158 135
9 94
22 62
192 46
19 3
19 101
199 14
176 86
13 102
167 7
73 14
9 15
3 175
208 170
3 41
64 162
70 199
19 111
136 8
206 129
104 162
204 39
27 14
188 115
83 162
101 11
5 79
70 49
73 205
100 39
136 143
135 27
210 198
194 99
94 108
153 113
147 55
76 70
118 97
201 128
152 19
162 197
208 68
102 205
199 111
64 117
59 26
83 55
125 207
26 110
19 97
176 143
5 133
124 148
208 112
204 101
32 20
134 34
13 59
5 68
104 146
104 106
103 27
3 139
192 149
194 185
3 23
17 58
108 26
204 25
127 40
8 205
127 11
83 47
1 159
64 58
70 74
103 123
179 206
125 208
123 143
22 200
178 113
153 168
106 140
26 191
117 183
115 127
5 188
102 123
150 91
19 139
104 18
5 125
207 19
76 26
127 3
30 200
153 109
190 207
27 191
3 11
139 36
136 119
167 200
127 82
192 29
26 25
64 22
207 208
148 126
100 77
13 161
207 148
26 111
115 19
148 157
102 27
125 128
100 143
60 150
86 73
92 48
83 58
9 2
7 99
115 207
76 78
78 39
204 157
46 29
113 60
127 134
59 136
3 68
118 129
59 77
3 169
194 40
124 190
9 85
176 199
30 70
185 77
14 102
134 97
32 87
87 101
137 128
3 125
194 101
140 18
30 72
133 128
1 103
1 135
100 73
115 32
104 105
190 125
30 38
102 103
171 101
136 77
13 185
113 109
103 14
106 18
167 14
1 44
22 117
194 162
100 102
109 95
134 101
102 67
14 39
3 96
26 200
102 200
204 49
17 54
100 49
103 194
14 7
176 14
70 143
125 188
68 11
136 94
140 58
133 58
176 72
86 119
133 51
86 110
30 76
127 64
30 78
204 94
19 171
62 64
203 23
204 67
188 88
109 29
147 17
33 111
194 16
73 25
75 64
177 113
86 111
179 126
45 109
208 126
83 140
190 34
133 203
44 27
150 29
77 102
45 178
201 68
131 150
22 18
86 78
176 1
159 185
208 156
5 170
21 6
204 185
59 73
106 53
136 14
21 32
208 148
134 3
127 190
45 149
100 70
1 8
133 65
39 119
100 47
87 68
135 14
9 103
104 90
176 119
121 181
26 205
3 22
102 94
147 11
73 191
106 87
86 58
13 158
19 33
115 124
103 185
30 167
11 20
136 27
131 82
109 91
95 149
46 178
137 86
115 3
167 136
162 25
5 22
208 34
69 134
127 68
133 41
173 139
75 24
192 48
119 148
5 139
9 158
173 66
173 156
127 51
100 63
21 111
131 208
136 107
62 146
100 1
139 115
106 147
100 78
194 55
73 136
85 191
19 170
144 72
102 78
158 70
77 119
127 88
3 32
106 22
3 207
207 157
3 66
66 65
204 74
131 69
30 7
153 46
53 54
77 199
192 168
187 97
133 139
86 20
180 75
26 199
39 185
44 14
83 5
39 25
159 135
131 66
178 29
50 46
133 79
119 108
100 86
46 149
136 72
201 17
83 146
173 124
26 49
41 208
153 193
158 102
140 163
3 133
32 190
5 201
201 64
110 146
208 190
9 70
19 175
203 166
190 170
203 68
194 147
104 202
5 207
48 29
5 66
106 162
153 92
167 76
64 140
13 70
5 19
30 75
131 134
106 169
192 95
144 155
104 89
204 2
161 186
127 203
103 205
1 15
76 8
127 125
192 113
127 69
167 63
119 208
100 85
140 86
90 105
147 53
3 64
76 77
131 40
177 178
60 109
100 38
46 109
177 29
106 30
19 128
187 171
85 13
13 44
109 92
104 55
127 173
133 125
204 121
30 86
165 58
4 3
124 208
83 147
192 91
204 59
159 14
32 11
208 19
1 185
190 188
46 60
190 128
123 49
201 127
73 78
167 73
165 44
5 3
133 23
173 88
133 157
3 195
200 64
30 199
137 68
136 85
133 40
167 1
159 27
188 69
50 45
115 23
73 26
30 49
181 112
188 128
168 109
134 190
159 123
127 183
34 139
51 155
49 39
193 109
27 86
147 162
60 41
201 207
127 66
200 191
115 128
106 54
207 124
13 135
5 190
204 191
106 58
100 7
136 158
188 195
136 108
207 32
32 6
5 137
176 102
90 89
131 20
127 79
207 23
75 11
204 123
147 38
25 199
167 8
1 14
197 170
110 38
208 25
85 102
72 155
124 125
127 41
136 25
99 101
127 52
29 92
115 170
100 26
13 111
190 69
204 108
123 110
162 199
72 127
150 48
131 178
194 166
30 63
32 101
176 26
9 206
126 121
30 111
49 205
70 119
86 200
7 143
136 78
100 8
19 134
190 139
136 102
158 15
50 113
133 115
153 95
204 129
176 123
27 185
30 1
131 32
194 58
136 103
134 171
136 67
147 169
64 84
158 72
133 173
50 150
201 195
60 92
203 208
34 170
146 17
123 78
170 119
147 86
21 33
147 84
86 75
26 119
197 157
75 122
83 53
85 72
26 102
124 128
27 194
1 77
158 191
32 195
102 108
194 205
133 208
8 200
30 122
9 97
127 32
147 18
6 33
127 170
1 94
162 185
166 113
83 84
127 87
26 14
131 113
161 191
177 131
153 149
77 14
150 109
70 39
74 101
185 58
90 196
5 195
201 32
99 14
177 149
127 124
176 205
3 208
26 136
202 198
73 8
73 200
159 194
133 207
103 44
39 205
199 205
136 200
203 115
26 123
115 156
46 150
136 111
152 32
161 43
76 205
32 54
30 73
19 69
76 136
26 185
147 205
128 3
176 8
133 175
100 176
197 126
100 119
62 18
64 169
176 77
150 178
136 86
179 75
110 49
179 166
133 66
127 128
19 32
115 195
127 152
86 199
30 205
113 91
106 55
3 40
158 17
83 161
44 205
3 69
147 87
30 77
133 11
73 199
103 15
3 79
173 134
203 160
19 188
1 158
68 32
185 199
5 52
133 169
136 110
177 41
173 208
207 41
167 77
137 205
32 33
150 92
5 115
199 110
45 95
19 36
104 206
208 185
85 70
204 119
204 143
83 54
83 18
103 159
165 99
73 185
136 135
131 23
156 68
192 60
133 68
25 191
133 32
102 191
1 107
168 113
4 65
133 152
131 149
133 88
123 77
197 121
178 41
206 10
158 44
136 185
131 50
131 19
200 205
3 51
178 91
115 34
3 183
1 191
