22 54
64 21
66 6
66 16
76 73
164 64
1 158
61 74
5 82
19 11
164 142
50 45
21 82
76 108
100 72
11 4
19 122
13 16
100 8
126 101
164 101
4 164
11 12
66 12
20 24
21 41
59 67
81 56
59 35
58 140
9 107
151 142
19 56
32 101
19 69
32 12
61 129
35 2
9 15
111 73
164 21
59 1
61 2
36 125
50 150
52 74
5 138
76 59
5 69
38 111
66 11
61 10
158 2
32 69
9 44
14 13
30 76
37 74
76 1
81 64
32 65
1 103
52 115
102 27
100 71
9 94
4 68
31 91
67 99
6 101
25 108
94 25
50 28
108 93
107 27
61 143
73 26
43 126
69 82
1 15
59 13
65 21
26 1
164 152
60 28
126 148
14 78
11 49
5 30
5 125
114 91
86 73
1 63
3 56
50 91
126 17
61 157
30 8
6 33
165 126
6 49
61 70
45 46
135 27
4 21
100 75
14 102
80 54
21 12
132 36
85 25
142 32
5 42
5 20
102 8
59 108
68 56
61 36
30 78
4 42
36 54
6 23
14 8
38 1
30 111
28 91
19 33
30 63
5 49
61 119
68 87
116 166
142 65
100 14
32 33
34 32
61 15
35 15
19 118
11 21
11 56
67 143
73 8
52 12
76 136
100 39
50 92
25 102
68 41
13 70
82 19
60 109
100 76
108 67
30 86
19 4
14 59
52 152
45 91
14 108
5 6
6 64
59 110
81 41
105 89
15 123
76 2
73 94
65 3
32 11
61 27
6 3
85 13
67 74
35 135
102 78
21 74
5 124
140 86
30 75
30 26
52 49
19 20
20 56
25 73
20 33
66 142
102 63
14 110
6 69
142 127
68 12
5 40
68 21
67 119
64 42
21 51
26 102
14 71
52 11
38 62
21 101
142 19
22 56
9 2
166 75
89 90
34 68
66 24
36 68
14 26
138 32
1 93
21 56
5 41
52 19
52 3
68 49
67 132
137 69
63 8
114 45
21 34
61 121
26 111
14 27
81 142
66 57
167 8
59 103
142 12
6 25
132 121
61 123
30 102
13 93
6 12
166 123
99 49
35 27
81 40
71 72
30 62
14 99
59 94
50 113
164 69
168 46
1 78
5 101
30 100
52 37
36 32
167 14
164 65
81 152
61 25
66 69
73 2
19 34
13 54
66 101
66 3
32 74
66 74
52 20
5 36
102 10
114 113
19 96
67 43
1 7
107 123
34 3
167 78
14 123
45 29
11 33
106 58
3 42
13 44
164 68
100 111
9 70
1 74
38 76
64 56
5 12
32 24
151 19
142 56
20 74
142 4
100 70
9 135
102 59
13 27
164 96
73 74
3 68
5 134
73 70
61 101
13 161
100 122
38 75
38 120
102 107
38 73
100 49
68 82
22 58
38 39
85 30
19 41
14 76
5 81
20 87
108 1
128 142
73 7
70 136
1 44
155 144
73 93
34 12
5 88
73 63
32 23
52 64
6 11
14 63
9 35
158 15
26 63
74 93
19 16
22 18
66 65
128 69
52 33
14 107
28 92
5 120
22 64
5 139
68 24
118 97
5 96
22 69
5 23
66 51
164 12
87 33
66 20
168 91
14 86
64 12
132 148
60 48
61 93
73 102
6 21
94 74
60 113
32 16
96 22
164 42
30 119
5 133
102 103
59 25
128 133
80 106
36 25
38 63
116 17
30 7
126 92
138 41
138 3
22 12
5 122
38 49
38 70
3 12
45 48
9 160
167 71
138 65
126 99
9 145
52 41
116 54
38 72
32 68
52 69
74 101
5 64
100 7
36 41
36 34
32 93
100 73
142 34
25 1
9 85
94 37
5 65
66 138
133 69
5 152
5 34
4 41
50 29
5 142
68 37
30 143
30 39
1 9
36 124
14 73
142 3
94 70
107 2
22 3
19 6
168 48
61 73
142 69
21 49
20 69
94 102
14 44
158 59
22 130
102 15
9 141
126 97
81 17
107 135
5 79
36 115
61 44
138 23
5 156
20 3
151 69
43 73
5 56
38 102
14 7
142 22
1 159
66 87
35 14
166 117
32 5
36 139
7 99
31 28
22 82
45 60
114 92
81 32
4 12
6 68
5 118
52 122
101 43
30 72
62 72
32 3
13 72
52 32
108 26
13 111
102 158
68 16
5 19
71 26
5 74
13 73
22 41
167 77
66 37
168 149
116 110
76 78
52 55
140 163
32 115
36 88
2 72
9 158
76 70
19 36
36 156
102 123
38 30
35 123
66 68
14 39
164 23
52 68
68 51
167 73
9 59
19 139
100 86
13 94
114 29
168 153
1 73
30 74
61 97
22 87
19 152
5 22
30 77
14 169
5 127
1 8
85 158
38 119
25 93
76 13
6 74
14 70
14 15
133 142
1 102
73 59
168 109
128 151
1 94
96 69
22 106
37 49
72 127
81 3
1 107
5 87
63 77
73 123
38 143
94 108
68 65
20 64
151 3
71 70
14 38
1 2
165 145
22 65
165 162
20 41
14 159
71 1
155 59
19 68
22 146
68 138
32 41
20 68
106 17
151 34
44 15
164 56
69 127
94 16
61 108
6 37
19 30
161 144
116 117
38 7
59 93
132 170
151 22
19 74
37 101
52 96
66 21
21 16
116 55
7 49
65 12
6 56
13 135
102 108
14 135
140 18
61 39
5 51
102 93
63 76
36 112
19 25
11 68
14 25
34 41
107 93
164 127
66 49
30 70
151 56
66 56
19 37
36 23
1 10
38 122
60 29
38 47
19 93
52 16
66 34
21 3
5 52
64 3
5 37
65 4
81 12
38 71
31 29
30 14
5 24
65 51
52 30
32 56
19 49
14 93
5 55
100 1
164 3
45 28
14 103
114 60
100 26
142 88
20 49
63 71
5 53
62 71
31 92
72 20
64 68
5 3
6 16
59 27
63 78
5 93
30 73
151 41
14 158
91 92
32 64
32 20
61 171
45 95
76 26
49 93
26 78
15 27
142 82
4 101
5 151
126 14
30 71
14 94
85 59
20 16
106 169
35 107
68 57
100 85
61 67
20 115
85 70
19 101
67 44
102 44
36 3
21 19
52 56
168 92
14 10
102 67
122 25
60 84
20 12
20 11
90 105
5 128
50 31
114 53
21 57
20 93
6 24
14 172
6 20
142 68
8 93
59 123
32 19
90 10
28 29
168 95
60 92
32 25
6 87
61 59
29 91
52 6
67 135
156 68
66 93
59 2
72 85
167 1
30 122
118 129
22 17
76 25
71 78
38 86
32 66
5 68
71 7
35 44
73 77
5 11
6 93
45 149
19 115
9 10
9 61
20 21
5 115
58 17
86 63
1 123
52 101
138 144
19 3
21 142
76 8
44 27
94 123
5 173
62 85
102 9
86 78
45 109
21 69
164 41
100 143
80 162
19 64
100 77
68 93
135 15
76 77
50 46
5 66
50 149
165 55
71 47
9 14
59 26
106 30
9 13
13 74
20 101
94 93
52 24
32 6
76 102
5 33
13 10
45 92
102 159
60 91
100 38
6 41
13 43
107 15
68 101
102 2
140 137
67 93
73 78
20 4
35 93
14 136
100 62
32 87
30 49
66 19
5 16
102 13
19 87
30 110
132 157
80 55
61 94
9 97
13 26
76 47
60 31
14 77
98 105
59 72
22 32
69 56
5 137
114 28
106 162
19 12
14 1
26 110
11 87
6 115
108 73
1 13
30 47
167 102
142 64
100 102
14 2
106 140
144 72
52 118
107 44
19 24
4 3
167 76
69 152
81 131
72 155
61 148
67 70
69 41
66 41
69 12
5 63
20 37
167 63
52 93
28 113
38 85
66 82
167 26
100 78
100 119
52 53
100 47
68 69
19 22
106 55
106 146
116 101
135 44
151 133
4 23
100 63
1 77
52 87
14 111
52 22
76 7
