14 25
61 2
30 39
107 123
173 151
61 97
40 21
154 111
174 3
19 37
14 8
5 175
61 119
99 101
145 64
19 56
71 26
61 143
30 78
116 55
107 93
59 27
43 126
173 66
1 9
66 68
120 142
174 1
71 119
34 138
60 29
145 147
76 70
73 25
22 139
154 15
68 156
69 82
105 90
9 59
41 34
107 35
102 78
32 20
100 76
167 62
76 59
131 156
9 158
5 69
131 125
174 14
30 26
5 58
18 30
100 119
120 115
22 115
59 70
131 115
154 55
32 152
108 1
5 65
73 1
15 135
174 74
26 47
138 41
15 35
60 91
26 1
120 82
102 93
34 101
154 62
81 69
63 14
22 41
64 3
32 101
138 19
50 113
14 99
59 54
93 35
101 64
127 142
61 59
120 65
127 6
81 42
14 43
38 47
75 117
94 49
11 68
67 93
61 25
70 39
102 107
19 151
5 156
133 142
34 134
167 176
112 157
138 68
52 74
9 10
20 24
127 21
32 34
112 25
5 3
9 2
71 78
56 42
174 26
52 6
71 143
30 72
50 91
32 23
36 41
6 49
94 73
30 14
120 41
154 158
174 124
3 12
19 164
38 14
76 26
145 18
59 161
120 137
71 77
61 129
120 124
32 41
120 63
120 88
107 27
94 70
174 36
76 2
123 102
13 67
32 5
102 103
99 17
5 34
19 94
59 111
22 56
32 42
1 102
32 134
68 65
5 54
36 170
167 30
36 32
9 94
30 47
31 91
131 69
120 22
71 7
167 14
116 18
32 74
154 135
19 24
19 142
26 111
74 101
102 108
131 32
145 56
101 129
68 42
1 10
135 27
102 67
120 134
30 102
71 62
31 92
32 68
119 70
4 164
50 28
19 42
120 96
19 20
60 28
30 8
81 12
22 81
19 25
13 26
59 93
127 51
61 27
32 51
154 49
43 27
167 63
131 36
14 1
38 75
127 96
59 135
61 123
50 29
36 151
9 160
30 86
5 151
36 88
154 61
22 79
71 1
32 24
22 34
131 20
52 12
131 29
56 12
52 37
40 12
120 3
13 10
30 85
72 85
13 14
9 97
100 1
36 112
173 88
4 101
9 85
129 97
131 50
128 22
45 91
49 99
19 33
52 41
61 10
116 117
96 41
132 170
56 65
131 177
62 85
22 151
5 152
52 5
116 17
142 68
14 77
4 23
73 123
14 136
52 101
152 41
166 123
73 102
115 148
65 3
52 56
22 137
100 38
14 102
40 42
127 4
14 176
154 144
127 82
76 13
145 146
19 64
28 178
38 49
38 63
81 64
5 12
59 14
21 65
76 108
19 12
61 93
30 73
76 102
22 18
45 109
63 1
32 25
128 3
125 41
76 176
6 68
22 152
174 41
3 127
135 44
142 66
5 125
22 88
28 91
5 115
71 110
45 48
71 73
80 55
85 158
138 65
5 88
26 78
6 20
127 64
40 5
3 56
56 4
52 68
68 12
52 118
145 141
145 101
19 68
174 65
74 25
100 75
174 70
127 151
96 68
67 99
4 41
96 156
100 14
76 7
30 110
22 69
1 15
19 115
176 102
115 88
19 93
71 49
115 125
154 56
120 139
81 40
9 141
45 95
30 111
100 47
8 1
100 8
131 88
174 111
100 39
102 59
38 143
63 76
38 70
154 14
167 8
45 29
55 179
100 176
30 143
36 120
72 144
154 73
19 4
32 37
110 8
127 66
128 151
140 58
63 77
91 29
28 92
62 110
5 96
67 43
5 173
60 31
120 32
115 41
18 162
145 162
96 56
71 75
167 85
61 36
38 7
14 123
26 108
64 12
152 134
13 85
85 102
71 76
145 17
102 9
52 122
115 124
1 2
21 142
15 14
14 27
120 34
125 34
18 55
52 33
13 110
107 2
13 44
40 142
21 12
5 124
145 165
19 41
5 41
40 56
19 16
61 121
73 77
11 21
52 152
5 68
102 2
27 2
75 49
127 68
140 163
128 69
52 53
36 119
71 38
22 125
73 26
174 86
9 70
61 74
14 110
120 125
38 1
120 23
71 63
14 86
52 55
48 28
102 8
14 73
22 12
76 73
102 44
59 16
30 75
1 103
145 43
45 60
81 152
81 164
36 19
138 32
174 115
127 65
116 101
22 36
38 122
9 135
38 86
154 160
174 180
138 23
13 35
81 142
128 5
50 31
100 78
174 51
131 23
22 173
30 122
22 66
174 122
5 139
5 134
134 41
67 27
27 35
60 92
107 14
123 86
85 70
38 62
164 127
125 12
100 85
52 87
110 77
120 79
31 29
125 88
120 138
81 41
128 142
5 64
28 29
5 66
7 86
21 42
167 1
67 132
26 110
145 58
118 129
13 16
166 133
96 3
174 133
56 142
2 77
30 70
127 101
71 85
19 134
174 131
1 94
68 20
173 19
26 94
81 127
13 27
65 101
166 75
18 106
116 166
27 123
174 8
167 78
85 15
174 61
15 27
1 107
32 16
80 54
36 124
36 23
52 11
5 137
76 103
61 94
74 63
72 59
120 66
14 39
173 124
96 137
38 102
32 56
5 36
38 85
52 16
5 82
120 12
5 22
81 96
14 35
52 96
163 181
1 77
1 13
71 102
4 21
9 44
61 148
174 134
5 42
38 111
131 82
142 175
11 87
78 93
102 77
67 73
32 4
59 26
45 92
154 77
32 94
102 158
120 173
4 42
131 66
71 39
13 94
182 160
22 142
25 77
22 156
63 8
9 35
7 30
41 3
133 56
37 94
100 77
69 127
131 124
69 41
5 87
173 32
67 70
131 113
78 86
72 62
167 76
120 127
94 25
174 38
5 164
76 25
67 44
45 149
135 35
32 19
13 59
99 27
19 127
32 11
1 93
85 59
63 26
52 49
127 11
68 128
37 74
110 78
174 39
30 63
174 77
73 8
174 49
59 74
13 2
21 3
61 44
32 3
133 137
52 32
72 155
118 97
78 73
183 17
174 110
45 46
96 69
45 28
68 137
107 135
80 162
45 178
166 117
26 8
132 121
1 123
124 148
27 44
174 63
50 45
52 64
140 86
59 110
59 77
102 27
110 63
120 40
50 178
138 66
26 77
32 6
125 19
34 3
32 33
4 65
5 56
80 106
22 64
38 73
4 68
100 49
140 137
22 82
100 70
5 133
120 52
48 92
154 161
76 1
9 61
13 74
127 12
52 93
52 24
184 165
167 26
76 8
71 8
102 13
63 78
120 19
154 162
22 40
98 105
36 34
71 70
154 85
61 39
63 73
154 44
48 91
13 70
93 27
40 65
31 178
30 77
13 43
71 176
152 12
174 119
120 69
127 22
32 66
4 142
100 72
58 17
38 30
145 93
14 44
100 102
19 11
52 115
32 127
36 156
36 101
127 56
123 59
81 17
61 108
1 44
174 102
40 68
5 79
19 5
81 4
155 31
9 14
120 151
120 5
110 102
68 21
18 166
127 42
3 19
133 139
38 72
64 56
68 69
120 51
43 73
15 44
174 143
2 73
174 156
85 25
174 73
154 31
107 44
71 100
120 128
26 102
19 74
3 4
81 175
127 152
85 2
145 126
32 115
64 142
131 19
22 51
76 136
154 38
36 125
96 82
61 70
52 19
110 1
99 185
14 135
120 133
173 40
131 31
63 102
67 74
32 65
167 73
174 75
67 14
36 115
100 143
115 23
154 72
102 135
81 82
71 86
40 19
14 108
5 81
67 94
65 34
167 71
131 41
127 175
152 3
61 15
32 21
128 133
131 149
120 156
36 54
11 20
18 132
3 42
58 137
71 47
3 68
72 110
154 138
59 10
5 4
14 70
154 119
120 81
138 144
120 68
22 175
67 135
40 4
167 102
131 51
56 69
30 100
73 59
138 134
13 135
65 51
14 26
131 150
68 51
102 159
133 151
167 77
43 99
161 31
145 55
107 15
154 171
5 23
106 84
52 22
131 3
67 119
61 157
81 56
59 43
52 69
124 88
20 87
76 77
38 76
22 124
2 14
174 78
19 22
138 36
102 10
18 117
116 146
131 46
22 133
19 101
13 111
91 92
72 2
14 78
40 3
127 40
11 12
72 167
71 72
67 143
132 148
34 69
96 128
9 13
75 86
141 126
40 32
99 126
13 103
102 25
81 131
76 47
5 21
30 119
100 7
81 3
52 20
137 69
9 15
13 72
19 97
31 28
125 101
100 111
100 122
13 54
5 169
71 14
52 30
5 51
31 150
1 159
1 78
131 40
4 12
154 10
38 39
120 152
133 34
131 137
132 157
7 78
164 3
22 32
32 87
115 69
132 36
14 61
100 86
169 7
73 103
22 96
26 25
9 107
64 32
40 64
13 93
100 26
100 167
136 73
30 49
174 72
5 142
76 14
174 7
174 85
19 69
1 158
7 99
22 68
38 119
22 3
140 18
30 74
100 73
9 145
73 7
11 24
138 3
61 101
34 19
128 40
14 7
13 73
1 59
61 67
22 17
63 100
32 12
19 6
102 15
59 44
32 93
13 161
62 120
19 66
19 87
173 3
59 94
19 51
184 141
6 11
81 32
145 99
5 127
76 78
11 54
5 138
111 73
99 78
39 119
32 69
173 156
71 111
52 3
96 151
100 62
71 122
19 152
