30 7
40 23
31 23
13 93
19 127
107 2
13 16
167 72
50 91
13 191
30 110
73 78
145 146
28 50
102 191
40 88
167 136
138 12
102 77
133 142
32 164
14 86
32 152
127 124
40 3
9 191
100 102
165 169
30 75
40 156
36 23
138 36
40 68
102 123
183 16
38 70
38 8
76 143
69 82
183 17
9 15
73 14
131 46
94 69
84 52
138 23
114 72
102 8
127 115
131 150
184 141
150 29
30 86
136 25
30 111
165 99
114 111
67 135
184 16
32 5
159 123
71 136
20 56
13 73
60 92
183 87
19 56
40 133
170 36
120 3
32 82
114 70
19 16
190 101
46 153
69 36
30 11
183 106
5 22
30 6
5 115
75 127
130 106
30 63
190 97
114 49
30 143
5 170
184 40
76 110
115 34
179 196
19 120
127 151
4 68
19 144
122 143
26 136
131 36
3 151
127 3
71 77
183 10
24 68
100 26
71 8
30 56
19 94
152 3
131 69
24 3
43 165
77 136
14 25
131 41
174 111
134 171
113 29
167 26
13 158
100 77
60 91
127 82
61 15
104 162
131 29
145 101
31 115
164 3
9 61
38 49
107 135
135 27
32 33
167 76
40 124
68 175
81 152
131 32
100 167
36 34
5 56
30 70
195 56
134 82
26 86
40 139
19 185
5 190
193 168
43 17
102 93
14 7
150 113
64 3
140 86
167 8
19 93
138 65
32 56
131 137
145 17
115 139
114 167
72 127
14 143
67 27
188 69
13 94
48 192
140 18
46 192
102 59
187 16
138 175
61 108
71 26
44 15
127 51
107 44
67 143
81 40
183 155
107 93
30 152
5 42
144 32
114 122
76 111
183 55
127 68
102 78
9 14
32 37
180 14
174 7
127 66
171 16
30 199
5 68
99 141
104 58
159 27
85 13
164 68
114 86
102 135
115 66
5 65
9 160
96 5
139 69
12 3
38 78
19 33
164 21
30 38
5 19
172 117
176 14
174 199
168 91
3 188
37 101
188 82
52 32
145 40
81 66
114 73
116 179
145 162
122 39
19 69
19 171
32 54
13 135
30 8
19 12
61 121
40 173
37 74
136 128
30 162
81 142
4 164
38 77
23 65
64 18
68 87
115 125
13 10
32 68
9 10
32 74
19 87
138 190
81 96
59 136
94 36
38 73
81 4
184 162
85 144
187 171
138 3
19 20
133 69
61 97
68 11
30 74
136 14
176 73
102 27
22 56
6 93
122 73
5 52
13 111
131 40
122 86
114 14
137 82
14 27
184 147
137 115
130 55
184 44
76 86
85 30
130 146
40 138
30 200
107 103
102 136
168 109
32 11
71 14
145 141
106 162
19 96
14 39
40 190
107 15
50 150
25 67
122 1
134 101
105 55
32 65
161 144
138 160
102 13
61 93
137 96
175 127
19 11
36 156
9 59
183 147
26 1
139 125
30 49
120 36
114 75
52 51
145 166
24 111
130 58
183 137
5 36
38 111
81 195
145 43
102 107
152 69
127 69
188 101
184 18
32 93
115 69
171 61
85 59
21 12
134 115
32 51
19 25
122 136
25 93
184 185
30 87
161 31
67 94
145 144
139 23
9 158
102 15
46 48
64 6
40 69
85 158
5 201
187 118
114 47
13 59
110 93
76 102
61 59
5 124
115 23
40 125
127 188
76 49
89 90
81 42
139 36
81 82
19 37
106 146
144 123
61 27
32 69
102 108
76 119
167 7
5 151
19 65
61 37
134 65
69 3
145 18
32 25
61 119
122 176
144 190
127 96
81 131
137 126
71 78
26 123
139 34
28 29
28 92
122 63
103 93
5 40
76 85
114 63
38 103
41 36
183 161
81 164
114 30
38 47
179 197
183 54
120 190
183 130
65 12
67 70
120 88
30 136
138 41
69 137
89 105
188 134
187 19
94 6
130 83
76 26
19 188
64 12
68 56
188 115
165 126
114 71
127 4
150 91
64 56
36 125
81 175
30 93
131 31
102 194
165 17
113 91
127 65
32 34
188 56
122 72
115 36
5 82
127 195
71 143
36 124
32 134
106 169
165 44
145 55
22 130
184 194
76 73
67 93
165 141
40 52
67 43
13 70
183 162
30 1
105 162
43 14
105 17
74 101
164 175
76 74
94 25
174 63
52 34
30 39
105 18
188 137
19 40
9 13
40 152
81 17
52 190
30 26
131 82
5 88
81 188
19 97
131 177
5 81
164 12
167 1
193 95
179 161
176 136
196 202
9 85
5 51
38 72
187 97
21 68
19 51
76 47
5 31
32 94
72 158
30 100
152 19
105 14
36 126
184 169
113 92
5 139
56 147
42 127
71 49
32 4
102 158
101 3
183 169
127 56
40 51
167 200
40 66
40 56
60 28
40 96
81 12
40 82
131 19
115 148
165 162
183 18
134 37
107 159
138 32
30 47
183 22
114 85
38 1
17 18
122 76
159 194
190 3
102 2
115 65
183 157
114 38
102 10
114 77
120 124
76 176
71 85
130 169
144 12
115 88
102 44
65 144
100 78
68 54
176 77
14 44
102 26
120 34
128 142
134 97
40 36
188 41
71 73
134 56
197 157
102 159
14 102
180 75
76 59
167 102
137 93
145 56
48 150
131 50
103 159
120 115
5 156
122 199
64 68
184 146
114 119
115 126
65 3
122 85
105 58
134 36
84 41
32 42
81 41
167 71
19 4
170 115
71 30
119 70
183 99
19 24
73 136
75 117
59 14
190 188
38 14
127 134
167 14
40 34
174 119
76 63
40 137
64 101
24 33
46 168
46 92
50 92
134 74
138 37
68 33
76 25
76 72
30 76
40 32
122 119
122 14
193 109
6 68
122 47
184 144
4 3
19 175
94 108
65 68
184 17
5 142
76 8
38 63
71 7
32 36
102 94
32 20
61 148
9 94
127 12
49 14
145 194
30 73
65 175
183 146
74 25
71 1
127 62
30 122
176 7
115 41
190 171
172 58
145 93
4 65
172 38
167 85
32 21
48 113
184 101
32 115
183 83
42 21
130 87
76 13
52 144
183 90
61 101
48 29
93 68
138 19
113 28
103 2
114 39
32 171
48 178
76 38
69 195
71 39
106 55
5 69
71 100
101 171
128 151
76 14
138 120
40 188
102 9
168 28
164 56
61 44
32 190
180 24
42 4
99 7
71 111
40 151
184 166
65 51
30 77
26 93
74 94
64 151
159 14
19 151
19 101
14 135
41 65
167 78
103 44
145 126
26 77
76 77
76 108
130 162
26 8
5 79
101 97
164 127
127 36
136 191
40 65
5 188
140 58
38 13
64 83
19 23
85 72
122 7
174 72
76 70
71 70
183 53
183 175
99 126
38 119
61 143
183 140
52 23
103 135
167 73
14 26
145 117
174 8
40 31
120 156
167 176
9 2
61 94
105 90
32 66
4 12
138 134
144 51
138 115
5 173
22 3
138 144
122 167
27 44
93 24
104 55
36 190
81 19
9 97
122 111
38 75
183 202
130 54
61 39
52 138
103 15
74 73
19 42
5 34
67 61
61 123
144 3
114 7
36 137
183 121
139 188
81 127
50 31
71 75
184 43
64 17
5 23
38 93
19 41
28 150
107 27
71 86
32 195
23 82
71 176
120 23
32 23
168 113
152 56
41 23
32 64
40 12
127 23
179 186
112 157
139 190
67 119
172 162
30 21
150 92
30 102
13 161
19 115
65 190
32 87
128 69
183 84
95 109
32 188
25 73
130 17
52 152
19 64
23 69
64 147
19 52
24 21
168 92
76 71
184 64
73 77
144 175
183 101
184 55
43 126
20 93
145 147
105 146
114 26
130 18
14 123
127 88
9 70
114 1
76 39
120 32
38 27
176 8
133 128
32 41
115 124
71 47
122 49
137 58
119 143
127 137
59 72
174 26
61 25
130 84
48 91
122 100
114 143
36 101
134 23
81 32
5 3
183 58
100 176
93 111
174 75
13 14
114 78
40 195
81 69
167 77
71 119
190 134
164 65
61 157
159 15
99 14
50 45
81 56
19 68
30 55
52 65
184 165
145 169
165 196
40 120
26 78
138 34
134 41
150 178
6 33
30 106
152 64
71 122
61 36
4 175
103 27
130 140
5 12
104 105
76 7
61 2
184 99
32 6
131 20
13 74
43 44
70 74
114 100
5 152
197 148
43 99
131 113
106 17
122 77
139 120
32 3
48 193
38 39
127 120
134 3
85 191
43 78
138 51
52 120
28 91
184 56
176 1
5 120
107 123
156 68
134 16
5 41
105 106
134 144
50 29
140 163
19 134
25 108
8 73
43 141
127 125
67 74
134 69
30 167
38 26
106 140
40 41
131 149
183 126
136 100
5 66
76 1
57 37
5 134
122 38
71 63
26 63
174 74
30 51
176 47
42 68
165 55
38 143
22 96
144 34
115 22
38 7
197 121
61 74
92 91
81 64
32 24
94 101
128 22
135 15
36 88
127 156
5 127
145 58
46 193
30 72
13 185
122 200
193 149
67 44
61 70
197 170
30 185
139 19
73 123
5 195
50 113
68 20
100 73
32 12
114 8
36 143
46 149
170 139
145 64
188 151
152 127
9 107
65 34
5 137
32 127
102 25
46 113
46 95
13 72
60 29
102 67
61 129
5 133
68 101
134 120
133 151
120 170
103 14
131 134
145 99
5 138
73 108
122 26
22 69
75 122
52 36
184 126
102 103
131 115
131 138
14 77
179 182
183 112
48 92
101 16
114 102
75 86
76 103
127 34
104 90
5 128
116 117
40 22
48 109
193 113
134 51
43 169
72 144
176 102
114 76
42 65
122 70
30 18
14 78
76 75
127 22
106 58
188 195
120 125
193 153
183 171
32 101
114 136
30 119
24 11
13 27
30 24
26 73
32 16
122 78
115 156
184 58
190 127
145 44
19 190
140 137
19 6
5 125
100 14
12 56
172 166
32 97
19 34
38 102
24 6
6 111
174 49
19 82
107 14
19 142
32 175
42 175
146 18
167 63
93 33
76 2
76 100
40 115
145 16
30 14
13 44
30 78
61 10
122 102
134 203
156 151
176 78
176 200
71 38
76 78
122 8
71 102
144 185
3 19
115 96
94 134
42 3
150 45
100 63
30 101
94 51
184 117
5 175
19 66
102 73
38 85
57 19
168 29
103 123
127 40
190 34
19 124
42 164
46 109
151 32
157 148
145 165
131 66
4 21
172 140
14 8
57 101
136 123
2 77
30 41
19 36
30 12
108 74
127 64
71 72
13 26
3 175
23 144
193 192
128 40
14 110
131 23
152 12
139 134
30 176
134 34
32 19
