131 82
134 208
165 99
115 152
197 157
89 90
83 146
139 203
95 193
100 143
7 205
127 190
52 139
83 5
5 52
111 199
65 144
64 146
156 68
185 25
177 41
83 55
4 175
177 46
126 183
183 54
53 17
144 72
8 26
115 32
209 72
136 13
208 19
76 38
50 149
131 178
200 166
5 79
100 72
166 113
172 58
102 44
100 122
4 68
177 69
168 149
168 207
115 137
188 137
90 196
1 25
167 78
48 91
185 146
127 23
204 85
136 86
199 6
204 148
115 139
13 111
124 88
100 47
72 7
204 39
203 144
95 109
134 69
134 170
9 204
177 19
201 131
8 176
131 69
51 134
1 78
150 92
13 10
107 135
5 19
127 156
165 58
204 123
1 77
203 51
125 124
201 17
45 95
208 88
172 166
139 125
185 123
169 90
47 122
194 64
127 137
33 111
26 119
115 203
102 8
29 91
115 65
1 159
137 58
136 200
1 135
32 3
176 77
208 3
21 3
5 175
170 125
201 82
1 26
139 127
204 2
118 97
204 199
207 92
65 208
19 97
14 185
204 101
100 199
40 22
158 160
51 19
139 68
39 205
102 73
5 195
23 207
101 97
195 188
167 200
19 34
9 10
192 91
203 208
115 148
47 38
136 205
204 191
9 158
153 48
199 39
199 77
100 49
170 157
134 125
115 190
52 51
52 156
139 157
100 119
95 48
172 38
188 156
140 163
131 46
139 41
163 148
83 84
117 87
131 66
156 208
190 3
117 54
136 110
1 7
178 149
185 94
26 185
32 101
27 44
13 205
84 106
100 205
133 208
203 137
102 77
33 185
209 181
34 32
190 101
172 140
158 136
78 26
76 85
194 117
177 149
76 47
83 87
115 64
173 66
9 13
208 197
115 128
102 14
162 126
165 184
147 106
118 94
100 176
51 195
52 88
3 128
30 102
159 205
158 70
208 32
78 73
23 134
9 72
47 77
158 44
167 72
76 122
126 166
133 137
52 22
3 19
5 22
173 88
167 77
90 33
13 70
46 48
146 18
167 76
34 125
127 34
76 49
60 150
53 84
168 150
136 94
169 99
131 29
5 65
73 158
117 122
30 75
201 64
1 191
53 101
104 106
204 94
103 135
52 195
196 206
73 119
177 23
192 113
197 148
194 205
153 46
123 205
201 34
75 122
194 40
5 133
68 173
100 73
176 14
26 49
192 48
52 64
91 92
50 45
102 67
167 26
201 41
115 208
177 29
47 75
136 159
75 179
201 190
134 144
40 139
133 175
9 27
32 190
131 149
131 113
27 15
13 73
85 155
52 207
180 122
5 208
76 73
5 173
102 108
100 136
6 39
197 126
181 148
127 32
127 124
135 15
203 68
14 27
104 18
40 62
181 144
52 127
188 23
76 102
134 34
45 113
190 65
131 150
15 44
127 51
124 68
7 44
34 156
178 41
115 88
104 202
26 199
77 200
176 7
14 44
195 41
168 92
179 186
158 85
204 74
103 44
25 129
23 208
50 92
78 75
115 22
158 10
52 68
103 15
73 185
134 124
147 83
115 207
203 32
26 136
127 96
147 55
89 206
51 69
158 191
52 66
106 55
201 170
207 125
77 136
32 20
161 43
64 18
65 51
175 137
136 191
32 152
139 207
1 14
19 52
204 185
209 74
201 208
201 96
13 72
115 34
85 13
75 205
46 92
194 43
78 205
52 152
49 185
76 199
5 124
134 195
188 19
181 170
83 169
176 200
46 109
108 206
204 157
1 94
32 111
53 18
104 17
177 137
160 198
77 191
207 68
6 54
30 167
1 103
188 128
181 112
25 123
5 201
134 175
131 32
127 134
115 126
102 78
203 207
14 67
115 124
5 207
173 156
102 25
177 134
136 10
53 87
27 123
30 86
76 75
159 107
194 166
30 26
104 146
83 186
127 88
102 27
30 136
84 29
177 32
200 205
104 162
52 190
203 3
192 193
5 139
190 207
9 206
1 107
90 206
201 188
203 160
53 162
13 199
168 29
147 22
134 207
85 191
49 72
188 134
73 123
14 7
173 51
153 95
15 14
208 20
52 170
204 27
52 125
167 1
136 143
140 86
14 25
9 107
127 19
196 10
201 40
34 195
203 19
1 9
207 170
5 23
129 97
193 109
78 77
209 2
159 194
14 85
9 59
199 123
155 66
190 170
30 47
30 77
40 34
86 77
181 191
75 117
113 91
127 101
178 46
150 109
134 88
201 175
65 3
9 14
177 84
45 29
9 191
204 25
77 205
76 1
58 84
23 128
147 146
76 200
158 2
73 1
13 94
13 44
5 125
185 39
139 208
58 30
169 196
208 166
100 76
147 54
147 58
179 196
143 7
7 136
136 72
83 163
136 135
77 26
4 81
192 168
188 88
203 23
176 76
172 163
83 161
153 192
208 128
1 15
115 51
194 144
9 94
170 188
178 48
209 95
23 82
95 178
188 34
8 167
172 162
188 175
76 78
168 193
207 157
147 53
163 121
134 101
136 108
115 40
49 14
183 75
85 102
104 90
73 94
176 1
50 91
204 208
32 33
100 38
52 96
106 162
181 157
162 197
129 162
102 26
177 66
118 129
140 18
203 175
134 3
208 148
66 3
6 185
30 122
157 148
127 128
194 44
5 51
203 134
124 148
143 135
176 110
83 17
102 123
90 105
60 45
108 123
190 134
8 1
58 162
39 11
32 68
52 40
78 200
64 147
168 46
134 32
83 162
127 3
115 173
159 44
167 102
76 119
53 169
50 46
92 48
168 113
52 128
8 200
128 156
206 105
1 200
86 205
45 92
159 14
104 105
32 6
131 50
83 47
52 188
102 103
115 133
127 208
73 204
201 207
76 143
209 194
101 118
206 10
83 53
204 70
207 124
106 169
14 73
40 66
136 15
5 69
1 10
26 176
147 18
127 195
50 150
58 140
76 111
14 123
30 55
1 27
103 136
115 96
5 203
26 123
14 108
63 122
204 108
26 39
106 17
103 123
14 107
167 136
103 73
27 107
127 133
170 126
178 177
127 22
127 203
193 113
195 69
73 143
158 15
14 110
127 152
167 14
78 136
11 111
49 200
83 11
72 127
200 26
162 166
204 14
23 170
103 27
53 54
121 181
113 92
13 74
50 178
134 139
173 3
209 25
83 58
30 205
21 32
48 60
208 11
201 127
60 29
86 78
34 3
134 128
89 105
168 109
5 152
158 17
136 85
14 10
21 150
25 101
153 91
58 17
177 150
147 84
188 139
204 67
49 77
159 27
73 205
27 205
103 107
161 186
127 207
78 7
14 94
9 103
53 55
101 171
127 65
90 10
136 59
128 175
1 102
5 82
115 127
131 41
8 136
187 171
83 54
188 82
104 196
25 108
1 108
49 123
14 39
102 10
136 25
177 50
5 96
192 60
104 58
167 73
208 101
5 188
76 7
68 128
73 136
65 68
178 113
127 125
128 69
167 176
104 206
137 40
58 53
140 137
7 99
13 158
19 190
115 3
190 139
168 48
177 192
178 92
100 30
203 82
8 78
199 75
206 129
27 194
155 34
76 26
4 127
40 69
178 150
70 85
204 129
176 86
60 92
58 54
100 26
158 102
103 14
53 146
13 27
190 208
1 44
100 77
83 140
9 2
13 59
5 32
64 53
26 110
136 67
5 3
131 177
193 48
102 135
76 205
208 68
131 115
50 60
168 178
168 50
14 205
115 54
175 32
156 23
127 66
177 40
6 26
192 149
5 115
136 123
25 206
157 112
125 19
76 70
167 85
84 60
8 73
100 167
8 199
176 47
209 54
52 124
100 200
177 208
19 171
197 170
5 128
168 95
170 148
26 205
8 47
201 195
8 76
136 119
14 143
165 44
150 91
86 75
201 66
136 49
113 150
194 99
209 129
100 7
177 203
26 72
72 191
5 127
136 44
170 121
76 63
45 149
83 30
23 69
30 18
51 155
26 191
136 199
208 112
147 162
68 88
52 82
113 149
155 3
58 18
46 193
202 196
13 135
127 64
46 150
48 150
201 115
8 77
208 125
1 158
89 196
179 197
106 140
58 22
60 113
34 207
100 78
5 156
172 117
162 186
197 181
94 123
115 69
173 40
45 46
159 103
167 63
176 199
115 101
209 85
201 69
158 135
115 175
102 15
192 109
204 143
52 208
53 106
49 86
25 121
115 68
166 29
46 192
19 101
9 44
100 169
8 14
103 205
32 57
115 125
73 191
100 14
7 73
52 173
48 113
178 91
167 7
208 207
45 178
124 25
135 14
7 102
152 3
208 51
8 205
87 18
136 107
47 73
13 26
208 195
127 40
110 30
32 69
203 34
169 206
102 159
129 55
207 29
155 68
52 34
44 205
127 69
65 128
64 106
188 32
168 91
84 41
190 34
146 54
76 136
208 69
117 101
9 97
78 143
115 195
100 1
204 206
131 23
5 68
204 171
14 136
29 113
135 27
102 94
32 64
4 3
1 205
83 106
4 65
83 22
172 86
204 121
9 70
73 200
206 123
139 34
26 86
73 27
127 82
159 135
102 185
204 119
176 20
14 191
5 40
34 128
50 29
194 18
23 195
209 105
89 10
77 73
45 91
100 85
9 160
167 205
131 208
52 3
192 95
47 49
158 94
5 170
66 65
108 185
143 119
133 128
199 14
207 148
103 185
185 199
111 39
188 3
127 170
1 199
42 3
19 115
5 34
188 125
26 73
6 111
100 75
103 194
153 92
127 68
136 111
208 54
34 88
153 149
14 86
127 173
64 3
13 161
169 10
40 175
124 208
103 2
115 23
118 171
204 38
188 69
104 55
3 22
30 76
115 170
52 23
209 97
60 91
14 99
158 72
102 191
9 85
19 134
58 55
153 109
5 190
176 78
204 59
5 66
158 14
14 38
129 105
102 205
197 121
209 198
210 198
208 126
29 150
1 136
1 67
1 123
155 131
34 69
34 124
153 113
40 64
177 115
30 70
100 70
40 133
136 38
129 101
13 123
202 89
30 38
32 11
102 107
143 75
30 85
83 101
3 68
13 185
147 30
163 181
47 199
131 134
155 144
52 133
13 14
46 91
66 51
188 115
207 126
153 168
102 200
127 62
34 208
125 148
32 19
136 185
30 106
201 32
45 48
40 128
131 20
176 102
52 175
115 66
152 19
139 36
136 27
203 65
83 18
188 208
6 18
194 162
192 92
115 156
29 92
40 68
52 69
177 113
8 7
200 14
125 68
100 102
143 74
76 14
40 203
102 9
45 109
115 52
46 113
32 87
49 78
100 39
65 32
117 169
204 97
102 136
161 144
177 193
66 68
209 161
136 9
72 85
204 10
115 134
177 82
84 178
76 77
76 72
159 2
5 88
106 58
50 113
46 149
86 58
131 137
176 73
170 208
1 13
176 136
58 146
201 173
161 166
115 82
143 94
72 155
194 147
40 51
49 30
180 75
30 1
100 111
108 94
156 207
203 88
52 203
159 123
52 65
159 15
33 6
1 185
53 140
8 63
139 170
76 39
103 200
188 127
25 94
127 54
147 17
65 23
100 86
26 14
5 137
101 206
27 185
147 140
134 156
52 32
204 15
131 19
131 40
53 185
203 190
9 15
143 39
13 191
102 13
176 205
115 197
199 49
100 63
188 190
86 18
30 176
86 73
32 54
182 160
170 34
48 109
49 73
26 143
111 185
89 33
100 8
127 175
73 25
159 185
14 77
106 146
85 144
134 65
146 17
26 111
46 95
118 187
49 143
178 29
153 193
83 166
204 49
194 16
