29 41 45 46 48 50 60 91 92 95 109 113 131 149 150 153 168 177 178 192 193 
1 2 7 8 9 10 11 13 14 15 20 25 26 27 30 38 39 44 47 49 59 63 64 67 70 72 73 74 75 76 77 78 85 86 94 97 100 101 102 103 107 108 110 111 112 119 122 123 126 135 136 143 148 157 158 159 162 167 176 185 191 194 197 199 200 204 205 206 208 
3 4 5 11 18 19 20 22 23 32 34 40 41 51 52 53 54 58 62 64 65 66 68 69 79 87 88 96 97 101 115 119 124 125 126 127 128 131 133 134 137 139 148 152 156 157 169 170 171 173 175 177 183 188 190 195 197 201 203 207 208 
121 126 181 197 
89 90 104 105 196 202 206 
17 18 22 30 47 53 54 55 58 62 64 75 83 84 86 87 104 106 117 140 146 147 162 169 183 194 
97 118 171 187 
6 19 21 32 33 111 
198 202 210 
72 144 155 
83 161 186 
126 166 179 
