162 117
208 143
150 109
43 126
5 134
206 204
76 78
5 115
72 191
153 95
87 146
167 1
64 18
39 11
143 72
185 206
9 85
5 156
131 208
178 46
50 92
202 196
46 45
87 54
123 185
40 146
51 54
92 113
131 50
131 69
75 86
167 47
208 39
83 84
147 146
9 59
123 143
46 150
40 88
185 208
153 193
5 65
83 30
75 111
168 48
60 92
168 109
115 207
72 59
197 166
150 92
147 22
26 136
86 73
119 204
131 115
51 208
185 205
51 39
123 111
9 206
168 46
64 83
90 185
9 160
50 150
46 29
101 55
73 27
19 101
75 200
9 103
64 169
64 41
29 84
83 75
83 140
206 129
168 193
131 46
46 149
101 74
144 72
150 95
9 94
111 39
153 46
208 115
111 199
131 178
131 177
90 101
199 119
25 208
117 87
5 173
83 117
197 170
55 185
162 101
143 199
167 76
115 101
86 10
150 178
9 27
208 10
5 52
75 179
39 199
92 48
126 166
139 207
90 33
131 40
19 207
178 41
38 200
14 59
73 76
83 106
119 70
208 49
39 54
60 29
9 13
9 44
55 208
54 199
64 58
9 14
50 29
86 123
115 34
115 69
123 39
86 199
119 111
19 190
5 125
101 171
50 45
86 63
105 202
100 72
9 191
50 46
139 208
153 109
117 169
95 48
64 40
92 45
203 144
40 68
5 79
197 121
29 91
117 54
5 3
167 176
199 136
147 106
119 39
167 8
197 181
199 10
64 101
19 175
14 200
64 69
50 113
46 48
147 18
101 106
5 139
105 206
76 14
111 143
29 150
5 201
199 14
40 96
197 126
115 68
101 97
39 115
68 51
9 97
199 67
75 169
105 129
83 18
5 51
146 106
70 136
167 85
206 196
5 188
127 40
5 207
113 41
153 48
185 199
29 113
9 158
90 58
83 146
73 123
126 101
115 19
185 196
5 190
75 122
109 113
19 34
143 39
111 185
193 109
117 18
162 166
139 40
86 27
5 152
90 196
48 113
208 11
83 54
75 22
64 79
127 22
158 72
105 104
86 185
39 10
91 113
87 169
192 109
158 1
180 49
153 91
147 53
40 19
64 177
158 136
51 11
78 73
70 204
131 19
197 148
19 3
9 70
153 192
64 115
40 69
143 70
100 14
5 34
101 54
60 113
73 25
153 92
9 204
150 113
162 30
5 133
60 91
90 206
64 53
14 102
5 208
119 25
115 49
90 162
55 197
40 34
64 106
47 30
5 22
5 203
78 86
169 146
5 88
143 119
90 55
155 144
90 146
5 23
64 5
14 136
207 208
64 96
83 17
43 161
168 95
158 102
105 196
40 3
90 129
161 166
139 34
83 53
121 148
117 146
50 149
46 92
38 14
5 68
64 147
40 51
5 40
115 3
208 199
193 95
147 30
64 173
47 38
92 91
150 60
90 18
19 134
90 169
9 107
73 199
64 3
50 178
49 200
19 32
14 70
147 83
95 109
131 41
9 2
83 183
53 22
131 121
25 199
14 26
25 206
75 143
199 123
50 91
6 111
131 150
46 109
199 191
5 66
113 45
19 69
39 117
150 177
206 10
197 157
139 115
9 15
197 101
46 84
150 91
19 208
199 27
131 113
149 178
149 29
167 72
90 54
46 95
149 113
47 49
5 175
202 210
5 19
199 101
40 208
19 171
87 11
5 69
46 193
64 188
38 49
39 25
208 148
29 178
75 64
40 115
5 170
83 169
72 38
105 90
131 29
117 58
5 124
9 135
101 10
83 22
11 54
5 127
101 206
5 32
51 87
73 26
86 111
111 205
111 73
101 200
5 128
14 123
100 73
199 110
25 111
29 92
199 72
83 58
5 137
40 207
19 97
46 113
131 149
72 73
166 72
90 17
73 102
14 1
39 49
162 100
5 195
46 91
75 117
5 96
39 70
199 102
153 149
48 60
14 49
162 205
64 62
25 10
180 11
158 14
64 39
199 78
167 100
